worker,sequence,query_id,pass,policy,latency_us,exact_evals
0,0,0,0,0,188.43799999999999,0
0,1,8,0,0,187.10599999999999,0
0,2,16,0,0,199.30000000000001,0
0,3,24,0,0,187.886,0
0,4,32,0,0,185.06999999999999,0
0,5,40,0,0,196.30099999999999,0
0,6,48,0,0,203.804,0
0,7,56,0,0,159.94800000000001,0
0,8,64,0,0,198.684,0
0,9,72,0,0,180.21299999999999,0
0,10,80,0,0,193.25800000000001,0
0,11,88,0,0,190.33799999999999,0
0,12,96,0,0,188.95599999999999,0
0,13,104,0,0,160.559,0
0,14,112,0,0,191.059,0
0,15,120,0,0,191.93799999999999,0
0,16,128,0,0,187.072,0
0,17,136,0,0,188.69300000000001,0
0,18,144,0,0,175.947,0
0,19,152,0,0,156.613,0
0,20,160,0,0,169.21600000000001,0
0,21,168,0,0,183.56200000000001,0
0,22,176,0,0,197.08500000000001,0
0,23,184,0,0,146.053,0
0,24,192,0,0,173.69499999999999,0
0,25,200,0,0,182.34100000000001,0
0,26,208,0,0,158.881,0
0,27,216,0,0,138.827,0
0,28,224,0,0,182.61000000000001,0
0,29,232,0,0,196.65899999999999,0
0,30,240,0,0,147.42500000000001,0
0,31,248,0,0,174.39699999999999,0
0,32,256,0,0,171.18199999999999,0
0,33,264,0,0,139.25999999999999,0
0,34,272,0,0,182.51400000000001,0
0,35,280,0,0,166.40000000000001,0
0,36,288,0,0,195.09100000000001,0
0,37,296,0,0,172.678,0
0,38,304,0,0,127.898,0
0,39,312,0,0,135.851,0
0,40,320,0,0,155.239,0
0,41,328,0,0,159.226,0
0,42,336,0,0,181.483,0
0,43,344,0,0,174.12299999999999,0
0,44,352,0,0,177.923,0
0,45,360,0,0,185.292,0
0,46,368,0,0,192.16900000000001,0
0,47,376,0,0,174.166,0
0,48,384,0,0,201.27600000000001,0
0,49,392,0,0,199.351,0
0,50,400,0,0,160.976,0
0,51,408,0,0,177.393,0
0,52,416,0,0,229.06999999999999,0
0,53,424,0,0,163.404,0
0,54,432,0,0,194.97999999999999,0
0,55,440,0,0,179.87100000000001,0
0,56,448,0,0,187.57900000000001,0
0,57,456,0,0,206.06800000000001,0
0,58,464,0,0,126.202,0
0,59,472,0,0,197.797,0
0,60,480,0,0,145.23400000000001,0
0,61,488,0,0,154.97399999999999,0
0,62,496,0,0,187.976,0
0,63,504,0,0,170.262,0
0,64,512,0,0,168.49000000000001,0
0,65,520,0,0,134.33000000000001,0
0,66,528,0,0,123.399,0
0,67,536,0,0,155.89400000000001,0
0,68,544,0,0,193.97,0
0,69,552,0,0,189.625,0
0,70,560,0,0,185.40000000000001,0
0,71,568,0,0,166.48599999999999,0
0,72,576,0,0,175.916,0
0,73,584,0,0,183.922,0
0,74,592,0,0,202.714,0
0,75,600,0,0,163.179,0
0,76,608,0,0,176.191,0
0,77,616,0,0,181.61799999999999,0
0,78,624,0,0,178.93899999999999,0
0,79,632,0,0,180.786,0
0,80,640,0,0,224.25200000000001,0
0,81,648,0,0,160.49000000000001,0
0,82,656,0,0,173.434,0
0,83,664,0,0,141.98099999999999,0
0,84,672,0,0,185.245,0
0,85,680,0,0,180.17599999999999,0
0,86,688,0,0,177.965,0
0,87,696,0,0,135.33699999999999,0
0,88,704,0,0,141.685,0
0,89,712,0,0,198.595,0
0,90,720,0,0,164.15899999999999,0
0,91,728,0,0,175.43799999999999,0
0,92,736,0,0,194.941,0
0,93,744,0,0,194.697,0
0,94,752,0,0,189.49600000000001,0
0,95,760,0,0,171.38499999999999,0
0,96,768,0,0,190.55699999999999,0
0,97,776,0,0,185.10400000000001,0
0,98,784,0,0,146.512,0
0,99,792,0,0,193.65799999999999,0
0,100,800,0,0,163.23699999999999,0
0,101,808,0,0,192.03899999999999,0
0,102,816,0,0,213.15299999999999,0
0,103,824,0,0,186.08000000000001,0
0,104,832,0,0,183.74600000000001,0
0,105,840,0,0,174.32499999999999,0
0,106,848,0,0,176.10400000000001,0
0,107,856,0,0,193.54900000000001,0
0,108,864,0,0,178.011,0
0,109,872,0,0,199.846,0
0,110,880,0,0,183.39400000000001,0
0,111,888,0,0,208.07900000000001,0
0,112,896,0,0,160.99700000000001,0
0,113,904,0,0,169.452,0
0,114,912,0,0,200.89099999999999,0
0,115,920,0,0,164.864,0
0,116,928,0,0,188.63300000000001,0
0,117,936,0,0,185.577,0
0,118,944,0,0,154.21600000000001,0
0,119,952,0,0,177.45400000000001,0
0,120,960,0,0,166.108,0
0,121,968,0,0,182.47,0
0,122,976,0,0,171.07599999999999,0
0,123,984,0,0,186.03399999999999,0
0,124,992,0,0,168.30699999999999,0
0,125,1000,0,0,198.197,0
0,126,1008,0,0,192.75399999999999,0
0,127,1016,0,0,186.86000000000001,0
0,128,1024,0,0,142.39400000000001,0
0,129,1032,0,0,137.01300000000001,0
0,130,1040,0,0,142.44200000000001,0
0,131,1048,0,0,168.155,0
0,132,1056,0,0,197.226,0
0,133,1064,0,0,146.09800000000001,0
0,134,1072,0,0,155.33500000000001,0
0,135,1080,0,0,198.768,0
0,136,1088,0,0,194.023,0
0,137,1096,0,0,162.88399999999999,0
0,138,1104,0,0,155.49000000000001,0
0,139,1112,0,0,169.94300000000001,0
0,140,1120,0,0,183.887,0
0,141,1128,0,0,171.51599999999999,0
0,142,1136,0,0,162.63200000000001,0
0,143,1144,0,0,190.482,0
0,144,1152,0,0,175.18299999999999,0
0,145,1160,0,0,126.657,0
0,146,1168,0,0,197.785,0
0,147,1176,0,0,176.80199999999999,0
0,148,1184,0,0,183.185,0
0,149,1192,0,0,165.38800000000001,0
0,150,1200,0,0,114.673,0
0,151,1208,0,0,192.57499999999999,0
0,152,1216,0,0,137.30199999999999,0
0,153,1224,0,0,155.607,0
0,154,1232,0,0,195.72300000000001,0
0,155,1240,0,0,189.971,0
0,156,1248,0,0,158.999,0
0,157,1256,0,0,152.77099999999999,0
0,158,1264,0,0,189.43799999999999,0
0,159,1272,0,0,145.24199999999999,0
0,160,1280,0,0,172.97200000000001,0
0,161,1288,0,0,172.321,0
0,162,1296,0,0,178.59800000000001,0
0,163,1304,0,0,188.95599999999999,0
0,164,1312,0,0,199.893,0
0,165,1320,0,0,179.322,0
0,166,1328,0,0,203.72200000000001,0
0,167,1336,0,0,175.57599999999999,0
0,168,1344,0,0,167.322,0
0,169,1352,0,0,185.602,0
0,170,1360,0,0,201.31100000000001,0
0,171,1368,0,0,140.392,0
0,172,1376,0,0,157.78,0
0,173,1384,0,0,142.18100000000001,0
0,174,1392,0,0,163.74600000000001,0
0,175,1400,0,0,180.178,0
0,176,1408,0,0,184.761,0
0,177,1416,0,0,185.09700000000001,0
0,178,1424,0,0,155.624,0
0,179,1432,0,0,184.19499999999999,0
0,180,1440,0,0,149.06299999999999,0
0,181,1448,0,0,183.62,0
0,182,1456,0,0,178.654,0
0,183,1464,0,0,165.512,0
0,184,1472,0,0,158.38800000000001,0
0,185,1480,0,0,110.405,0
0,186,1488,0,0,193.10499999999999,0
0,187,1496,0,0,180.93799999999999,0
0,188,1504,0,0,126.092,0
0,189,1512,0,0,183.518,0
0,190,1520,0,0,154.745,0
0,191,1528,0,0,175.75200000000001,0
0,192,1536,0,0,187.16499999999999,0
0,193,1544,0,0,167.22,0
0,194,1552,0,0,200.54900000000001,0
0,195,1560,0,0,200.28399999999999,0
0,196,1568,0,0,177.941,0
0,197,1576,0,0,191.01499999999999,0
0,198,1584,0,0,181.786,0
0,199,1592,0,0,177.917,0
0,200,1600,0,0,202.22800000000001,0
0,201,1608,0,0,183.102,0
0,202,1616,0,0,185.96299999999999,0
0,203,1624,0,0,186.71299999999999,0
0,204,1632,0,0,146.19399999999999,0
0,205,1640,0,0,197.46199999999999,0
0,206,1648,0,0,174.857,0
0,207,1656,0,0,210.08099999999999,0
0,208,1664,0,0,180.89400000000001,0
0,209,1672,0,0,176.614,0
0,210,1680,0,0,121.554,0
0,211,1688,0,0,155.11699999999999,0
0,212,1696,0,0,179.81299999999999,0
0,213,1704,0,0,190.43799999999999,0
0,214,1712,0,0,130.53700000000001,0
0,215,1720,0,0,207.06800000000001,0
0,216,1728,0,0,175.267,0
0,217,1736,0,0,194.01400000000001,0
0,218,1744,0,0,155.32499999999999,0
0,219,1752,0,0,153.72,0
0,220,1760,0,0,165.29300000000001,0
0,221,1768,0,0,160.54300000000001,0
0,222,1776,0,0,178.47300000000001,0
0,223,1784,0,0,201.328,0
0,224,1792,0,0,153.06999999999999,0
0,225,1800,0,0,166.38499999999999,0
0,226,1808,0,0,194.75200000000001,0
0,227,1816,0,0,158.49000000000001,0
0,228,1824,0,0,184.49299999999999,0
0,229,1832,0,0,181.91800000000001,0
0,230,1840,0,0,164.30799999999999,0
0,231,1848,0,0,170.953,0
0,232,1856,0,0,185.47900000000001,0
0,233,1864,0,0,180.72,0
0,234,1872,0,0,186.22399999999999,0
0,235,1880,0,0,192.512,0
0,236,1888,0,0,189.316,0
0,237,1896,0,0,185.06,0
0,238,1904,0,0,180.21199999999999,0
0,239,1912,0,0,204.16499999999999,0
0,240,1920,0,0,165.74600000000001,0
0,241,1928,0,0,133.84399999999999,0
0,242,1936,0,0,202.887,0
0,243,1944,0,0,185.887,0
0,244,1952,0,0,205.46899999999999,0
0,245,1960,0,0,185.51900000000001,0
0,246,1968,0,0,148.11500000000001,0
0,247,1976,0,0,175.70599999999999,0
0,248,1984,0,0,145.21799999999999,0
0,249,1992,0,0,208.63499999999999,0
0,250,2000,0,0,206.21100000000001,0
0,251,2008,0,0,184.46799999999999,0
0,252,2016,0,0,199.00700000000001,0
0,253,2024,0,0,187.26599999999999,0
0,254,2032,0,0,175.07900000000001,0
0,255,2040,0,0,166.90299999999999,0
0,256,2048,0,0,144.39099999999999,0
0,257,2056,0,0,185.35300000000001,0
0,258,2064,0,0,174.40700000000001,0
0,259,2072,0,0,166.49299999999999,0
0,260,2080,0,0,177.15199999999999,0
0,261,2088,0,0,156.53999999999999,0
0,262,2096,0,0,168.37799999999999,0
0,263,2104,0,0,195.48400000000001,0
0,264,2112,0,0,197.55500000000001,0
0,265,2120,0,0,186.18299999999999,0
0,266,2128,0,0,188.167,0
0,267,2136,0,0,195.93899999999999,0
0,268,2144,0,0,136.995,0
0,269,2152,0,0,177.73500000000001,0
0,270,2160,0,0,150.989,0
0,271,2168,0,0,210.398,0
0,272,2176,0,0,177.04900000000001,0
0,273,2184,0,0,197.512,0
0,274,2192,0,0,172.595,0
0,275,2200,0,0,155.113,0
0,276,2208,0,0,191.64500000000001,0
0,277,2216,0,0,203.36699999999999,0
0,278,2224,0,0,189.023,0
0,279,2232,0,0,188.26599999999999,0
0,280,2240,0,0,169.328,0
0,281,2248,0,0,170.714,0
0,282,2256,0,0,172.59700000000001,0
0,283,2264,0,0,164.964,0
0,284,2272,0,0,182.262,0
0,285,2280,0,0,174.44300000000001,0
0,286,2288,0,0,160.36099999999999,0
0,287,2296,0,0,168.971,0
0,288,2304,0,0,130.523,0
0,289,2312,0,0,194.84200000000001,0
0,290,2320,0,0,187.709,0
0,291,2328,0,0,184.809,0
0,292,2336,0,0,189.04300000000001,0
0,293,2344,0,0,154.36699999999999,0
0,294,2352,0,0,187.31299999999999,0
0,295,2360,0,0,200.24199999999999,0
0,296,2368,0,0,167.25200000000001,0
0,297,2376,0,0,163.697,0
0,298,2384,0,0,182.65199999999999,0
0,299,2392,0,0,143.63300000000001,0
0,300,2400,0,0,179.923,0
0,301,2408,0,0,137.785,0
0,302,2416,0,0,179.28999999999999,0
0,303,2424,0,0,183.881,0
0,304,2432,0,0,168.86099999999999,0
0,305,2440,0,0,183.04499999999999,0
0,306,2448,0,0,139.64400000000001,0
0,307,2456,0,0,157.65899999999999,0
0,308,2464,0,0,155.477,0
0,309,2472,0,0,177.11600000000001,0
0,310,2480,0,0,179.458,0
0,311,2488,0,0,176.25899999999999,0
0,312,2496,0,0,168.39400000000001,0
0,313,2504,0,0,171.31999999999999,0
0,314,2512,0,0,182.98500000000001,0
0,315,2520,0,0,193.477,0
0,316,2528,0,0,182.80799999999999,0
0,317,2536,0,0,145.648,0
0,318,2544,0,0,188.559,0
0,319,2552,0,0,171.52500000000001,0
0,320,2560,0,0,140.32400000000001,0
0,321,2568,0,0,164.261,0
0,322,2576,0,0,178.31700000000001,0
0,323,2584,0,0,173.63900000000001,0
0,324,2592,0,0,180.197,0
0,325,2600,0,0,204.376,0
0,326,2608,0,0,181.876,0
0,327,2616,0,0,158.733,0
0,328,2624,0,0,137.68299999999999,0
0,329,2632,0,0,190.845,0
0,330,2640,0,0,203.81,0
0,331,2648,0,0,180.75899999999999,0
0,332,2656,0,0,189.143,0
0,333,2664,0,0,128.56200000000001,0
0,334,2672,0,0,221.14400000000001,0
0,335,2680,0,0,162.81999999999999,0
0,336,2688,0,0,187.886,0
0,337,2696,0,0,197.02000000000001,0
0,338,2704,0,0,166.505,0
0,339,2712,0,0,175.06,0
0,340,2720,0,0,194.07900000000001,0
0,341,2728,0,0,146.40600000000001,0
0,342,2736,0,0,192.809,0
0,343,2744,0,0,165.64400000000001,0
0,344,2752,0,0,205.16900000000001,0
0,345,2760,0,0,181.80099999999999,0
0,346,2768,0,0,180.30600000000001,0
0,347,2776,0,0,198.28999999999999,0
0,348,2784,0,0,184.399,0
0,349,2792,0,0,184.81899999999999,0
0,350,2800,0,0,191.065,0
0,351,2808,0,0,190.37100000000001,0
0,352,2816,0,0,158.26400000000001,0
0,353,2824,0,0,187.58000000000001,0
0,354,2832,0,0,185.29599999999999,0
0,355,2840,0,0,183.84,0
0,356,2848,0,0,195.548,0
0,357,2856,0,0,173.25399999999999,0
0,358,2864,0,0,180.05199999999999,0
0,359,2872,0,0,184.78700000000001,0
0,360,2880,0,0,164.96600000000001,0
0,361,2888,0,0,179.988,0
0,362,2896,0,0,155.49700000000001,0
0,363,2904,0,0,197.983,0
0,364,2912,0,0,202.21700000000001,0
0,365,2920,0,0,152.47800000000001,0
0,366,2928,0,0,185.566,0
0,367,2936,0,0,134.22800000000001,0
0,368,2944,0,0,185.93299999999999,0
0,369,2952,0,0,154.33199999999999,0
0,370,2960,0,0,188.95599999999999,0
0,371,2968,0,0,171.44999999999999,0
0,372,2976,0,0,175.93799999999999,0
0,373,2984,0,0,124.43000000000001,0
0,374,2992,0,0,178.40899999999999,0
0,375,3000,0,0,183.23099999999999,0
0,376,3008,0,0,160.31800000000001,0
0,377,3016,0,0,184.28800000000001,0
0,378,3024,0,0,179.37700000000001,0
0,379,3032,0,0,224.072,0
0,380,3040,0,0,190.286,0
0,381,3048,0,0,185.73599999999999,0
0,382,3056,0,0,188.12899999999999,0
0,383,3064,0,0,166.351,0
0,384,3072,0,0,186.571,0
0,385,3080,0,0,197.381,0
0,386,3088,0,0,155.78,0
0,387,3096,0,0,173.858,0
0,388,3104,0,0,173.78,0
0,389,3112,0,0,180.017,0
0,390,3120,0,0,191.071,0
0,391,3128,0,0,173.16200000000001,0
0,392,3136,0,0,180.41499999999999,0
0,393,3144,0,0,183.23500000000001,0
0,394,3152,0,0,166.62,0
0,395,3160,0,0,186.72399999999999,0
0,396,3168,0,0,133.91200000000001,0
0,397,3176,0,0,181.803,0
0,398,3184,0,0,201.14099999999999,0
0,399,3192,0,0,191.33799999999999,0
0,400,3200,0,0,174.221,0
0,401,3208,0,0,154.80099999999999,0
0,402,3216,0,0,194.744,0
0,403,3224,0,0,173.55699999999999,0
0,404,3232,0,0,194.57300000000001,0
0,405,3240,0,0,171.75299999999999,0
0,406,3248,0,0,151.68000000000001,0
0,407,3256,0,0,183.74600000000001,0
0,408,3264,0,0,173.96100000000001,0
0,409,3272,0,0,158.22200000000001,0
0,410,3280,0,0,199.01499999999999,0
0,411,3288,0,0,187.12799999999999,0
0,412,3296,0,0,169.124,0
0,413,3304,0,0,149.65700000000001,0
0,414,3312,0,0,185.71100000000001,0
0,415,3320,0,0,157.922,0
0,416,3328,0,0,174.43199999999999,0
0,417,3336,0,0,191.58699999999999,0
0,418,3344,0,0,207.09,0
0,419,3352,0,0,150.28700000000001,0
0,420,3360,0,0,159.91499999999999,0
0,421,3368,0,0,151.86600000000001,0
0,422,3376,0,0,140.565,0
0,423,3384,0,0,178.17699999999999,0
0,424,3392,0,0,195.60499999999999,0
0,425,3400,0,0,167.56800000000001,0
0,426,3408,0,0,209.626,0
0,427,3416,0,0,173.709,0
0,428,3424,0,0,152.512,0
0,429,3432,0,0,187.67400000000001,0
0,430,3440,0,0,194.17599999999999,0
0,431,3448,0,0,184.029,0
0,432,3456,0,0,199.07499999999999,0
0,433,3464,0,0,124.47,0
0,434,3472,0,0,168.56899999999999,0
0,435,3480,0,0,213.22999999999999,0
0,436,3488,0,0,165.66,0
0,437,3496,0,0,186.13300000000001,0
0,438,3504,0,0,159.202,0
0,439,3512,0,0,185.636,0
0,440,3520,0,0,133.84100000000001,0
0,441,3528,0,0,183.07400000000001,0
0,442,3536,0,0,187.00200000000001,0
0,443,3544,0,0,173.00999999999999,0
0,444,3552,0,0,174.864,0
0,445,3560,0,0,185.16999999999999,0
0,446,3568,0,0,142.72999999999999,0
0,447,3576,0,0,178.303,0
0,448,3584,0,0,177.78800000000001,0
0,449,3592,0,0,217.291,0
0,450,3600,0,0,200.59399999999999,0
0,451,3608,0,0,204.679,0
0,452,3616,0,0,129.02500000000001,0
0,453,3624,0,0,174.53999999999999,0
0,454,3632,0,0,180.55500000000001,0
0,455,3640,0,0,172.251,0
0,456,3648,0,0,177.68299999999999,0
0,457,3656,0,0,182.56200000000001,0
0,458,3664,0,0,171.78,0
0,459,3672,0,0,145.863,0
0,460,3680,0,0,158.72200000000001,0
0,461,3688,0,0,185.60599999999999,0
0,462,3696,0,0,187.83199999999999,0
0,463,3704,0,0,168.30699999999999,0
0,464,3712,0,0,150.09899999999999,0
0,465,3720,0,0,193.26900000000001,0
0,466,3728,0,0,189.85599999999999,0
0,467,3736,0,0,156.88300000000001,0
0,468,3744,0,0,174.881,0
0,469,3752,0,0,157.70699999999999,0
0,470,3760,0,0,186.726,0
0,471,3768,0,0,190.893,0
0,472,3776,0,0,199.809,0
0,473,3784,0,0,141.30199999999999,0
0,474,3792,0,0,185.59100000000001,0
0,475,3800,0,0,198.42400000000001,0
0,476,3808,0,0,187.453,0
0,477,3816,0,0,195.244,0
0,478,3824,0,0,174.62200000000001,0
0,479,3832,0,0,158.983,0
0,480,3840,0,0,180.21299999999999,0
0,481,3848,0,0,199.95699999999999,0
0,482,3856,0,0,167.655,0
0,483,3864,0,0,174.006,0
0,484,3872,0,0,181.86500000000001,0
0,485,3880,0,0,169.363,0
0,486,3888,0,0,135.96899999999999,0
0,487,3896,0,0,174.41200000000001,0
0,488,3904,0,0,182.18799999999999,0
0,489,3912,0,0,150.11199999999999,0
0,490,3920,0,0,142.00899999999999,0
0,491,3928,0,0,187.226,0
0,492,3936,0,0,171.46600000000001,0
0,493,3944,0,0,183.702,0
0,494,3952,0,0,149.262,0
0,495,3960,0,0,170.65600000000001,0
0,496,3968,0,0,169.465,0
0,497,3976,0,0,184.20099999999999,0
0,498,3984,0,0,141.089,0
0,499,3992,0,0,169.197,0
0,500,4000,0,0,125.16800000000001,0
0,501,4008,0,0,190.79900000000001,0
0,502,4016,0,0,191.23599999999999,0
0,503,4024,0,0,222.35400000000001,0
0,504,4032,0,0,189.59100000000001,0
0,505,4040,0,0,176.31,0
0,506,4048,0,0,162.059,0
0,507,4056,0,0,161.649,0
0,508,4064,0,0,175.63999999999999,0
0,509,4072,0,0,183.27000000000001,0
0,510,4080,0,0,175.28399999999999,0
0,511,4088,0,0,197.953,0
0,512,4096,0,0,124.25700000000001,0
0,513,4104,0,0,178.666,0
0,514,4112,0,0,189.952,0
0,515,4120,0,0,196.35400000000001,0
0,516,4128,0,0,171.017,0
0,517,4136,0,0,161.28,0
0,518,4144,0,0,189.57900000000001,0
0,519,4152,0,0,175.86799999999999,0
0,520,4160,0,0,185.727,0
0,521,4168,0,0,169.60400000000001,0
0,522,4176,0,0,143.607,0
0,523,4184,0,0,185.46000000000001,0
0,524,4192,0,0,173.60300000000001,0
0,525,4200,0,0,191.761,0
0,526,4208,0,0,149.929,0
0,527,4216,0,0,157.958,0
0,528,4224,0,0,180.733,0
0,529,4232,0,0,185.17699999999999,0
0,530,4240,0,0,158.333,0
0,531,4248,0,0,169.173,0
0,532,4256,0,0,193.38399999999999,0
0,533,4264,0,0,193.61699999999999,0
0,534,4272,0,0,177.33000000000001,0
0,535,4280,0,0,162.51900000000001,0
0,536,4288,0,0,159.73699999999999,0
0,537,4296,0,0,142.72800000000001,0
0,538,4304,0,0,172.059,0
0,539,4312,0,0,173.07499999999999,0
0,540,4320,0,0,186.30799999999999,0
0,541,4328,0,0,176.87200000000001,0
0,542,4336,0,0,159.11799999999999,0
0,543,4344,0,0,140.86500000000001,0
0,544,4352,0,0,192.32499999999999,0
0,545,4360,0,0,182.005,0
0,546,4368,0,0,181.49199999999999,0
0,547,4376,0,0,145.18700000000001,0
0,548,4384,0,0,182.59100000000001,0
0,549,4392,0,0,200.892,0
0,550,4400,0,0,212.18899999999999,0
0,551,4408,0,0,188.86099999999999,0
0,552,4416,0,0,163.53,0
0,553,4424,0,0,175.48599999999999,0
0,554,4432,0,0,185.86199999999999,0
0,555,4440,0,0,140.68199999999999,0
0,556,4448,0,0,155.714,0
0,557,4456,0,0,164.047,0
0,558,4464,0,0,203.68100000000001,0
0,559,4472,0,0,197.30799999999999,0
0,560,4480,0,0,195.79499999999999,0
0,561,4488,0,0,180.28999999999999,0
0,562,4496,0,0,159.709,0
0,563,4504,0,0,212.23099999999999,0
0,564,4512,0,0,190.583,0
0,565,4520,0,0,197.99799999999999,0
0,566,4528,0,0,179.34299999999999,0
0,567,4536,0,0,160.95699999999999,0
0,568,4544,0,0,169.72499999999999,0
0,569,4552,0,0,130.42400000000001,0
0,570,4560,0,0,200.70400000000001,0
0,571,4568,0,0,184.876,0
0,572,4576,0,0,175.708,0
0,573,4584,0,0,188.80099999999999,0
0,574,4592,0,0,202.68700000000001,0
0,575,4600,0,0,167.929,0
0,576,4608,0,0,178.488,0
0,577,4616,0,0,169.67400000000001,0
0,578,4624,0,0,176.04400000000001,0
0,579,4632,0,0,188.72399999999999,0
0,580,4640,0,0,171.65000000000001,0
0,581,4648,0,0,181.47900000000001,0
0,582,4656,0,0,183.18799999999999,0
0,583,4664,0,0,157.72200000000001,0
0,584,4672,0,0,137.143,0
0,585,4680,0,0,176.74600000000001,0
0,586,4688,0,0,183.23500000000001,0
0,587,4696,0,0,151.363,0
0,588,4704,0,0,178.13,0
0,589,4712,0,0,187.62700000000001,0
0,590,4720,0,0,184.48400000000001,0
0,591,4728,0,0,178.50700000000001,0
0,592,4736,0,0,182.80199999999999,0
0,593,4744,0,0,185.43799999999999,0
0,594,4752,0,0,159.72,0
0,595,4760,0,0,169.352,0
0,596,4768,0,0,169.59200000000001,0
0,597,4776,0,0,185.96100000000001,0
0,598,4784,0,0,189.11699999999999,0
0,599,4792,0,0,194.51400000000001,0
0,600,4800,0,0,138.16499999999999,0
0,601,4808,0,0,179.874,0
0,602,4816,0,0,142.536,0
0,603,4824,0,0,181.09299999999999,0
0,604,4832,0,0,177.29599999999999,0
0,605,4840,0,0,182.08500000000001,0
0,606,4848,0,0,178.25200000000001,0
0,607,4856,0,0,175.721,0
0,608,4864,0,0,189.95599999999999,0
0,609,4872,0,0,175.40000000000001,0
0,610,4880,0,0,133.67400000000001,0
0,611,4888,0,0,164.43799999999999,0
0,612,4896,0,0,157.40799999999999,0
0,613,4904,0,0,184.161,0
0,614,4912,0,0,174.50299999999999,0
0,615,4920,0,0,137.84299999999999,0
0,616,4928,0,0,188.126,0
0,617,4936,0,0,151.32900000000001,0
0,618,4944,0,0,192.148,0
0,619,4952,0,0,207.40000000000001,0
0,620,4960,0,0,184.001,0
0,621,4968,0,0,169.221,0
0,622,4976,0,0,168.595,0
0,623,4984,0,0,173.333,0
0,624,4992,0,0,162.422,0
0,625,5000,0,0,206.49799999999999,0
0,626,5008,0,0,191.874,0
0,627,5016,0,0,198.55799999999999,0
0,628,5024,0,0,158.904,0
0,629,5032,0,0,170.214,0
0,630,5040,0,0,197.06700000000001,0
0,631,5048,0,0,175.90700000000001,0
0,632,5056,0,0,141.75899999999999,0
0,633,5064,0,0,128.05000000000001,0
0,634,5072,0,0,142.40799999999999,0
0,635,5080,0,0,179.523,0
0,636,5088,0,0,183.465,0
0,637,5096,0,0,187.73599999999999,0
0,638,5104,0,0,186.41200000000001,0
0,639,5112,0,0,181.47800000000001,0
0,640,5120,0,0,196.16,0
0,641,5128,0,0,127.896,0
0,642,5136,0,0,193.01900000000001,0
0,643,5144,0,0,151.13499999999999,0
0,644,5152,0,0,195.68199999999999,0
0,645,5160,0,0,182.11199999999999,0
0,646,5168,0,0,180.86799999999999,0
0,647,5176,0,0,180.19,0
0,648,5184,0,0,186.655,0
0,649,5192,0,0,209.32499999999999,0
0,650,5200,0,0,185.61799999999999,0
0,651,5208,0,0,141.84100000000001,0
0,652,5216,0,0,169.83500000000001,0
0,653,5224,0,0,159.72,0
0,654,5232,0,0,179.50700000000001,0
0,655,5240,0,0,203.81700000000001,0
0,656,5248,0,0,192.78299999999999,0
0,657,5256,0,0,193.084,0
0,658,5264,0,0,199.92699999999999,0
0,659,5272,0,0,202.08699999999999,0
0,660,5280,0,0,171.489,0
0,661,5288,0,0,157.696,0
0,662,5296,0,0,170.83199999999999,0
0,663,5304,0,0,206.87700000000001,0
0,664,5312,0,0,168.089,0
0,665,5320,0,0,225.06100000000001,0
0,666,5328,0,0,164.30199999999999,0
0,667,5336,0,0,188.28700000000001,0
0,668,5344,0,0,182.06800000000001,0
0,669,5352,0,0,159.06899999999999,0
0,670,5360,0,0,194.05099999999999,0
0,671,5368,0,0,193.102,0
0,672,5376,0,0,217.011,0
0,673,5384,0,0,148.33500000000001,0
0,674,5392,0,0,185.77699999999999,0
0,675,5400,0,0,176.905,0
0,676,5408,0,0,203.33600000000001,0
0,677,5416,0,0,176.40199999999999,0
0,678,5424,0,0,194.54599999999999,0
0,679,5432,0,0,170.239,0
0,680,5440,0,0,192.79400000000001,0
0,681,5448,0,0,165.34999999999999,0
0,682,5456,0,0,173.56200000000001,0
0,683,5464,0,0,171.85599999999999,0
0,684,5472,0,0,200.667,0
0,685,5480,0,0,187.94499999999999,0
0,686,5488,0,0,179.999,0
0,687,5496,0,0,196.239,0
0,688,5504,0,0,185.67400000000001,0
0,689,5512,0,0,171.31700000000001,0
0,690,5520,0,0,184.708,0
0,691,5528,0,0,180.09100000000001,0
0,692,5536,0,0,219.62,0
0,693,5544,0,0,132.27099999999999,0
0,694,5552,0,0,166.006,0
0,695,5560,0,0,195.387,0
0,696,5568,0,0,138.19499999999999,0
0,697,5576,0,0,175.084,0
0,698,5584,0,0,177.666,0
0,699,5592,0,0,138.26300000000001,0
0,700,5600,0,0,132.06299999999999,0
0,701,5608,0,0,174.792,0
0,702,5616,0,0,164.17699999999999,0
0,703,5624,0,0,189.79599999999999,0
0,704,5632,0,0,176.66999999999999,0
0,705,5640,0,0,179.483,0
0,706,5648,0,0,156.13800000000001,0
0,707,5656,0,0,153.78999999999999,0
0,708,5664,0,0,190.87899999999999,0
0,709,5672,0,0,162.27699999999999,0
0,710,5680,0,0,148.482,0
0,711,5688,0,0,200.077,0
0,712,5696,0,0,199.422,0
0,713,5704,0,0,153.49299999999999,0
0,714,5712,0,0,165.62100000000001,0
0,715,5720,0,0,180.59899999999999,0
0,716,5728,0,0,217.761,0
0,717,5736,0,0,139.14500000000001,0
0,718,5744,0,0,174.18899999999999,0
0,719,5752,0,0,162.26300000000001,0
0,720,5760,0,0,181.99799999999999,0
0,721,5768,0,0,147.91800000000001,0
0,722,5776,0,0,177.667,0
0,723,5784,0,0,151.63900000000001,0
0,724,5792,0,0,137.96100000000001,0
0,725,5800,0,0,180.97800000000001,0
0,726,5808,0,0,185.96100000000001,0
0,727,5816,0,0,171.554,0
0,728,5824,0,0,184.09700000000001,0
0,729,5832,0,0,186.37700000000001,0
0,730,5840,0,0,194.61799999999999,0
0,731,5848,0,0,165.69399999999999,0
0,732,5856,0,0,183.40000000000001,0
0,733,5864,0,0,168.756,0
0,734,5872,0,0,152.738,0
0,735,5880,0,0,181.471,0
0,736,5888,0,0,142.398,0
0,737,5896,0,0,187.524,0
0,738,5904,0,0,129.125,0
0,739,5912,0,0,157.09100000000001,0
0,740,5920,0,0,156.05699999999999,0
0,741,5928,0,0,145.50800000000001,0
0,742,5936,0,0,172.99299999999999,0
0,743,5944,0,0,200.661,0
0,744,5952,0,0,140.613,0
0,745,5960,0,0,177.46299999999999,0
0,746,5968,0,0,164.86099999999999,0
0,747,5976,0,0,173.65600000000001,0
0,748,5984,0,0,184.05799999999999,0
0,749,5992,0,0,152.184,0
0,750,6000,0,0,176.90100000000001,0
0,751,6008,0,0,184.60300000000001,0
0,752,6016,0,0,199.83000000000001,0
0,753,6024,0,0,176.203,0
0,754,6032,0,0,125.831,0
0,755,6040,0,0,166.00399999999999,0
0,756,6048,0,0,172.154,0
0,757,6056,0,0,197.44499999999999,0
0,758,6064,0,0,188.45699999999999,0
0,759,6072,0,0,141.53100000000001,0
0,760,6080,0,0,155.43700000000001,0
0,761,6088,0,0,168.91499999999999,0
0,762,6096,0,0,163.41300000000001,0
0,763,6104,0,0,144.417,0
0,764,6112,0,0,206.523,0
0,765,6120,0,0,124.276,0
0,766,6128,0,0,163.76400000000001,0
0,767,6136,0,0,186.565,0
0,768,6144,0,0,182.21199999999999,0
0,769,6152,0,0,190.453,0
0,770,6160,0,0,159.239,0
0,771,6168,0,0,162.63999999999999,0
0,772,6176,0,0,198.99100000000001,0
0,773,6184,0,0,124.574,0
0,774,6192,0,0,175.66999999999999,0
0,775,6200,0,0,149.25800000000001,0
0,776,6208,0,0,180.571,0
0,777,6216,0,0,165.363,0
0,778,6224,0,0,209.548,0
0,779,6232,0,0,207.37299999999999,0
0,780,6240,0,0,190.989,0
0,781,6248,0,0,163.476,0
0,782,6256,0,0,180.023,0
0,783,6264,0,0,185.67099999999999,0
0,784,6272,0,0,174.529,0
0,785,6280,0,0,203.125,0
0,786,6288,0,0,178.44999999999999,0
0,787,6296,0,0,152.35599999999999,0
0,788,6304,0,0,134.65799999999999,0
0,789,6312,0,0,179.87100000000001,0
0,790,6320,0,0,192.22399999999999,0
0,791,6328,0,0,186.114,0
0,792,6336,0,0,155.88499999999999,0
0,793,6344,0,0,196.32300000000001,0
0,794,6352,0,0,195.33099999999999,0
0,795,6360,0,0,155.60599999999999,0
0,796,6368,0,0,173.62,0
0,797,6376,0,0,117.05500000000001,0
0,798,6384,0,0,177.054,0
0,799,6392,0,0,177.589,0
0,800,6400,0,0,162.947,0
0,801,6408,0,0,142.148,0
0,802,6416,0,0,156.51599999999999,0
0,803,6424,0,0,154.11699999999999,0
0,804,6432,0,0,181.03,0
0,805,6440,0,0,178.59,0
0,806,6448,0,0,155.16,0
0,807,6456,0,0,158.43899999999999,0
0,808,6464,0,0,133.011,0
0,809,6472,0,0,187.83500000000001,0
0,810,6480,0,0,196.17699999999999,0
0,811,6488,0,0,172.035,0
0,812,6496,0,0,217.33600000000001,0
0,813,6504,0,0,177.22200000000001,0
0,814,6512,0,0,158.51300000000001,0
0,815,6520,0,0,170.864,0
0,816,6528,0,0,169.67699999999999,0
0,817,6536,0,0,179.65000000000001,0
0,818,6544,0,0,130.441,0
0,819,6552,0,0,200.07400000000001,0
0,820,6560,0,0,186.43899999999999,0
0,821,6568,0,0,179.423,0
0,822,6576,0,0,191.23500000000001,0
0,823,6584,0,0,158.69800000000001,0
0,824,6592,0,0,171.20400000000001,0
0,825,6600,0,0,178.77099999999999,0
0,826,6608,0,0,170.096,0
0,827,6616,0,0,186.33799999999999,0
0,828,6624,0,0,190.46100000000001,0
0,829,6632,0,0,196.70400000000001,0
0,830,6640,0,0,178.38,0
0,831,6648,0,0,171.768,0
0,832,6656,0,0,167.47200000000001,0
0,833,6664,0,0,163.92500000000001,0
0,834,6672,0,0,194.81399999999999,0
0,835,6680,0,0,191.035,0
0,836,6688,0,0,148.357,0
0,837,6696,0,0,150.13300000000001,0
0,838,6704,0,0,171.435,0
0,839,6712,0,0,195.79599999999999,0
0,840,6720,0,0,193.43299999999999,0
0,841,6728,0,0,152.69,0
0,842,6736,0,0,212.42400000000001,0
0,843,6744,0,0,189.78700000000001,0
0,844,6752,0,0,195.58199999999999,0
0,845,6760,0,0,191.65299999999999,0
0,846,6768,0,0,215.666,0
0,847,6776,0,0,176.815,0
0,848,6784,0,0,197.279,0
0,849,6792,0,0,195.084,0
0,850,6800,0,0,189.227,0
0,851,6808,0,0,174.19900000000001,0
0,852,6816,0,0,181.899,0
0,853,6824,0,0,151.94900000000001,0
0,854,6832,0,0,173.06299999999999,0
0,855,6840,0,0,131.23599999999999,0
0,856,6848,0,0,195.25800000000001,0
0,857,6856,0,0,167.304,0
0,858,6864,0,0,131.465,0
0,859,6872,0,0,187.19200000000001,0
0,860,6880,0,0,173.791,0
0,861,6888,0,0,172.66800000000001,0
0,862,6896,0,0,156.215,0
0,863,6904,0,0,183.19399999999999,0
0,864,6912,0,0,157.94800000000001,0
0,865,6920,0,0,177.696,0
0,866,6928,0,0,177.00999999999999,0
0,867,6936,0,0,168.83799999999999,0
0,868,6944,0,0,151.821,0
0,869,6952,0,0,173.38200000000001,0
0,870,6960,0,0,168.41200000000001,0
0,871,6968,0,0,166.547,0
0,872,6976,0,0,185.774,0
0,873,6984,0,0,171.55600000000001,0
0,874,6992,0,0,180.95099999999999,0
0,875,7000,0,0,161.47900000000001,0
0,876,7008,0,0,167.155,0
0,877,7016,0,0,190.15100000000001,0
0,878,7024,0,0,185.58600000000001,0
0,879,7032,0,0,169.28999999999999,0
0,880,7040,0,0,211.018,0
0,881,7048,0,0,191.702,0
0,882,7056,0,0,180.773,0
0,883,7064,0,0,187.62200000000001,0
0,884,7072,0,0,187.36600000000001,0
0,885,7080,0,0,183.55000000000001,0
0,886,7088,0,0,165.28899999999999,0
0,887,7096,0,0,180.90700000000001,0
0,888,7104,0,0,191.41999999999999,0
0,889,7112,0,0,136.785,0
0,890,7120,0,0,182.30600000000001,0
0,891,7128,0,0,200.02500000000001,0
0,892,7136,0,0,159.703,0
0,893,7144,0,0,163.17400000000001,0
0,894,7152,0,0,127.809,0
0,895,7160,0,0,178.631,0
0,896,7168,0,0,186.137,0
0,897,7176,0,0,147.232,0
0,898,7184,0,0,181.45699999999999,0
0,899,7192,0,0,155.47800000000001,0
0,900,7200,0,0,142.41399999999999,0
0,901,7208,0,0,181.33600000000001,0
0,902,7216,0,0,166.923,0
0,903,7224,0,0,165.32599999999999,0
0,904,7232,0,0,124.247,0
0,905,7240,0,0,147.624,0
0,906,7248,0,0,187.10499999999999,0
0,907,7256,0,0,188.286,0
0,908,7264,0,0,163.518,0
0,909,7272,0,0,181.49600000000001,0
0,910,7280,0,0,191.703,0
0,911,7288,0,0,162.34299999999999,0
0,912,7296,0,0,183.762,0
0,913,7304,0,0,201.62299999999999,0
0,914,7312,0,0,186.98699999999999,0
0,915,7320,0,0,170.124,0
0,916,7328,0,0,187.03800000000001,0
0,917,7336,0,0,204.97499999999999,0
0,918,7344,0,0,168.739,0
0,919,7352,0,0,164.13800000000001,0
0,920,7360,0,0,188.31299999999999,0
0,921,7368,0,0,154.02699999999999,0
0,922,7376,0,0,168.01900000000001,0
0,923,7384,0,0,206.18100000000001,0
0,924,7392,0,0,184.31299999999999,0
0,925,7400,0,0,199.22,0
0,926,7408,0,0,207.947,0
0,927,7416,0,0,188.18199999999999,0
0,928,7424,0,0,202.928,0
0,929,7432,0,0,189.82599999999999,0
0,930,7440,0,0,184.39099999999999,0
0,931,7448,0,0,169.63800000000001,0
0,932,7456,0,0,185.167,0
0,933,7464,0,0,202.874,0
0,934,7472,0,0,199.74199999999999,0
0,935,7480,0,0,187.101,0
0,936,7488,0,0,189.51900000000001,0
0,937,7496,0,0,150.761,0
0,938,7504,0,0,185.08199999999999,0
0,939,7512,0,0,169.66999999999999,0
0,940,7520,0,0,171.333,0
0,941,7528,0,0,191.52000000000001,0
0,942,7536,0,0,177.27799999999999,0
0,943,7544,0,0,169.71799999999999,0
0,944,7552,0,0,145.14500000000001,0
0,945,7560,0,0,184.58500000000001,0
0,946,7568,0,0,142.941,0
0,947,7576,0,0,183.54599999999999,0
0,948,7584,0,0,165.47300000000001,0
0,949,7592,0,0,173.59,0
0,950,7600,0,0,180.465,0
0,951,7608,0,0,139.089,0
0,952,7616,0,0,184.27600000000001,0
0,953,7624,0,0,171.21700000000001,0
0,954,7632,0,0,205.37899999999999,0
0,955,7640,0,0,133.80600000000001,0
0,956,7648,0,0,182.09299999999999,0
0,957,7656,0,0,177.09100000000001,0
0,958,7664,0,0,189.999,0
0,959,7672,0,0,190.37799999999999,0
0,960,7680,0,0,179.251,0
0,961,7688,0,0,203.88499999999999,0
0,962,7696,0,0,166.28299999999999,0
0,963,7704,0,0,131.374,0
0,964,7712,0,0,182.53999999999999,0
0,965,7720,0,0,139.333,0
0,966,7728,0,0,229.041,0
0,967,7736,0,0,204.196,0
0,968,7744,0,0,171.547,0
0,969,7752,0,0,161.83600000000001,0
0,970,7760,0,0,186.07900000000001,0
0,971,7768,0,0,139.626,0
0,972,7776,0,0,163.35499999999999,0
0,973,7784,0,0,180.56899999999999,0
0,974,7792,0,0,193.81700000000001,0
0,975,7800,0,0,177.19900000000001,0
0,976,7808,0,0,153.74100000000001,0
0,977,7816,0,0,173.10400000000001,0
0,978,7824,0,0,176.666,0
0,979,7832,0,0,163.708,0
0,980,7840,0,0,183.64400000000001,0
0,981,7848,0,0,168.64500000000001,0
0,982,7856,0,0,185.74299999999999,0
0,983,7864,0,0,143.31999999999999,0
0,984,7872,0,0,157.99700000000001,0
0,985,7880,0,0,171.96799999999999,0
0,986,7888,0,0,165.91,0
0,987,7896,0,0,195.88200000000001,0
0,988,7904,0,0,169.571,0
0,989,7912,0,0,176.53899999999999,0
0,990,7920,0,0,167.041,0
0,991,7928,0,0,174.72499999999999,0
0,992,7936,0,0,174.22300000000001,0
0,993,7944,0,0,209.983,0
0,994,7952,0,0,180.47200000000001,0
0,995,7960,0,0,191.75200000000001,0
0,996,7968,0,0,175.994,0
0,997,7976,0,0,167.26499999999999,0
0,998,7984,0,0,158.232,0
0,999,7992,0,0,172.03200000000001,0
0,1000,8000,0,0,177.77799999999999,0
0,1001,8008,0,0,163.18899999999999,0
0,1002,8016,0,0,176.745,0
0,1003,8024,0,0,165.97200000000001,0
0,1004,8032,0,0,199.488,0
0,1005,8040,0,0,175.125,0
0,1006,8048,0,0,136.19900000000001,0
0,1007,8056,0,0,203.27099999999999,0
0,1008,8064,0,0,157.88300000000001,0
0,1009,8072,0,0,209.60499999999999,0
0,1010,8080,0,0,188.125,0
0,1011,8088,0,0,214.97399999999999,0
0,1012,8096,0,0,160.27600000000001,0
0,1013,8104,0,0,191.31999999999999,0
0,1014,8112,0,0,175.98599999999999,0
0,1015,8120,0,0,182.14400000000001,0
0,1016,8128,0,0,180.791,0
0,1017,8136,0,0,178.95699999999999,0
0,1018,8144,0,0,183.18299999999999,0
0,1019,8152,0,0,191.24600000000001,0
0,1020,8160,0,0,189.27600000000001,0
0,1021,8168,0,0,174.13499999999999,0
0,1022,8176,0,0,176.80199999999999,0
0,1023,8184,0,0,173.923,0
0,1024,8192,0,0,172.00700000000001,0
0,1025,8200,0,0,128.73599999999999,0
0,1026,8208,0,0,156.042,0
0,1027,8216,0,0,187.352,0
0,1028,8224,0,0,209.31399999999999,0
0,1029,8232,0,0,150.047,0
0,1030,8240,0,0,175.054,0
0,1031,8248,0,0,202.52799999999999,0
0,1032,8256,0,0,196.58000000000001,0
0,1033,8264,0,0,155.05699999999999,0
0,1034,8272,0,0,173.62100000000001,0
0,1035,8280,0,0,194.86699999999999,0
0,1036,8288,0,0,178.38900000000001,0
0,1037,8296,0,0,143.86000000000001,0
0,1038,8304,0,0,175.82400000000001,0
0,1039,8312,0,0,186.60400000000001,0
0,1040,8320,0,0,169.69399999999999,0
0,1041,8328,0,0,141.72800000000001,0
0,1042,8336,0,0,155.66800000000001,0
0,1043,8344,0,0,206.399,0
0,1044,8352,0,0,153.179,0
0,1045,8360,0,0,188.59800000000001,0
0,1046,8368,0,0,143.06999999999999,0
0,1047,8376,0,0,152.11699999999999,0
0,1048,8384,0,0,204.95500000000001,0
0,1049,8392,0,0,130.97300000000001,0
0,1050,8400,0,0,170.29400000000001,0
0,1051,8408,0,0,171.42099999999999,0
0,1052,8416,0,0,200.172,0
0,1053,8424,0,0,179.02799999999999,0
0,1054,8432,0,0,177.161,0
0,1055,8440,0,0,188.71100000000001,0
0,1056,8448,0,0,201.68600000000001,0
0,1057,8456,0,0,171.06299999999999,0
0,1058,8464,0,0,181.548,0
0,1059,8472,0,0,150.65199999999999,0
0,1060,8480,0,0,184.46199999999999,0
0,1061,8488,0,0,204.535,0
0,1062,8496,0,0,160.66200000000001,0
0,1063,8504,0,0,180.773,0
0,1064,8512,0,0,195.959,0
0,1065,8520,0,0,190.709,0
0,1066,8528,0,0,191.041,0
0,1067,8536,0,0,181.667,0
0,1068,8544,0,0,167.70400000000001,0
0,1069,8552,0,0,173.30799999999999,0
0,1070,8560,0,0,165.09,0
0,1071,8568,0,0,172.03,0
0,1072,8576,0,0,209.697,0
0,1073,8584,0,0,179.404,0
0,1074,8592,0,0,183.40100000000001,0
0,1075,8600,0,0,188.42400000000001,0
0,1076,8608,0,0,215.95599999999999,0
0,1077,8616,0,0,190.244,0
0,1078,8624,0,0,180.65700000000001,0
0,1079,8632,0,0,191.58500000000001,0
0,1080,8640,0,0,191.285,0
0,1081,8648,0,0,171.84999999999999,0
0,1082,8656,0,0,138.35499999999999,0
0,1083,8664,0,0,143.34200000000001,0
0,1084,8672,0,0,196.75399999999999,0
0,1085,8680,0,0,177.96199999999999,0
0,1086,8688,0,0,174.92099999999999,0
0,1087,8696,0,0,194.12700000000001,0
0,1088,8704,0,0,163.68100000000001,0
0,1089,8712,0,0,130.83199999999999,0
0,1090,8720,0,0,193.61699999999999,0
0,1091,8728,0,0,174.92099999999999,0
0,1092,8736,0,0,167.327,0
0,1093,8744,0,0,175.518,0
0,1094,8752,0,0,193.90899999999999,0
0,1095,8760,0,0,173.126,0
0,1096,8768,0,0,225.155,0
0,1097,8776,0,0,179.25800000000001,0
0,1098,8784,0,0,153.51300000000001,0
0,1099,8792,0,0,189.792,0
0,1100,8800,0,0,199.30000000000001,0
0,1101,8808,0,0,171.47200000000001,0
0,1102,8816,0,0,161.00200000000001,0
0,1103,8824,0,0,174.55799999999999,0
0,1104,8832,0,0,171.74799999999999,0
0,1105,8840,0,0,167.994,0
0,1106,8848,0,0,199.08199999999999,0
0,1107,8856,0,0,153.422,0
0,1108,8864,0,0,205.31800000000001,0
0,1109,8872,0,0,149.49100000000001,0
0,1110,8880,0,0,186.852,0
0,1111,8888,0,0,198.398,0
0,1112,8896,0,0,174.58600000000001,0
0,1113,8904,0,0,154.87299999999999,0
0,1114,8912,0,0,140.16300000000001,0
0,1115,8920,0,0,190,0
0,1116,8928,0,0,161.601,0
0,1117,8936,0,0,141.28100000000001,0
0,1118,8944,0,0,136.71600000000001,0
0,1119,8952,0,0,197.422,0
0,1120,8960,0,0,129.19900000000001,0
0,1121,8968,0,0,200.58500000000001,0
0,1122,8976,0,0,178.05099999999999,0
0,1123,8984,0,0,197.64599999999999,0
0,1124,8992,0,0,187.81200000000001,0
0,1125,9000,0,0,171.922,0
0,1126,9008,0,0,173.86000000000001,0
0,1127,9016,0,0,170.333,0
0,1128,9024,0,0,199.197,0
0,1129,9032,0,0,144.72999999999999,0
0,1130,9040,0,0,141.22800000000001,0
0,1131,9048,0,0,195.63800000000001,0
0,1132,9056,0,0,190.97399999999999,0
0,1133,9064,0,0,161.108,0
0,1134,9072,0,0,169.15299999999999,0
0,1135,9080,0,0,179.33799999999999,0
0,1136,9088,0,0,144.18199999999999,0
0,1137,9096,0,0,169.13200000000001,0
0,1138,9104,0,0,136.32900000000001,0
0,1139,9112,0,0,179.75800000000001,0
0,1140,9120,0,0,207.35300000000001,0
0,1141,9128,0,0,223.827,0
0,1142,9136,0,0,166.36500000000001,0
0,1143,9144,0,0,176.21600000000001,0
0,1144,9152,0,0,185.81100000000001,0
0,1145,9160,0,0,171.39500000000001,0
0,1146,9168,0,0,186.09700000000001,0
0,1147,9176,0,0,173.94999999999999,0
0,1148,9184,0,0,150.16900000000001,0
0,1149,9192,0,0,182.578,0
0,1150,9200,0,0,155.81800000000001,0
0,1151,9208,0,0,139.64500000000001,0
0,1152,9216,0,0,219.76499999999999,0
0,1153,9224,0,0,185.03100000000001,0
0,1154,9232,0,0,172.28899999999999,0
0,1155,9240,0,0,179.583,0
0,1156,9248,0,0,115.714,0
0,1157,9256,0,0,167.34100000000001,0
0,1158,9264,0,0,178.77799999999999,0
0,1159,9272,0,0,159.988,0
0,1160,9280,0,0,125.376,0
0,1161,9288,0,0,154.17500000000001,0
0,1162,9296,0,0,172.20400000000001,0
0,1163,9304,0,0,191.25700000000001,0
0,1164,9312,0,0,178.114,0
0,1165,9320,0,0,150.012,0
0,1166,9328,0,0,176.72800000000001,0
0,1167,9336,0,0,183.41499999999999,0
0,1168,9344,0,0,151.28999999999999,0
0,1169,9352,0,0,171.16300000000001,0
0,1170,9360,0,0,152.05699999999999,0
0,1171,9368,0,0,170.84100000000001,0
0,1172,9376,0,0,162.28399999999999,0
0,1173,9384,0,0,184.56700000000001,0
0,1174,9392,0,0,192.76599999999999,0
0,1175,9400,0,0,200.703,0
0,1176,9408,0,0,132.76400000000001,0
0,1177,9416,0,0,187.14699999999999,0
0,1178,9424,0,0,181.09800000000001,0
0,1179,9432,0,0,174.13800000000001,0
0,1180,9440,0,0,196.93700000000001,0
0,1181,9448,0,0,160.488,0
0,1182,9456,0,0,175.726,0
0,1183,9464,0,0,160.215,0
0,1184,9472,0,0,172.57499999999999,0
0,1185,9480,0,0,162.148,0
0,1186,9488,0,0,180.09200000000001,0
0,1187,9496,0,0,171.60599999999999,0
0,1188,9504,0,0,168.82400000000001,0
0,1189,9512,0,0,162.822,0
0,1190,9520,0,0,173.75999999999999,0
0,1191,9528,0,0,180.732,0
0,1192,9536,0,0,167.36600000000001,0
0,1193,9544,0,0,189.36799999999999,0
0,1194,9552,0,0,189.17400000000001,0
0,1195,9560,0,0,176.58799999999999,0
0,1196,9568,0,0,155.61699999999999,0
0,1197,9576,0,0,136.78399999999999,0
0,1198,9584,0,0,201.39099999999999,0
0,1199,9592,0,0,166.66900000000001,0
0,1200,9600,0,0,131.059,0
0,1201,9608,0,0,161.429,0
0,1202,9616,0,0,168.28,0
0,1203,9624,0,0,197.779,0
0,1204,9632,0,0,166.61600000000001,0
0,1205,9640,0,0,196.77600000000001,0
0,1206,9648,0,0,165.209,0
0,1207,9656,0,0,169.27199999999999,0
0,1208,9664,0,0,177.95500000000001,0
0,1209,9672,0,0,194.63900000000001,0
0,1210,9680,0,0,154.40199999999999,0
0,1211,9688,0,0,187.602,0
0,1212,9696,0,0,128.511,0
0,1213,9704,0,0,162.328,0
0,1214,9712,0,0,144.625,0
0,1215,9720,0,0,127.166,0
0,1216,9728,0,0,162.32300000000001,0
0,1217,9736,0,0,177.197,0
0,1218,9744,0,0,187.5,0
0,1219,9752,0,0,188.977,0
0,1220,9760,0,0,186.43100000000001,0
0,1221,9768,0,0,208.15799999999999,0
0,1222,9776,0,0,182.31700000000001,0
0,1223,9784,0,0,162.911,0
0,1224,9792,0,0,191.22200000000001,0
0,1225,9800,0,0,170.65000000000001,0
0,1226,9808,0,0,162.554,0
0,1227,9816,0,0,167.41999999999999,0
0,1228,9824,0,0,191.97399999999999,0
0,1229,9832,0,0,186.959,0
0,1230,9840,0,0,150.93299999999999,0
0,1231,9848,0,0,176.29900000000001,0
0,1232,9856,0,0,206.24700000000001,0
0,1233,9864,0,0,161.12,0
0,1234,9872,0,0,184.797,0
0,1235,9880,0,0,167.72800000000001,0
0,1236,9888,0,0,139.96000000000001,0
0,1237,9896,0,0,164.18100000000001,0
0,1238,9904,0,0,198.93899999999999,0
0,1239,9912,0,0,182.33699999999999,0
0,1240,9920,0,0,193.75,0
0,1241,9928,0,0,161.541,0
0,1242,9936,0,0,178.78399999999999,0
0,1243,9944,0,0,166.06800000000001,0
0,1244,9952,0,0,191.429,0
0,1245,9960,0,0,173.19399999999999,0
0,1246,9968,0,0,194.72499999999999,0
0,1247,9976,0,0,187.24700000000001,0
0,1248,9984,0,0,132.13200000000001,0
0,1249,9992,0,0,169.124,0
0,1250,10000,0,0,143.477,0
0,1251,10008,0,0,180.16200000000001,0
0,1252,10016,0,0,173.577,0
0,1253,10024,0,0,167.77500000000001,0
0,1254,10032,0,0,162.56700000000001,0
0,1255,10040,0,0,161.596,0
0,1256,10048,0,0,150.39400000000001,0
0,1257,10056,0,0,196.53700000000001,0
0,1258,10064,0,0,182.97900000000001,0
0,1259,10072,0,0,173.97499999999999,0
0,1260,10080,0,0,178.39599999999999,0
0,1261,10088,0,0,133.596,0
0,1262,10096,0,0,199.303,0
0,1263,10104,0,0,191.61799999999999,0
0,1264,10112,0,0,190.78,0
0,1265,10120,0,0,237.81999999999999,0
0,1266,10128,0,0,193.036,0
0,1267,10136,0,0,166.21600000000001,0
0,1268,10144,0,0,194.74700000000001,0
0,1269,10152,0,0,114.72199999999999,0
0,1270,10160,0,0,188.19200000000001,0
0,1271,10168,0,0,158.32499999999999,0
0,1272,10176,0,0,140.99100000000001,0
0,1273,10184,0,0,190.499,0
0,1274,10192,0,0,199.298,0
0,1275,10200,0,0,210.33799999999999,0
0,1276,10208,0,0,210.97900000000001,0
0,1277,10216,0,0,175.37700000000001,0
0,1278,10224,0,0,180.773,0
0,1279,10232,0,0,184.99700000000001,0
0,1280,10240,0,0,161.76900000000001,0
0,1281,10248,0,0,191.89599999999999,0
0,1282,10256,0,0,181.31999999999999,0
0,1283,10264,0,0,197.44800000000001,0
0,1284,10272,0,0,218.96799999999999,0
0,1285,10280,0,0,194.33000000000001,0
0,1286,10288,0,0,180.422,0
0,1287,10296,0,0,178.54300000000001,0
0,1288,10304,0,0,194.58500000000001,0
0,1289,10312,0,0,151.47900000000001,0
0,1290,10320,0,0,187.51599999999999,0
0,1291,10328,0,0,190.999,0
0,1292,10336,0,0,175.28299999999999,0
0,1293,10344,0,0,188.50700000000001,0
0,1294,10352,0,0,184.63,0
0,1295,10360,0,0,204.99600000000001,0
0,1296,10368,0,0,163.65000000000001,0
0,1297,10376,0,0,173.905,0
0,1298,10384,0,0,215.92500000000001,0
0,1299,10392,0,0,159.762,0
0,1300,10400,0,0,186.00399999999999,0
0,1301,10408,0,0,163.726,0
0,1302,10416,0,0,193.63399999999999,0
0,1303,10424,0,0,169.435,0
0,1304,10432,0,0,149.983,0
0,1305,10440,0,0,179.14099999999999,0
0,1306,10448,0,0,139.511,0
0,1307,10456,0,0,175.24299999999999,0
0,1308,10464,0,0,173.85900000000001,0
0,1309,10472,0,0,191.851,0
0,1310,10480,0,0,191.68700000000001,0
0,1311,10488,0,0,173.34899999999999,0
0,1312,10496,0,0,178.00999999999999,0
0,1313,10504,0,0,156.05600000000001,0
0,1314,10512,0,0,203.904,0
0,1315,10520,0,0,161.68000000000001,0
0,1316,10528,0,0,180.25399999999999,0
0,1317,10536,0,0,194.458,0
0,1318,10544,0,0,176.91900000000001,0
0,1319,10552,0,0,154.779,0
0,1320,10560,0,0,183.709,0
0,1321,10568,0,0,170.17699999999999,0
0,1322,10576,0,0,180.35499999999999,0
0,1323,10584,0,0,158.667,0
0,1324,10592,0,0,134.65700000000001,0
0,1325,10600,0,0,159.928,0
0,1326,10608,0,0,192.02500000000001,0
0,1327,10616,0,0,171.33099999999999,0
0,1328,10624,0,0,196.809,0
0,1329,10632,0,0,186.17599999999999,0
0,1330,10640,0,0,167.303,0
0,1331,10648,0,0,186.79599999999999,0
0,1332,10656,0,0,189.316,0
0,1333,10664,0,0,194.471,0
0,1334,10672,0,0,195.04499999999999,0
0,1335,10680,0,0,203.83199999999999,0
0,1336,10688,0,0,169.654,0
0,1337,10696,0,0,197.41999999999999,0
0,1338,10704,0,0,187.71700000000001,0
0,1339,10712,0,0,174.55699999999999,0
0,1340,10720,0,0,122.76600000000001,0
0,1341,10728,0,0,172.48099999999999,0
0,1342,10736,0,0,135.99100000000001,0
0,1343,10744,0,0,180.422,0
0,1344,10752,0,0,186.49000000000001,0
0,1345,10760,0,0,162.411,0
0,1346,10768,0,0,179.68799999999999,0
0,1347,10776,0,0,181.36199999999999,0
0,1348,10784,0,0,144.256,0
0,1349,10792,0,0,175.86500000000001,0
0,1350,10800,0,0,192.72999999999999,0
0,1351,10808,0,0,186.179,0
0,1352,10816,0,0,167.429,0
0,1353,10824,0,0,203.011,0
0,1354,10832,0,0,167.631,0
0,1355,10840,0,0,184.292,0
0,1356,10848,0,0,199.108,0
0,1357,10856,0,0,180.80600000000001,0
0,1358,10864,0,0,161.92599999999999,0
0,1359,10872,0,0,184.80799999999999,0
0,1360,10880,0,0,214.26599999999999,0
0,1361,10888,0,0,173.637,0
0,1362,10896,0,0,182.44200000000001,0
0,1363,10904,0,0,191.03399999999999,0
0,1364,10912,0,0,190.12700000000001,0
0,1365,10920,0,0,195.41,0
0,1366,10928,0,0,193.00200000000001,0
0,1367,10936,0,0,175.91,0
0,1368,10944,0,0,159.63399999999999,0
0,1369,10952,0,0,147.166,0
0,1370,10960,0,0,184.03299999999999,0
0,1371,10968,0,0,196.61500000000001,0
0,1372,10976,0,0,162.501,0
0,1373,10984,0,0,163.75399999999999,0
0,1374,10992,0,0,170.51900000000001,0
0,1375,11000,0,0,158.25899999999999,0
0,1376,11008,0,0,175.96700000000001,0
0,1377,11016,0,0,171.08600000000001,0
0,1378,11024,0,0,162.852,0
0,1379,11032,0,0,168.33799999999999,0
0,1380,11040,0,0,159.71199999999999,0
0,1381,11048,0,0,191.67500000000001,0
0,1382,11056,0,0,186.577,0
0,1383,11064,0,0,205.77799999999999,0
0,1384,11072,0,0,176.035,0
0,1385,11080,0,0,193.03899999999999,0
0,1386,11088,0,0,197.626,0
0,1387,11096,0,0,153.55000000000001,0
0,1388,11104,0,0,194.667,0
0,1389,11112,0,0,192.74799999999999,0
0,1390,11120,0,0,194.50800000000001,0
0,1391,11128,0,0,184.47399999999999,0
0,1392,11136,0,0,194.197,0
0,1393,11144,0,0,201.41999999999999,0
0,1394,11152,0,0,188.41499999999999,0
0,1395,11160,0,0,166.09999999999999,0
0,1396,11168,0,0,201.57300000000001,0
0,1397,11176,0,0,177.95699999999999,0
0,1398,11184,0,0,153.006,0
0,1399,11192,0,0,170.17500000000001,0
0,1400,11200,0,0,199.54400000000001,0
0,1401,11208,0,0,213.32900000000001,0
0,1402,11216,0,0,161.863,0
0,1403,11224,0,0,173.20500000000001,0
0,1404,11232,0,0,190.09399999999999,0
0,1405,11240,0,0,179.108,0
0,1406,11248,0,0,168.22200000000001,0
0,1407,11256,0,0,159.369,0
0,1408,11264,0,0,191.57599999999999,0
0,1409,11272,0,0,179.55600000000001,0
0,1410,11280,0,0,171.95699999999999,0
0,1411,11288,0,0,167.83199999999999,0
0,1412,11296,0,0,214.28800000000001,0
0,1413,11304,0,0,167.441,0
0,1414,11312,0,0,190.304,0
0,1415,11320,0,0,171.309,0
0,1416,11328,0,0,148.50200000000001,0
0,1417,11336,0,0,163.65799999999999,0
0,1418,11344,0,0,188.32599999999999,0
0,1419,11352,0,0,130.886,0
0,1420,11360,0,0,180.11199999999999,0
0,1421,11368,0,0,186.82300000000001,0
0,1422,11376,0,0,178.42500000000001,0
0,1423,11384,0,0,149.81899999999999,0
0,1424,11392,0,0,182.50999999999999,0
0,1425,11400,0,0,151.21799999999999,0
0,1426,11408,0,0,191.86600000000001,0
0,1427,11416,0,0,164.11500000000001,0
0,1428,11424,0,0,160.155,0
0,1429,11432,0,0,133.482,0
0,1430,11440,0,0,214.03999999999999,0
0,1431,11448,0,0,186.40000000000001,0
0,1432,11456,0,0,161.529,0
0,1433,11464,0,0,205.77099999999999,0
0,1434,11472,0,0,222.191,0
0,1435,11480,0,0,181.369,0
0,1436,11488,0,0,194.227,0
0,1437,11496,0,0,184.55199999999999,0
0,1438,11504,0,0,158.10599999999999,0
0,1439,11512,0,0,160.69,0
0,1440,11520,0,0,158.03700000000001,0
0,1441,11528,0,0,130.89500000000001,0
0,1442,11536,0,0,125.53,0
0,1443,11544,0,0,178.60300000000001,0
0,1444,11552,0,0,186.86699999999999,0
0,1445,11560,0,0,174.65899999999999,0
0,1446,11568,0,0,148.13999999999999,0
0,1447,11576,0,0,180.11000000000001,0
0,1448,11584,0,0,180.36500000000001,0
0,1449,11592,0,0,192.976,0
0,1450,11600,0,0,184.435,0
0,1451,11608,0,0,206.49199999999999,0
0,1452,11616,0,0,136.09299999999999,0
0,1453,11624,0,0,207.857,0
0,1454,11632,0,0,171.76599999999999,0
0,1455,11640,0,0,171.68299999999999,0
0,1456,11648,0,0,185.21700000000001,0
0,1457,11656,0,0,165.35599999999999,0
0,1458,11664,0,0,193.904,0
0,1459,11672,0,0,171.78100000000001,0
0,1460,11680,0,0,167.58799999999999,0
0,1461,11688,0,0,195.04599999999999,0
0,1462,11696,0,0,177.916,0
0,1463,11704,0,0,186.00800000000001,0
0,1464,11712,0,0,189.86699999999999,0
0,1465,11720,0,0,182.827,0
0,1466,11728,0,0,163.155,0
0,1467,11736,0,0,155.477,0
0,1468,11744,0,0,148.227,0
0,1469,11752,0,0,128.44999999999999,0
0,1470,11760,0,0,198.53999999999999,0
0,1471,11768,0,0,176.27699999999999,0
0,1472,11776,0,0,172.62799999999999,0
0,1473,11784,0,0,178.90700000000001,0
0,1474,11792,0,0,148.227,0
0,1475,11800,0,0,192.28700000000001,0
0,1476,11808,0,0,190.66900000000001,0
0,1477,11816,0,0,177.74700000000001,0
0,1478,11824,0,0,170.489,0
0,1479,11832,0,0,188.684,0
0,1480,11840,0,0,171.53399999999999,0
0,1481,11848,0,0,191.16300000000001,0
0,1482,11856,0,0,203.17500000000001,0
0,1483,11864,0,0,186.494,0
0,1484,11872,0,0,174.17099999999999,0
0,1485,11880,0,0,198.148,0
0,1486,11888,0,0,167.48099999999999,0
0,1487,11896,0,0,185.65700000000001,0
0,1488,11904,0,0,192.756,0
0,1489,11912,0,0,171.607,0
0,1490,11920,0,0,167.23500000000001,0
0,1491,11928,0,0,168.755,0
0,1492,11936,0,0,178.43000000000001,0
0,1493,11944,0,0,156.94200000000001,0
0,1494,11952,0,0,175.285,0
0,1495,11960,0,0,182.84399999999999,0
0,1496,11968,0,0,173.96700000000001,0
0,1497,11976,0,0,157.464,0
0,1498,11984,0,0,149.268,0
0,1499,11992,0,0,188.94200000000001,0
0,1500,12000,0,0,204.04400000000001,0
0,1501,12008,0,0,194.10499999999999,0
0,1502,12016,0,0,194.35499999999999,0
0,1503,12024,0,0,190.345,0
0,1504,12032,0,0,135.50700000000001,0
0,1505,12040,0,0,212.39400000000001,0
0,1506,12048,0,0,183.636,0
0,1507,12056,0,0,192.119,0
0,1508,12064,0,0,116.764,0
0,1509,12072,0,0,185.34200000000001,0
0,1510,12080,0,0,171.5,0
0,1511,12088,0,0,174.072,0
0,1512,12096,0,0,184.74100000000001,0
0,1513,12104,0,0,167.61500000000001,0
0,1514,12112,0,0,160.839,0
0,1515,12120,0,0,164.316,0
0,1516,12128,0,0,199.983,0
0,1517,12136,0,0,172.83099999999999,0
0,1518,12144,0,0,164.28200000000001,0
0,1519,12152,0,0,200.89500000000001,0
0,1520,12160,0,0,141.36699999999999,0
0,1521,12168,0,0,161.715,0
0,1522,12176,0,0,153.815,0
0,1523,12184,0,0,172.29599999999999,0
0,1524,12192,0,0,184.80699999999999,0
0,1525,12200,0,0,162.108,0
0,1526,12208,0,0,188.31100000000001,0
0,1527,12216,0,0,187.64099999999999,0
0,1528,12224,0,0,173.95699999999999,0
0,1529,12232,0,0,186.25399999999999,0
0,1530,12240,0,0,200.04900000000001,0
0,1531,12248,0,0,201.17500000000001,0
0,1532,12256,0,0,193.06100000000001,0
0,1533,12264,0,0,151.15700000000001,0
0,1534,12272,0,0,178.494,0
0,1535,12280,0,0,178.732,0
0,1536,12288,0,0,193.215,0
0,1537,12296,0,0,159.03999999999999,0
0,1538,12304,0,0,150.87899999999999,0
0,1539,12312,0,0,161.28899999999999,0
0,1540,12320,0,0,195.65299999999999,0
0,1541,12328,0,0,140.99100000000001,0
0,1542,12336,0,0,126.276,0
0,1543,12344,0,0,194.99600000000001,0
0,1544,12352,0,0,192.26300000000001,0
0,1545,12360,0,0,189.84200000000001,0
0,1546,12368,0,0,171.012,0
0,1547,12376,0,0,187.756,0
0,1548,12384,0,0,167.65799999999999,0
0,1549,12392,0,0,188.48599999999999,0
0,1550,12400,0,0,166.614,0
0,1551,12408,0,0,165.196,0
0,1552,12416,0,0,155.54900000000001,0
0,1553,12424,0,0,177.42400000000001,0
0,1554,12432,0,0,190.83500000000001,0
0,1555,12440,0,0,131.64599999999999,0
0,1556,12448,0,0,148.654,0
0,1557,12456,0,0,145.464,0
0,1558,12464,0,0,175.66300000000001,0
0,1559,12472,0,0,179.583,0
0,1560,12480,0,0,165.995,0
0,1561,12488,0,0,179.98500000000001,0
0,1562,12496,0,0,142.672,0
0,1563,12504,0,0,184.983,0
0,1564,12512,0,0,181.52600000000001,0
0,1565,12520,0,0,171.72999999999999,0
0,1566,12528,0,0,188.53100000000001,0
0,1567,12536,0,0,172.02199999999999,0
0,1568,12544,0,0,164.30099999999999,0
0,1569,12552,0,0,213.56,0
0,1570,12560,0,0,183.958,0
0,1571,12568,0,0,182.81399999999999,0
0,1572,12576,0,0,183.74299999999999,0
0,1573,12584,0,0,161.505,0
0,1574,12592,0,0,152.81700000000001,0
0,1575,12600,0,0,176.375,0
0,1576,12608,0,0,176.27099999999999,0
0,1577,12616,0,0,178.36099999999999,0
0,1578,12624,0,0,193.88200000000001,0
0,1579,12632,0,0,181.84,0
0,1580,12640,0,0,140.09399999999999,0
0,1581,12648,0,0,195.62,0
0,1582,12656,0,0,156.703,0
0,1583,12664,0,0,185.91499999999999,0
0,1584,12672,0,0,161.916,0
0,1585,12680,0,0,159.357,0
0,1586,12688,0,0,181.72300000000001,0
0,1587,12696,0,0,182.61500000000001,0
0,1588,12704,0,0,194.26400000000001,0
0,1589,12712,0,0,181.071,0
0,1590,12720,0,0,188.251,0
0,1591,12728,0,0,157.84800000000001,0
0,1592,12736,0,0,180.857,0
0,1593,12744,0,0,168.87799999999999,0
0,1594,12752,0,0,167.131,0
0,1595,12760,0,0,179.33000000000001,0
0,1596,12768,0,0,191.173,0
0,1597,12776,0,0,176.08600000000001,0
0,1598,12784,0,0,158.78800000000001,0
0,1599,12792,0,0,185.08799999999999,0
0,1600,12800,0,0,174.87200000000001,0
0,1601,12808,0,0,157.09,0
0,1602,12816,0,0,184.17400000000001,0
0,1603,12824,0,0,147.803,0
0,1604,12832,0,0,218.65199999999999,0
0,1605,12840,0,0,179.39400000000001,0
0,1606,12848,0,0,185.65199999999999,0
0,1607,12856,0,0,144.93600000000001,0
0,1608,12864,0,0,182.28800000000001,0
0,1609,12872,0,0,177.816,0
0,1610,12880,0,0,171.08500000000001,0
0,1611,12888,0,0,170.07499999999999,0
0,1612,12896,0,0,164.82900000000001,0
0,1613,12904,0,0,190.04300000000001,0
0,1614,12912,0,0,198.363,0
0,1615,12920,0,0,187.06899999999999,0
0,1616,12928,0,0,188.88399999999999,0
0,1617,12936,0,0,128.19200000000001,0
0,1618,12944,0,0,173.762,0
0,1619,12952,0,0,202.529,0
0,1620,12960,0,0,174.13999999999999,0
0,1621,12968,0,0,179.46299999999999,0
0,1622,12976,0,0,151.376,0
0,1623,12984,0,0,197.268,0
0,1624,12992,0,0,138.845,0
0,1625,13000,0,0,152.03899999999999,0
0,1626,13008,0,0,164.571,0
0,1627,13016,0,0,184.59100000000001,0
0,1628,13024,0,0,159.733,0
0,1629,13032,0,0,132.28899999999999,0
0,1630,13040,0,0,141.929,0
0,1631,13048,0,0,209.90899999999999,0
0,1632,13056,0,0,175.50899999999999,0
0,1633,13064,0,0,182.56899999999999,0
0,1634,13072,0,0,138.989,0
0,1635,13080,0,0,182.625,0
0,1636,13088,0,0,196.24799999999999,0
0,1637,13096,0,0,199.02099999999999,0
0,1638,13104,0,0,191.72999999999999,0
0,1639,13112,0,0,166.45599999999999,0
0,1640,13120,0,0,151.56100000000001,0
0,1641,13128,0,0,198.333,0
0,1642,13136,0,0,195.875,0
0,1643,13144,0,0,166.864,0
0,1644,13152,0,0,173.35900000000001,0
0,1645,13160,0,0,131.309,0
0,1646,13168,0,0,162.00299999999999,0
0,1647,13176,0,0,194.393,0
0,1648,13184,0,0,164.79300000000001,0
0,1649,13192,0,0,198.334,0
0,1650,13200,0,0,161.97800000000001,0
0,1651,13208,0,0,182.87100000000001,0
0,1652,13216,0,0,185.274,0
0,1653,13224,0,0,203.88499999999999,0
0,1654,13232,0,0,172.44900000000001,0
0,1655,13240,0,0,170.32900000000001,0
0,1656,13248,0,0,174.12,0
0,1657,13256,0,0,181.71700000000001,0
0,1658,13264,0,0,177.68199999999999,0
0,1659,13272,0,0,186.709,0
0,1660,13280,0,0,153.95500000000001,0
0,1661,13288,0,0,160.51900000000001,0
0,1662,13296,0,0,198.66900000000001,0
0,1663,13304,0,0,180.87799999999999,0
0,1664,13312,0,0,147.91800000000001,0
0,1665,13320,0,0,148.852,0
0,1666,13328,0,0,202.35599999999999,0
0,1667,13336,0,0,213.12700000000001,0
0,1668,13344,0,0,178.011,0
0,1669,13352,0,0,172.26499999999999,0
0,1670,13360,0,0,152.04900000000001,0
0,1671,13368,0,0,139.31,0
0,1672,13376,0,0,141.321,0
0,1673,13384,0,0,189.66399999999999,0
0,1674,13392,0,0,168.37799999999999,0
0,1675,13400,0,0,201.602,0
0,1676,13408,0,0,167.38300000000001,0
0,1677,13416,0,0,155.512,0
0,1678,13424,0,0,197.911,0
0,1679,13432,0,0,158.93700000000001,0
0,1680,13440,0,0,168.958,0
0,1681,13448,0,0,169.73099999999999,0
0,1682,13456,0,0,175.911,0
0,1683,13464,0,0,154.642,0
0,1684,13472,0,0,193.55199999999999,0
0,1685,13480,0,0,145.583,0
0,1686,13488,0,0,205.904,0
0,1687,13496,0,0,184.88999999999999,0
0,1688,13504,0,0,226.89400000000001,0
0,1689,13512,0,0,183.34299999999999,0
0,1690,13520,0,0,147.941,0
0,1691,13528,0,0,154.05600000000001,0
0,1692,13536,0,0,180.14599999999999,0
0,1693,13544,0,0,192.096,0
0,1694,13552,0,0,168.47300000000001,0
0,1695,13560,0,0,191.494,0
0,1696,13568,0,0,175.964,0
0,1697,13576,0,0,146.62299999999999,0
0,1698,13584,0,0,181.005,0
0,1699,13592,0,0,190.71000000000001,0
0,1700,13600,0,0,189.97,0
0,1701,13608,0,0,154.19999999999999,0
0,1702,13616,0,0,165.91900000000001,0
0,1703,13624,0,0,177.691,0
0,1704,13632,0,0,183.89599999999999,0
0,1705,13640,0,0,169.869,0
0,1706,13648,0,0,207.048,0
0,1707,13656,0,0,166.696,0
0,1708,13664,0,0,167.50700000000001,0
0,1709,13672,0,0,168.46700000000001,0
0,1710,13680,0,0,174.85900000000001,0
0,1711,13688,0,0,150.441,0
0,1712,13696,0,0,167.876,0
0,1713,13704,0,0,163.11799999999999,0
0,1714,13712,0,0,142.09899999999999,0
0,1715,13720,0,0,138.70099999999999,0
0,1716,13728,0,0,197.994,0
0,1717,13736,0,0,145.18799999999999,0
0,1718,13744,0,0,173.51499999999999,0
0,1719,13752,0,0,160.137,0
0,1720,13760,0,0,122.795,0
0,1721,13768,0,0,161.63900000000001,0
0,1722,13776,0,0,147.43700000000001,0
0,1723,13784,0,0,189.65000000000001,0
0,1724,13792,0,0,193.96899999999999,0
0,1725,13800,0,0,168.36099999999999,0
0,1726,13808,0,0,141.99799999999999,0
0,1727,13816,0,0,127.221,0
0,1728,13824,0,0,177.41499999999999,0
0,1729,13832,0,0,135.077,0
0,1730,13840,0,0,196.816,0
0,1731,13848,0,0,188.05199999999999,0
0,1732,13856,0,0,185.285,0
0,1733,13864,0,0,193.715,0
0,1734,13872,0,0,189.39400000000001,0
0,1735,13880,0,0,189.08600000000001,0
0,1736,13888,0,0,199.077,0
0,1737,13896,0,0,197.47300000000001,0
0,1738,13904,0,0,209.10400000000001,0
0,1739,13912,0,0,183.84800000000001,0
0,1740,13920,0,0,153.304,0
0,1741,13928,0,0,173.16900000000001,0
0,1742,13936,0,0,121.20399999999999,0
0,1743,13944,0,0,162.66,0
0,1744,13952,0,0,185.73099999999999,0
0,1745,13960,0,0,175.25299999999999,0
0,1746,13968,0,0,196.06200000000001,0
0,1747,13976,0,0,168.279,0
0,1748,13984,0,0,176.10300000000001,0
0,1749,13992,0,0,159.25800000000001,0
0,1750,14000,0,0,142.49000000000001,0
0,1751,14008,0,0,180.988,0
0,1752,14016,0,0,201.45099999999999,0
0,1753,14024,0,0,203.97499999999999,0
0,1754,14032,0,0,149.19200000000001,0
0,1755,14040,0,0,172.375,0
0,1756,14048,0,0,191.108,0
0,1757,14056,0,0,157.34899999999999,0
0,1758,14064,0,0,176.268,0
0,1759,14072,0,0,168.76599999999999,0
0,1760,14080,0,0,183.25299999999999,0
0,1761,14088,0,0,148.18000000000001,0
0,1762,14096,0,0,148.916,0
0,1763,14104,0,0,179.86500000000001,0
0,1764,14112,0,0,163.035,0
0,1765,14120,0,0,195.001,0
0,1766,14128,0,0,146.09100000000001,0
0,1767,14136,0,0,181.149,0
0,1768,14144,0,0,148.88999999999999,0
0,1769,14152,0,0,164.61699999999999,0
0,1770,14160,0,0,193.06899999999999,0
0,1771,14168,0,0,222.43299999999999,0
0,1772,14176,0,0,189.47900000000001,0
0,1773,14184,0,0,185.89599999999999,0
0,1774,14192,0,0,123.033,0
0,1775,14200,0,0,184.76900000000001,0
0,1776,14208,0,0,186.459,0
0,1777,14216,0,0,141.245,0
0,1778,14224,0,0,172.251,0
0,1779,14232,0,0,172.86199999999999,0
0,1780,14240,0,0,174.749,0
0,1781,14248,0,0,181.63800000000001,0
0,1782,0,1,0,171.87799999999999,0
0,1783,8,1,0,185.03299999999999,0
0,1784,16,1,0,201.887,0
0,1785,24,1,0,191.10900000000001,0
0,1786,32,1,0,186.03700000000001,0
0,1787,40,1,0,194.31299999999999,0
0,1788,48,1,0,196.51400000000001,0
0,1789,56,1,0,156.054,0
0,1790,64,1,0,204.773,0
0,1791,72,1,0,183.00800000000001,0
0,1792,80,1,0,190.376,0
0,1793,88,1,0,188.428,0
0,1794,96,1,0,186.755,0
0,1795,104,1,0,160.02799999999999,0
0,1796,112,1,0,193.88300000000001,0
0,1797,120,1,0,188.28700000000001,0
0,1798,128,1,0,182.38900000000001,0
0,1799,136,1,0,184.33600000000001,0
0,1800,144,1,0,177.32900000000001,0
0,1801,152,1,0,161.58500000000001,0
0,1802,160,1,0,168.99799999999999,0
0,1803,168,1,0,187.441,0
0,1804,176,1,0,190.30000000000001,0
0,1805,184,1,0,144.91800000000001,0
0,1806,192,1,0,170.81700000000001,0
0,1807,200,1,0,185.56399999999999,0
0,1808,208,1,0,160.25200000000001,0
0,1809,216,1,0,137.05199999999999,0
0,1810,224,1,0,181.21000000000001,0
0,1811,232,1,0,197.19399999999999,0
0,1812,240,1,0,152.32499999999999,0
0,1813,248,1,0,181.73699999999999,0
0,1814,256,1,0,173.126,0
0,1815,264,1,0,140.19200000000001,0
0,1816,272,1,0,184.65000000000001,0
0,1817,280,1,0,165.035,0
0,1818,288,1,0,191.69499999999999,0
0,1819,296,1,0,175.239,0
0,1820,304,1,0,130.25800000000001,0
0,1821,312,1,0,137.52500000000001,0
0,1822,320,1,0,152.631,0
0,1823,328,1,0,158.23400000000001,0
0,1824,336,1,0,181.065,0
0,1825,344,1,0,175.34299999999999,0
0,1826,352,1,0,180.01900000000001,0
0,1827,360,1,0,187.68100000000001,0
0,1828,368,1,0,188.995,0
0,1829,376,1,0,175.20400000000001,0
0,1830,384,1,0,197.565,0
0,1831,392,1,0,199.239,0
0,1832,400,1,0,161.09800000000001,0
0,1833,408,1,0,172.96899999999999,0
0,1834,416,1,0,228.50399999999999,0
0,1835,424,1,0,164.499,0
0,1836,432,1,0,193.69999999999999,0
0,1837,440,1,0,183.291,0
0,1838,448,1,0,187.67500000000001,0
0,1839,456,1,0,205.779,0
0,1840,464,1,0,129.59200000000001,0
0,1841,472,1,0,203.56299999999999,0
0,1842,480,1,0,147.149,0
0,1843,488,1,0,156.50399999999999,0
0,1844,496,1,0,183.256,0
0,1845,504,1,0,171.047,0
0,1846,512,1,0,170.381,0
0,1847,520,1,0,139.857,0
0,1848,528,1,0,123.506,0
0,1849,536,1,0,158.107,0
0,1850,544,1,0,193.215,0
0,1851,552,1,0,180.06899999999999,0
0,1852,560,1,0,183.68000000000001,0
0,1853,568,1,0,168.5,0
0,1854,576,1,0,173.636,0
0,1855,584,1,0,184.30600000000001,0
0,1856,592,1,0,199.34700000000001,0
0,1857,600,1,0,163.94499999999999,0
0,1858,608,1,0,205.27600000000001,0
0,1859,616,1,0,180.15600000000001,0
0,1860,624,1,0,178.20099999999999,0
0,1861,632,1,0,176.64699999999999,0
0,1862,640,1,0,189.04499999999999,0
0,1863,648,1,0,161.56899999999999,0
0,1864,656,1,0,174.30699999999999,0
0,1865,664,1,0,142.03800000000001,0
0,1866,672,1,0,182.256,0
0,1867,680,1,0,179.30000000000001,0
0,1868,688,1,0,175.92500000000001,0
0,1869,696,1,0,142.10300000000001,0
0,1870,704,1,0,142.352,0
0,1871,712,1,0,199.898,0
0,1872,720,1,0,165.74700000000001,0
0,1873,728,1,0,174.494,0
0,1874,736,1,0,192.62700000000001,0
0,1875,744,1,0,192.88,0
0,1876,752,1,0,190.745,0
0,1877,760,1,0,174.875,0
0,1878,768,1,0,191.28200000000001,0
0,1879,776,1,0,179.393,0
0,1880,784,1,0,148.221,0
0,1881,792,1,0,192.06299999999999,0
0,1882,800,1,0,166.47300000000001,0
0,1883,808,1,0,192.631,0
0,1884,816,1,0,220.56899999999999,0
0,1885,824,1,0,184.221,0
0,1886,832,1,0,184.54300000000001,0
0,1887,840,1,0,177.16800000000001,0
0,1888,848,1,0,176.113,0
0,1889,856,1,0,193.65100000000001,0
0,1890,864,1,0,177.964,0
0,1891,872,1,0,198.39500000000001,0
0,1892,880,1,0,185.369,0
0,1893,888,1,0,208.45599999999999,0
0,1894,896,1,0,162.917,0
0,1895,904,1,0,165.88499999999999,0
0,1896,912,1,0,199.75999999999999,0
0,1897,920,1,0,172.52600000000001,0
0,1898,928,1,0,192.893,0
0,1899,936,1,0,178.35599999999999,0
0,1900,944,1,0,154.35400000000001,0
0,1901,952,1,0,176.54900000000001,0
0,1902,960,1,0,169.93899999999999,0
0,1903,968,1,0,184.404,0
0,1904,976,1,0,175.90000000000001,0
0,1905,984,1,0,187.393,0
0,1906,992,1,0,164.345,0
0,1907,1000,1,0,197.517,0
0,1908,1008,1,0,191.83799999999999,0
0,1909,1016,1,0,189.96899999999999,0
0,1910,1024,1,0,144.54499999999999,0
0,1911,1032,1,0,136.35400000000001,0
0,1912,1040,1,0,139.435,0
0,1913,1048,1,0,166.37799999999999,0
0,1914,1056,1,0,194.166,0
0,1915,1064,1,0,147.28999999999999,0
0,1916,1072,1,0,160.22300000000001,0
0,1917,1080,1,0,195.827,0
0,1918,1088,1,0,179.464,0
0,1919,1096,1,0,161.08799999999999,0
0,1920,1104,1,0,158.72800000000001,0
0,1921,1112,1,0,174.34100000000001,0
0,1922,1120,1,0,183.958,0
0,1923,1128,1,0,170.398,0
0,1924,1136,1,0,161.38499999999999,0
0,1925,1144,1,0,191.28800000000001,0
0,1926,1152,1,0,178.369,0
0,1927,1160,1,0,130.94900000000001,0
0,1928,1168,1,0,201.042,0
0,1929,1176,1,0,172.929,0
0,1930,1184,1,0,183.99799999999999,0
0,1931,1192,1,0,166.09200000000001,0
0,1932,1200,1,0,114.133,0
0,1933,1208,1,0,194.267,0
0,1934,1216,1,0,138.22399999999999,0
0,1935,1224,1,0,156.65899999999999,0
0,1936,1232,1,0,195.773,0
0,1937,1240,1,0,191.126,0
0,1938,1248,1,0,159.45699999999999,0
0,1939,1256,1,0,160.50700000000001,0
0,1940,1264,1,0,188.512,0
0,1941,1272,1,0,145.32499999999999,0
0,1942,1280,1,0,199.285,0
0,1943,1288,1,0,171.453,0
0,1944,1296,1,0,177.08500000000001,0
0,1945,1304,1,0,191.66499999999999,0
0,1946,1312,1,0,169.76499999999999,0
0,1947,1320,1,0,174.405,0
0,1948,1328,1,0,205.53399999999999,0
0,1949,1336,1,0,177.18199999999999,0
0,1950,1344,1,0,169.691,0
0,1951,1352,1,0,185.566,0
0,1952,1360,1,0,211.303,0
0,1953,1368,1,0,137.61699999999999,0
0,1954,1376,1,0,158.19200000000001,0
0,1955,1384,1,0,142.97399999999999,0
0,1956,1392,1,0,166.684,0
0,1957,1400,1,0,179.28100000000001,0
0,1958,1408,1,0,184.57499999999999,0
0,1959,1416,1,0,183.822,0
0,1960,1424,1,0,158.83000000000001,0
0,1961,1432,1,0,185.774,0
0,1962,1440,1,0,155.023,0
0,1963,1448,1,0,183.62200000000001,0
0,1964,1456,1,0,180.58099999999999,0
0,1965,1464,1,0,165.31700000000001,0
0,1966,1472,1,0,161.71299999999999,0
0,1967,1480,1,0,104.13500000000001,0
0,1968,1488,1,0,195.37700000000001,0
0,1969,1496,1,0,182.768,0
0,1970,1504,1,0,131.839,0
0,1971,1512,1,0,183.69800000000001,0
0,1972,1520,1,0,160.709,0
0,1973,1528,1,0,179.26400000000001,0
0,1974,1536,1,0,192.624,0
0,1975,1544,1,0,170.411,0
0,1976,1552,1,0,202.864,0
0,1977,1560,1,0,196.459,0
0,1978,1568,1,0,176.49100000000001,0
0,1979,1576,1,0,194.53700000000001,0
0,1980,1584,1,0,182.34,0
0,1981,1592,1,0,178.38399999999999,0
0,1982,1600,1,0,198.44,0
0,1983,1608,1,0,180.06100000000001,0
0,1984,1616,1,0,190.63,0
0,1985,1624,1,0,188.05500000000001,0
0,1986,1632,1,0,148.64500000000001,0
0,1987,1640,1,0,186.822,0
0,1988,1648,1,0,173.529,0
0,1989,1656,1,0,208.11600000000001,0
0,1990,1664,1,0,186.834,0
0,1991,1672,1,0,176.244,0
0,1992,1680,1,0,123.30500000000001,0
0,1993,1688,1,0,153.27199999999999,0
0,1994,1696,1,0,181.386,0
0,1995,1704,1,0,192.22900000000001,0
0,1996,1712,1,0,133.72200000000001,0
0,1997,1720,1,0,203.839,0
0,1998,1728,1,0,175.56700000000001,0
0,1999,1736,1,0,193.21000000000001,0
0,2000,1744,1,0,153.988,0
0,2001,1752,1,0,154.76499999999999,0
0,2002,1760,1,0,167.21700000000001,0
0,2003,1768,1,0,162.899,0
0,2004,1776,1,0,178.00399999999999,0
0,2005,1784,1,0,200.60599999999999,0
0,2006,1792,1,0,152.59,0
0,2007,1800,1,0,174.096,0
0,2008,1808,1,0,196.21199999999999,0
0,2009,1816,1,0,156.726,0
0,2010,1824,1,0,184.71000000000001,0
0,2011,1832,1,0,177.916,0
0,2012,1840,1,0,162.185,0
0,2013,1848,1,0,176.274,0
0,2014,1856,1,0,187.30000000000001,0
0,2015,1864,1,0,184.38300000000001,0
0,2016,1872,1,0,180.017,0
0,2017,1880,1,0,191.09999999999999,0
0,2018,1888,1,0,193.589,0
0,2019,1896,1,0,188.19800000000001,0
0,2020,1904,1,0,182.86199999999999,0
0,2021,1912,1,0,203.298,0
0,2022,1920,1,0,161.58000000000001,0
0,2023,1928,1,0,136.08199999999999,0
0,2024,1936,1,0,207.185,0
0,2025,1944,1,0,187.459,0
0,2026,1952,1,0,205.72800000000001,0
0,2027,1960,1,0,210.971,0
0,2028,1968,1,0,147.62899999999999,0
0,2029,1976,1,0,178.33699999999999,0
0,2030,1984,1,0,143.50299999999999,0
0,2031,1992,1,0,177.09800000000001,0
0,2032,2000,1,0,205.22399999999999,0
0,2033,2008,1,0,179.40100000000001,0
0,2034,2016,1,0,202.126,0
0,2035,2024,1,0,192.16300000000001,0
0,2036,2032,1,0,173.50399999999999,0
0,2037,2040,1,0,165.18799999999999,0
0,2038,2048,1,0,143.93199999999999,0
0,2039,2056,1,0,186.42099999999999,0
0,2040,2064,1,0,177.14599999999999,0
0,2041,2072,1,0,169.99000000000001,0
0,2042,2080,1,0,176.63499999999999,0
0,2043,2088,1,0,150.917,0
0,2044,2096,1,0,165.45099999999999,0
0,2045,2104,1,0,194.53700000000001,0
0,2046,2112,1,0,200.29400000000001,0
0,2047,2120,1,0,186.16,0
0,2048,2128,1,0,185.79400000000001,0
0,2049,2136,1,0,187.79400000000001,0
0,2050,2144,1,0,136.59200000000001,0
0,2051,2152,1,0,178.09899999999999,0
0,2052,2160,1,0,152.994,0
0,2053,2168,1,0,212.15000000000001,0
0,2054,2176,1,0,176.161,0
0,2055,2184,1,0,193.75200000000001,0
0,2056,2192,1,0,170.71799999999999,0
0,2057,2200,1,0,154.75999999999999,0
0,2058,2208,1,0,195.75399999999999,0
0,2059,2216,1,0,203.922,0
0,2060,2224,1,0,186.80500000000001,0
0,2061,2232,1,0,185.727,0
0,2062,2240,1,0,168.90600000000001,0
0,2063,2248,1,0,174.48099999999999,0
0,2064,2256,1,0,175.21700000000001,0
0,2065,2264,1,0,165.41399999999999,0
0,2066,2272,1,0,181.886,0
0,2067,2280,1,0,179.27500000000001,0
0,2068,2288,1,0,160.12200000000001,0
0,2069,2296,1,0,169.864,0
0,2070,2304,1,0,131.47200000000001,0
0,2071,2312,1,0,192.66800000000001,0
0,2072,2320,1,0,183.49799999999999,0
0,2073,2328,1,0,183.87799999999999,0
0,2074,2336,1,0,185.25800000000001,0
0,2075,2344,1,0,147.39699999999999,0
0,2076,2352,1,0,185.65299999999999,0
0,2077,2360,1,0,199.21000000000001,0
0,2078,2368,1,0,167.167,0
0,2079,2376,1,0,161.114,0
0,2080,2384,1,0,184.84399999999999,0
0,2081,2392,1,0,146.977,0
0,2082,2400,1,0,182.584,0
0,2083,2408,1,0,142.499,0
0,2084,2416,1,0,176.62799999999999,0
0,2085,2424,1,0,185.321,0
0,2086,2432,1,0,172.898,0
0,2087,2440,1,0,183.721,0
0,2088,2448,1,0,142.51300000000001,0
0,2089,2456,1,0,160.65899999999999,0
0,2090,2464,1,0,155.184,0
0,2091,2472,1,0,176.86000000000001,0
0,2092,2480,1,0,182.52699999999999,0
0,2093,2488,1,0,182.12899999999999,0
0,2094,2496,1,0,167.489,0
0,2095,2504,1,0,171.12100000000001,0
0,2096,2512,1,0,180.07599999999999,0
0,2097,2520,1,0,193.61199999999999,0
0,2098,2528,1,0,185.41300000000001,0
0,2099,2536,1,0,148.072,0
0,2100,2544,1,0,194.69499999999999,0
0,2101,2552,1,0,168.36199999999999,0
0,2102,2560,1,0,139.25299999999999,0
0,2103,2568,1,0,164.68299999999999,0
0,2104,2576,1,0,182.28,0
0,2105,2584,1,0,178.304,0
0,2106,2592,1,0,180.13,0
0,2107,2600,1,0,200.256,0
0,2108,2608,1,0,181.50299999999999,0
0,2109,2616,1,0,164.29900000000001,0
0,2110,2624,1,0,145.685,0
0,2111,2632,1,0,187.553,0
0,2112,2640,1,0,233.84,0
0,2113,2648,1,0,174.09399999999999,0
0,2114,2656,1,0,186.059,0
0,2115,2664,1,0,132.62899999999999,0
0,2116,2672,1,0,189.55199999999999,0
0,2117,2680,1,0,164.399,0
0,2118,2688,1,0,184.18600000000001,0
0,2119,2696,1,0,197.36799999999999,0
0,2120,2704,1,0,164.84299999999999,0
0,2121,2712,1,0,180.78200000000001,0
0,2122,2720,1,0,196.363,0
0,2123,2728,1,0,150.827,0
0,2124,2736,1,0,188.85300000000001,0
0,2125,2744,1,0,165.88300000000001,0
0,2126,2752,1,0,206.453,0
0,2127,2760,1,0,182.458,0
0,2128,2768,1,0,170.47,0
0,2129,2776,1,0,198.34800000000001,0
0,2130,2784,1,0,186.31399999999999,0
0,2131,2792,1,0,181.93199999999999,0
0,2132,2800,1,0,191.43899999999999,0
0,2133,2808,1,0,192.964,0
0,2134,2816,1,0,160.40899999999999,0
0,2135,2824,1,0,178.42500000000001,0
0,2136,2832,1,0,185.21299999999999,0
0,2137,2840,1,0,182.56999999999999,0
0,2138,2848,1,0,199.065,0
0,2139,2856,1,0,172.857,0
0,2140,2864,1,0,180.142,0
0,2141,2872,1,0,180.816,0
0,2142,2880,1,0,166.821,0
0,2143,2888,1,0,191.25700000000001,0
0,2144,2896,1,0,156.983,0
0,2145,2904,1,0,189.91200000000001,0
0,2146,2912,1,0,201.72900000000001,0
0,2147,2920,1,0,149.68299999999999,0
0,2148,2928,1,0,190.80000000000001,0
0,2149,2936,1,0,132.40299999999999,0
0,2150,2944,1,0,182.86799999999999,0
0,2151,2952,1,0,155.19800000000001,0
0,2152,2960,1,0,186.131,0
0,2153,2968,1,0,169.304,0
0,2154,2976,1,0,174.96100000000001,0
0,2155,2984,1,0,122.834,0
0,2156,2992,1,0,178.69300000000001,0
0,2157,3000,1,0,183.744,0
0,2158,3008,1,0,156.93600000000001,0
0,2159,3016,1,0,184.40000000000001,0
0,2160,3024,1,0,185.63800000000001,0
0,2161,3032,1,0,227.22300000000001,0
0,2162,3040,1,0,192.77699999999999,0
0,2163,3048,1,0,183.928,0
0,2164,3056,1,0,190.923,0
0,2165,3064,1,0,168.66499999999999,0
0,2166,3072,1,0,182.548,0
0,2167,3080,1,0,198.60900000000001,0
0,2168,3088,1,0,148.714,0
0,2169,3096,1,0,170.92099999999999,0
0,2170,3104,1,0,174.161,0
0,2171,3112,1,0,183.58600000000001,0
0,2172,3120,1,0,194.26300000000001,0
0,2173,3128,1,0,176.53700000000001,0
0,2174,3136,1,0,178.06800000000001,0
0,2175,3144,1,0,184.971,0
0,2176,3152,1,0,171.83500000000001,0
0,2177,3160,1,0,188.51599999999999,0
0,2178,3168,1,0,132.11199999999999,0
0,2179,3176,1,0,182.63200000000001,0
0,2180,3184,1,0,203.65899999999999,0
0,2181,3192,1,0,192.62700000000001,0
0,2182,3200,1,0,179.47900000000001,0
0,2183,3208,1,0,156.804,0
0,2184,3216,1,0,184.83500000000001,0
0,2185,3224,1,0,172.17699999999999,0
0,2186,3232,1,0,196.34999999999999,0
0,2187,3240,1,0,170.78200000000001,0
0,2188,3248,1,0,152.55500000000001,0
0,2189,3256,1,0,185.15000000000001,0
0,2190,3264,1,0,173.274,0
0,2191,3272,1,0,159.21799999999999,0
0,2192,3280,1,0,190.58099999999999,0
0,2193,3288,1,0,182.76300000000001,0
0,2194,3296,1,0,170.93799999999999,0
0,2195,3304,1,0,151.67500000000001,0
0,2196,3312,1,0,213.39099999999999,0
0,2197,3320,1,0,156.506,0
0,2198,3328,1,0,172.58699999999999,0
0,2199,3336,1,0,194.91499999999999,0
0,2200,3344,1,0,178.02500000000001,0
0,2201,3352,1,0,151.655,0
0,2202,3360,1,0,159.67099999999999,0
0,2203,3368,1,0,148.81999999999999,0
0,2204,3376,1,0,144.02799999999999,0
0,2205,3384,1,0,182.91499999999999,0
0,2206,3392,1,0,195.46199999999999,0
0,2207,3400,1,0,165.5,0
0,2208,3408,1,0,198.446,0
0,2209,3416,1,0,175.964,0
0,2210,3424,1,0,150.86799999999999,0
0,2211,3432,1,0,193.15899999999999,0
0,2212,3440,1,0,192.16800000000001,0
0,2213,3448,1,0,186.422,0
0,2214,3456,1,0,197.49299999999999,0
0,2215,3464,1,0,125.33499999999999,0
0,2216,3472,1,0,172.94300000000001,0
0,2217,3480,1,0,214.14699999999999,0
0,2218,3488,1,0,166.39599999999999,0
0,2219,3496,1,0,187.04300000000001,0
0,2220,3504,1,0,157.24100000000001,0
0,2221,3512,1,0,186.37,0
0,2222,3520,1,0,139.209,0
0,2223,3528,1,0,180.059,0
0,2224,3536,1,0,184.453,0
0,2225,3544,1,0,171.53200000000001,0
0,2226,3552,1,0,174.357,0
0,2227,3560,1,0,184.56399999999999,0
0,2228,3568,1,0,147.29300000000001,0
0,2229,3576,1,0,176.483,0
0,2230,3584,1,0,180.512,0
0,2231,3592,1,0,212.94,0
0,2232,3600,1,0,197.98500000000001,0
0,2233,3608,1,0,207.916,0
0,2234,3616,1,0,130.583,0
0,2235,3624,1,0,175.749,0
0,2236,3632,1,0,177.46000000000001,0
0,2237,3640,1,0,168.15000000000001,0
0,2238,3648,1,0,179.15100000000001,0
0,2239,3656,1,0,187.33699999999999,0
0,2240,3664,1,0,177.898,0
0,2241,3672,1,0,143.202,0
0,2242,3680,1,0,158.24600000000001,0
0,2243,3688,1,0,180.928,0
0,2244,3696,1,0,185.09,0
0,2245,3704,1,0,170.197,0
0,2246,3712,1,0,153.26400000000001,0
0,2247,3720,1,0,188.57499999999999,0
0,2248,3728,1,0,179.31200000000001,0
0,2249,3736,1,0,156.99100000000001,0
0,2250,3744,1,0,175.834,0
0,2251,3752,1,0,162.16300000000001,0
0,2252,3760,1,0,190.435,0
0,2253,3768,1,0,189.87899999999999,0
0,2254,3776,1,0,195.137,0
0,2255,3784,1,0,140.11000000000001,0
0,2256,3792,1,0,189.791,0
0,2257,3800,1,0,201.298,0
0,2258,3808,1,0,187.96100000000001,0
0,2259,3816,1,0,194.893,0
0,2260,3824,1,0,172.82300000000001,0
0,2261,3832,1,0,154.923,0
0,2262,3840,1,0,183.73699999999999,0
0,2263,3848,1,0,199.154,0
0,2264,3856,1,0,166.791,0
0,2265,3864,1,0,170.059,0
0,2266,3872,1,0,181.68299999999999,0
0,2267,3880,1,0,172.18600000000001,0
0,2268,3888,1,0,135.38,0
0,2269,3896,1,0,173.31,0
0,2270,3904,1,0,178.30000000000001,0
0,2271,3912,1,0,146.779,0
0,2272,3920,1,0,143.66300000000001,0
0,2273,3928,1,0,192.46799999999999,0
0,2274,3936,1,0,175.709,0
0,2275,3944,1,0,184.977,0
0,2276,3952,1,0,150.816,0
0,2277,3960,1,0,166.59100000000001,0
0,2278,3968,1,0,169.43899999999999,0
0,2279,3976,1,0,187.44200000000001,0
0,2280,3984,1,0,142.82599999999999,0
0,2281,3992,1,0,196.524,0
0,2282,4000,1,0,126.76000000000001,0
0,2283,4008,1,0,185.87299999999999,0
0,2284,4016,1,0,189.78,0
0,2285,4024,1,0,192.369,0
0,2286,4032,1,0,189.66900000000001,0
0,2287,4040,1,0,177.36699999999999,0
0,2288,4048,1,0,158.12299999999999,0
0,2289,4056,1,0,157.39599999999999,0
0,2290,4064,1,0,174.17699999999999,0
0,2291,4072,1,0,186.50999999999999,0
0,2292,4080,1,0,175.47300000000001,0
0,2293,4088,1,0,194.68000000000001,0
0,2294,4096,1,0,123.089,0
0,2295,4104,1,0,173.74000000000001,0
0,2296,4112,1,0,186.393,0
0,2297,4120,1,0,198.84200000000001,0
0,2298,4128,1,0,174.57900000000001,0
0,2299,4136,1,0,161.46600000000001,0
0,2300,4144,1,0,192.98099999999999,0
0,2301,4152,1,0,176.85400000000001,0
0,2302,4160,1,0,190.625,0
0,2303,4168,1,0,170.887,0
0,2304,4176,1,0,142.14099999999999,0
0,2305,4184,1,0,182.40299999999999,0
0,2306,4192,1,0,171.22200000000001,0
0,2307,4200,1,0,193.18000000000001,0
0,2308,4208,1,0,152.33699999999999,0
0,2309,4216,1,0,158.87,0
0,2310,4224,1,0,182.93799999999999,0
0,2311,4232,1,0,182.392,0
0,2312,4240,1,0,159.86699999999999,0
0,2313,4248,1,0,172.44,0
0,2314,4256,1,0,195.65799999999999,0
0,2315,4264,1,0,194.57599999999999,0
0,2316,4272,1,0,176.04400000000001,0
0,2317,4280,1,0,160.91,0
0,2318,4288,1,0,159.08099999999999,0
0,2319,4296,1,0,143.809,0
0,2320,4304,1,0,172.155,0
0,2321,4312,1,0,169.81399999999999,0
0,2322,4320,1,0,185.61799999999999,0
0,2323,4328,1,0,174.495,0
0,2324,4336,1,0,155.28299999999999,0
0,2325,4344,1,0,142.23699999999999,0
0,2326,4352,1,0,192.214,0
0,2327,4360,1,0,183.42500000000001,0
0,2328,4368,1,0,180.93600000000001,0
0,2329,4376,1,0,145.27099999999999,0
0,2330,4384,1,0,182.744,0
0,2331,4392,1,0,203.43299999999999,0
0,2332,4400,1,0,209.69800000000001,0
0,2333,4408,1,0,188.44999999999999,0
0,2334,4416,1,0,160.34899999999999,0
0,2335,4424,1,0,176.01499999999999,0
0,2336,4432,1,0,185.77699999999999,0
0,2337,4440,1,0,145.61199999999999,0
0,2338,4448,1,0,155.87700000000001,0
0,2339,4456,1,0,172.02099999999999,0
0,2340,4464,1,0,198.155,0
0,2341,4472,1,0,194.90700000000001,0
0,2342,4480,1,0,196.76300000000001,0
0,2343,4488,1,0,178.893,0
0,2344,4496,1,0,157.88999999999999,0
0,2345,4504,1,0,216.49700000000001,0
0,2346,4512,1,0,186.00200000000001,0
0,2347,4520,1,0,198.99700000000001,0
0,2348,4528,1,0,180.41800000000001,0
0,2349,4536,1,0,162.67400000000001,0
0,2350,4544,1,0,172.58799999999999,0
0,2351,4552,1,0,130.374,0
0,2352,4560,1,0,202.98599999999999,0
0,2353,4568,1,0,192.05699999999999,0
0,2354,4576,1,0,176.614,0
0,2355,4584,1,0,189.09,0
0,2356,4592,1,0,202.316,0
0,2357,4600,1,0,164.898,0
0,2358,4608,1,0,180.28100000000001,0
0,2359,4616,1,0,174.25399999999999,0
0,2360,4624,1,0,179.755,0
0,2361,4632,1,0,190.70500000000001,0
0,2362,4640,1,0,168.16800000000001,0
0,2363,4648,1,0,183.76300000000001,0
0,2364,4656,1,0,188.411,0
0,2365,4664,1,0,160.577,0
0,2366,4672,1,0,169.28,0
0,2367,4680,1,0,172.505,0
0,2368,4688,1,0,180.405,0
0,2369,4696,1,0,149.767,0
0,2370,4704,1,0,153.78299999999999,0
0,2371,4712,1,0,193.62799999999999,0
0,2372,4720,1,0,184.77099999999999,0
0,2373,4728,1,0,178.10400000000001,0
0,2374,4736,1,0,182.916,0
0,2375,4744,1,0,188.232,0
0,2376,4752,1,0,164.607,0
0,2377,4760,1,0,167.76900000000001,0
0,2378,4768,1,0,172.91,0
0,2379,4776,1,0,185.71299999999999,0
0,2380,4784,1,0,188.26300000000001,0
0,2381,4792,1,0,202.19300000000001,0
0,2382,4800,1,0,136.81,0
0,2383,4808,1,0,180.12899999999999,0
0,2384,4816,1,0,145.29499999999999,0
0,2385,4824,1,0,178.892,0
0,2386,4832,1,0,179.58600000000001,0
0,2387,4840,1,0,183.93299999999999,0
0,2388,4848,1,0,178.042,0
0,2389,4856,1,0,175.26900000000001,0
0,2390,4864,1,0,189.809,0
0,2391,4872,1,0,173.874,0
0,2392,4880,1,0,132.97800000000001,0
0,2393,4888,1,0,169.24299999999999,0
0,2394,4896,1,0,157.405,0
0,2395,4904,1,0,186.708,0
0,2396,4912,1,0,175.15600000000001,0
0,2397,4920,1,0,137.04599999999999,0
0,2398,4928,1,0,188.64599999999999,0
0,2399,4936,1,0,155.83199999999999,0
0,2400,4944,1,0,194.29300000000001,0
0,2401,4952,1,0,207.61799999999999,0
0,2402,4960,1,0,185.24000000000001,0
0,2403,4968,1,0,165.261,0
0,2404,4976,1,0,167.70400000000001,0
0,2405,4984,1,0,178.87799999999999,0
0,2406,4992,1,0,163.346,0
0,2407,5000,1,0,206.464,0
0,2408,5008,1,0,191.71600000000001,0
0,2409,5016,1,0,201.13800000000001,0
0,2410,5024,1,0,163.12200000000001,0
0,2411,5032,1,0,171.648,0
0,2412,5040,1,0,196.91499999999999,0
0,2413,5048,1,0,175.65600000000001,0
0,2414,5056,1,0,138.52099999999999,0
0,2415,5064,1,0,128.57499999999999,0
0,2416,5072,1,0,147.922,0
0,2417,5080,1,0,185.38200000000001,0
0,2418,5088,1,0,183.041,0
0,2419,5096,1,0,185.81100000000001,0
0,2420,5104,1,0,186.172,0
0,2421,5112,1,0,180.20699999999999,0
0,2422,5120,1,0,195.024,0
0,2423,5128,1,0,127.295,0
0,2424,5136,1,0,191.673,0
0,2425,5144,1,0,151.16499999999999,0
0,2426,5152,1,0,191.05600000000001,0
0,2427,5160,1,0,184.03,0
0,2428,5168,1,0,182.10400000000001,0
0,2429,5176,1,0,179.661,0
0,2430,5184,1,0,182.75399999999999,0
0,2431,5192,1,0,204.98400000000001,0
0,2432,5200,1,0,186.09,0
0,2433,5208,1,0,144.85900000000001,0
0,2434,5216,1,0,170.607,0
0,2435,5224,1,0,156.26400000000001,0
0,2436,5232,1,0,178.94800000000001,0
0,2437,5240,1,0,197.97,0
0,2438,5248,1,0,192.55199999999999,0
0,2439,5256,1,0,196.93799999999999,0
0,2440,5264,1,0,197.20400000000001,0
0,2441,5272,1,0,203.35400000000001,0
0,2442,5280,1,0,168.28200000000001,0
0,2443,5288,1,0,156.68799999999999,0
0,2444,5296,1,0,173.26499999999999,0
0,2445,5304,1,0,205.10499999999999,0
0,2446,5312,1,0,169.934,0
0,2447,5320,1,0,223.232,0
0,2448,5328,1,0,164.97499999999999,0
0,2449,5336,1,0,192.36199999999999,0
0,2450,5344,1,0,211.41900000000001,0
0,2451,5352,1,0,156.45500000000001,0
0,2452,5360,1,0,200.53200000000001,0
0,2453,5368,1,0,188.875,0
0,2454,5376,1,0,184.32300000000001,0
0,2455,5384,1,0,153.80699999999999,0
0,2456,5392,1,0,183.30600000000001,0
0,2457,5400,1,0,175.38499999999999,0
0,2458,5408,1,0,198.381,0
0,2459,5416,1,0,174.31100000000001,0
0,2460,5424,1,0,198.59299999999999,0
0,2461,5432,1,0,167.42599999999999,0
0,2462,5440,1,0,195.29300000000001,0
0,2463,5448,1,0,165.54599999999999,0
0,2464,5456,1,0,170.251,0
0,2465,5464,1,0,171.67699999999999,0
0,2466,5472,1,0,199.62299999999999,0
0,2467,5480,1,0,189.67699999999999,0
0,2468,5488,1,0,179.51499999999999,0
0,2469,5496,1,0,190.51599999999999,0
0,2470,5504,1,0,189.714,0
0,2471,5512,1,0,175.57900000000001,0
0,2472,5520,1,0,185.029,0
0,2473,5528,1,0,177.12,0
0,2474,5536,1,0,224.03899999999999,0
0,2475,5544,1,0,129.51499999999999,0
0,2476,5552,1,0,168.42599999999999,0
0,2477,5560,1,0,197.32400000000001,0
0,2478,5568,1,0,135.768,0
0,2479,5576,1,0,176.73699999999999,0
0,2480,5584,1,0,175.81800000000001,0
0,2481,5592,1,0,137.429,0
0,2482,5600,1,0,130.07400000000001,0
0,2483,5608,1,0,178.37,0
0,2484,5616,1,0,163.74199999999999,0
0,2485,5624,1,0,190.67500000000001,0
0,2486,5632,1,0,177.33799999999999,0
0,2487,5640,1,0,175.91499999999999,0
0,2488,5648,1,0,153.809,0
0,2489,5656,1,0,165.24700000000001,0
0,2490,5664,1,0,190.06999999999999,0
0,2491,5672,1,0,162.965,0
0,2492,5680,1,0,150.06,0
0,2493,5688,1,0,190.54400000000001,0
0,2494,5696,1,0,198.417,0
0,2495,5704,1,0,158.30699999999999,0
0,2496,5712,1,0,162.43100000000001,0
0,2497,5720,1,0,182.923,0
0,2498,5728,1,0,208.85599999999999,0
0,2499,5736,1,0,140.048,0
0,2500,5744,1,0,179.61000000000001,0
0,2501,5752,1,0,157.35599999999999,0
0,2502,5760,1,0,182.541,0
0,2503,5768,1,0,152.93600000000001,0
0,2504,5776,1,0,174.821,0
0,2505,5784,1,0,151.434,0
0,2506,5792,1,0,134.072,0
0,2507,5800,1,0,183.27699999999999,0
0,2508,5808,1,0,186.55699999999999,0
0,2509,5816,1,0,174.74600000000001,0
0,2510,5824,1,0,180.952,0
0,2511,5832,1,0,186.76499999999999,0
0,2512,5840,1,0,189.34,0
0,2513,5848,1,0,168.09999999999999,0
0,2514,5856,1,0,184.11199999999999,0
0,2515,5864,1,0,167.32499999999999,0
0,2516,5872,1,0,145.88999999999999,0
0,2517,5880,1,0,181.96299999999999,0
0,2518,5888,1,0,144.28999999999999,0
0,2519,5896,1,0,185.15199999999999,0
0,2520,5904,1,0,129.131,0
0,2521,5912,1,0,160.32499999999999,0
0,2522,5920,1,0,153.041,0
0,2523,5928,1,0,146.86099999999999,0
0,2524,5936,1,0,176.52199999999999,0
0,2525,5944,1,0,202.745,0
0,2526,5952,1,0,139.208,0
0,2527,5960,1,0,177.614,0
0,2528,5968,1,0,161.34200000000001,0
0,2529,5976,1,0,177.07300000000001,0
0,2530,5984,1,0,187.649,0
0,2531,5992,1,0,153.11799999999999,0
0,2532,6000,1,0,180.04300000000001,0
0,2533,6008,1,0,189.09999999999999,0
0,2534,6016,1,0,192.27799999999999,0
0,2535,6024,1,0,209.036,0
0,2536,6032,1,0,130.82499999999999,0
0,2537,6040,1,0,166.441,0
0,2538,6048,1,0,171.34,0
0,2539,6056,1,0,173.32300000000001,0
0,2540,6064,1,0,187.54400000000001,0
0,2541,6072,1,0,145.05799999999999,0
0,2542,6080,1,0,158.30099999999999,0
0,2543,6088,1,0,171.804,0
0,2544,6096,1,0,165.25800000000001,0
0,2545,6104,1,0,143.63499999999999,0
0,2546,6112,1,0,203.435,0
0,2547,6120,1,0,127.56100000000001,0
0,2548,6128,1,0,165.446,0
0,2549,6136,1,0,188.00800000000001,0
0,2550,6144,1,0,195.15299999999999,0
0,2551,6152,1,0,193.41399999999999,0
0,2552,6160,1,0,158.208,0
0,2553,6168,1,0,161.17400000000001,0
0,2554,6176,1,0,204.11500000000001,0
0,2555,6184,1,0,123.2,0
0,2556,6192,1,0,177.005,0
0,2557,6200,1,0,147.934,0
0,2558,6208,1,0,179.29599999999999,0
0,2559,6216,1,0,165.49199999999999,0
0,2560,6224,1,0,214.70599999999999,0
0,2561,6232,1,0,209.10599999999999,0
0,2562,6240,1,0,196.90700000000001,0
0,2563,6248,1,0,162.24299999999999,0
0,2564,6256,1,0,182.88,0
0,2565,6264,1,0,191.13300000000001,0
0,2566,6272,1,0,178.149,0
0,2567,6280,1,0,202.86699999999999,0
0,2568,6288,1,0,174.14699999999999,0
0,2569,6296,1,0,154.42099999999999,0
0,2570,6304,1,0,133.834,0
0,2571,6312,1,0,180.548,0
0,2572,6320,1,0,187.34899999999999,0
0,2573,6328,1,0,189.416,0
0,2574,6336,1,0,152.14599999999999,0
0,2575,6344,1,0,196.80699999999999,0
0,2576,6352,1,0,193.096,0
0,2577,6360,1,0,154.38499999999999,0
0,2578,6368,1,0,174.61699999999999,0
0,2579,6376,1,0,118.86799999999999,0
0,2580,6384,1,0,176.73699999999999,0
0,2581,6392,1,0,173.57499999999999,0
0,2582,6400,1,0,165.15299999999999,0
0,2583,6408,1,0,149.72200000000001,0
0,2584,6416,1,0,159.08000000000001,0
0,2585,6424,1,0,154.19499999999999,0
0,2586,6432,1,0,179.08799999999999,0
0,2587,6440,1,0,175.548,0
0,2588,6448,1,0,157.441,0
0,2589,6456,1,0,161.66,0
0,2590,6464,1,0,134.93700000000001,0
0,2591,6472,1,0,188.47300000000001,0
0,2592,6480,1,0,196.38300000000001,0
0,2593,6488,1,0,168.05799999999999,0
0,2594,6496,1,0,215.25200000000001,0
0,2595,6504,1,0,173.79599999999999,0
0,2596,6512,1,0,155.28800000000001,0
0,2597,6520,1,0,169.90799999999999,0
0,2598,6528,1,0,165.10400000000001,0
0,2599,6536,1,0,180.57599999999999,0
0,2600,6544,1,0,139.661,0
0,2601,6552,1,0,200.11000000000001,0
0,2602,6560,1,0,189.15600000000001,0
0,2603,6568,1,0,179.934,0
0,2604,6576,1,0,187.917,0
0,2605,6584,1,0,159.40600000000001,0
0,2606,6592,1,0,175.57900000000001,0
0,2607,6600,1,0,178.583,0
0,2608,6608,1,0,167.38,0
0,2609,6616,1,0,184.00700000000001,0
0,2610,6624,1,0,190.42500000000001,0
0,2611,6632,1,0,195.261,0
0,2612,6640,1,0,180.41499999999999,0
0,2613,6648,1,0,174.42099999999999,0
0,2614,6656,1,0,168.44999999999999,0
0,2615,6664,1,0,159.01499999999999,0
0,2616,6672,1,0,190.71199999999999,0
0,2617,6680,1,0,193.08000000000001,0
0,2618,6688,1,0,147.19900000000001,0
0,2619,6696,1,0,150.727,0
0,2620,6704,1,0,194.40000000000001,0
0,2621,6712,1,0,192.40899999999999,0
0,2622,6720,1,0,201.56200000000001,0
0,2623,6728,1,0,152.16200000000001,0
0,2624,6736,1,0,180.38499999999999,0
0,2625,6744,1,0,190.434,0
0,2626,6752,1,0,192.98699999999999,0
0,2627,6760,1,0,192.34399999999999,0
0,2628,6768,1,0,214.12,0
0,2629,6776,1,0,175.16200000000001,0
0,2630,6784,1,0,199.70500000000001,0
0,2631,6792,1,0,191.733,0
0,2632,6800,1,0,189.43199999999999,0
0,2633,6808,1,0,174.947,0
0,2634,6816,1,0,178.446,0
0,2635,6824,1,0,153.91300000000001,0
0,2636,6832,1,0,171.54599999999999,0
0,2637,6840,1,0,128.40600000000001,0
0,2638,6848,1,0,191.512,0
0,2639,6856,1,0,170.52099999999999,0
0,2640,6864,1,0,133.30600000000001,0
0,2641,6872,1,0,190.27000000000001,0
0,2642,6880,1,0,174.23400000000001,0
0,2643,6888,1,0,170.87200000000001,0
0,2644,6896,1,0,154.74000000000001,0
0,2645,6904,1,0,187.589,0
0,2646,6912,1,0,160.18299999999999,0
0,2647,6920,1,0,178.61799999999999,0
0,2648,6928,1,0,173.833,0
0,2649,6936,1,0,166.303,0
0,2650,6944,1,0,152.262,0
0,2651,6952,1,0,179.91200000000001,0
0,2652,6960,1,0,169.042,0
0,2653,6968,1,0,164.93000000000001,0
0,2654,6976,1,0,189.678,0
0,2655,6984,1,0,164.51900000000001,0
0,2656,6992,1,0,180.16200000000001,0
0,2657,7000,1,0,163.327,0
0,2658,7008,1,0,168.23699999999999,0
0,2659,7016,1,0,183.422,0
0,2660,7024,1,0,187.369,0
0,2661,7032,1,0,168.506,0
0,2662,7040,1,0,215.45599999999999,0
0,2663,7048,1,0,191.82599999999999,0
0,2664,7056,1,0,179.22300000000001,0
0,2665,7064,1,0,185.92400000000001,0
0,2666,7072,1,0,183.43000000000001,0
0,2667,7080,1,0,182.095,0
0,2668,7088,1,0,175.048,0
0,2669,7096,1,0,182.721,0
0,2670,7104,1,0,194.244,0
0,2671,7112,1,0,139.15199999999999,0
0,2672,7120,1,0,177.55600000000001,0
0,2673,7128,1,0,199.43799999999999,0
0,2674,7136,1,0,161.20699999999999,0
0,2675,7144,1,0,162.124,0
0,2676,7152,1,0,127.024,0
0,2677,7160,1,0,173.06100000000001,0
0,2678,7168,1,0,187.84700000000001,0
0,2679,7176,1,0,155.02099999999999,0
0,2680,7184,1,0,180.88900000000001,0
0,2681,7192,1,0,157.41200000000001,0
0,2682,7200,1,0,141.93799999999999,0
0,2683,7208,1,0,180.35499999999999,0
0,2684,7216,1,0,165.56700000000001,0
0,2685,7224,1,0,165.89400000000001,0
0,2686,7232,1,0,122.121,0
0,2687,7240,1,0,149.81800000000001,0
0,2688,7248,1,0,189.762,0
0,2689,7256,1,0,188.376,0
0,2690,7264,1,0,158.25299999999999,0
0,2691,7272,1,0,183.452,0
0,2692,7280,1,0,193.197,0
0,2693,7288,1,0,160.42500000000001,0
0,2694,7296,1,0,182.24100000000001,0
0,2695,7304,1,0,198.71799999999999,0
0,2696,7312,1,0,186.99100000000001,0
0,2697,7320,1,0,174.40799999999999,0
0,2698,7328,1,0,186.017,0
0,2699,7336,1,0,204.26300000000001,0
0,2700,7344,1,0,161.67500000000001,0
0,2701,7352,1,0,159.13300000000001,0
0,2702,7360,1,0,191.90199999999999,0
0,2703,7368,1,0,148.773,0
0,2704,7376,1,0,198.488,0
0,2705,7384,1,0,204.011,0
0,2706,7392,1,0,179.77099999999999,0
0,2707,7400,1,0,199.648,0
0,2708,7408,1,0,176.875,0
0,2709,7416,1,0,186.99600000000001,0
0,2710,7424,1,0,204.18000000000001,0
0,2711,7432,1,0,187.32400000000001,0
0,2712,7440,1,0,184.76599999999999,0
0,2713,7448,1,0,166.322,0
0,2714,7456,1,0,186.88300000000001,0
0,2715,7464,1,0,201.12799999999999,0
0,2716,7472,1,0,196.90600000000001,0
0,2717,7480,1,0,185.65299999999999,0
0,2718,7488,1,0,191.88900000000001,0
0,2719,7496,1,0,152.95099999999999,0
0,2720,7504,1,0,185.072,0
0,2721,7512,1,0,167.328,0
0,2722,7520,1,0,170.023,0
0,2723,7528,1,0,191.173,0
0,2724,7536,1,0,181.17699999999999,0
0,2725,7544,1,0,166.99100000000001,0
0,2726,7552,1,0,144.45699999999999,0
0,2727,7560,1,0,185.495,0
0,2728,7568,1,0,138.25200000000001,0
0,2729,7576,1,0,187.40299999999999,0
0,2730,7584,1,0,171.965,0
0,2731,7592,1,0,172.28100000000001,0
0,2732,7600,1,0,178.78399999999999,0
0,2733,7608,1,0,139.00200000000001,0
0,2734,7616,1,0,182.30099999999999,0
0,2735,7624,1,0,173.96600000000001,0
0,2736,7632,1,0,203.923,0
0,2737,7640,1,0,134.13300000000001,0
0,2738,7648,1,0,186.00999999999999,0
0,2739,7656,1,0,179.17099999999999,0
0,2740,7664,1,0,190.55099999999999,0
0,2741,7672,1,0,189.57300000000001,0
0,2742,7680,1,0,182.137,0
0,2743,7688,1,0,204.661,0
0,2744,7696,1,0,165.31200000000001,0
0,2745,7704,1,0,129.18100000000001,0
0,2746,7712,1,0,183.08099999999999,0
0,2747,7720,1,0,144.50299999999999,0
0,2748,7728,1,0,228.97399999999999,0
0,2749,7736,1,0,204.965,0
0,2750,7744,1,0,172.67599999999999,0
0,2751,7752,1,0,159.208,0
0,2752,7760,1,0,187.095,0
0,2753,7768,1,0,143.90600000000001,0
0,2754,7776,1,0,166.905,0
0,2755,7784,1,0,184.15700000000001,0
0,2756,7792,1,0,198.464,0
0,2757,7800,1,0,172.22800000000001,0
0,2758,7808,1,0,155.92400000000001,0
0,2759,7816,1,0,177.34200000000001,0
0,2760,7824,1,0,176.74199999999999,0
0,2761,7832,1,0,164.76400000000001,0
0,2762,7840,1,0,184.22200000000001,0
0,2763,7848,1,0,167.61500000000001,0
0,2764,7856,1,0,190.47800000000001,0
0,2765,7864,1,0,145.83500000000001,0
0,2766,7872,1,0,160.62200000000001,0
0,2767,7880,1,0,176.16999999999999,0
0,2768,7888,1,0,167.48599999999999,0
0,2769,7896,1,0,193.05799999999999,0
0,2770,7904,1,0,172.50999999999999,0
0,2771,7912,1,0,177.471,0
0,2772,7920,1,0,169.21700000000001,0
0,2773,7928,1,0,173.42699999999999,0
0,2774,7936,1,0,174.465,0
0,2775,7944,1,0,211.953,0
0,2776,7952,1,0,186.41399999999999,0
0,2777,7960,1,0,194.119,0
0,2778,7968,1,0,174.983,0
0,2779,7976,1,0,171.863,0
0,2780,7984,1,0,157.22,0
0,2781,7992,1,0,177.77000000000001,0
0,2782,8000,1,0,177.059,0
0,2783,8008,1,0,164.904,0
0,2784,8016,1,0,179.77799999999999,0
0,2785,8024,1,0,172.85900000000001,0
0,2786,8032,1,0,193.44999999999999,0
0,2787,8040,1,0,178.446,0
0,2788,8048,1,0,136.774,0
0,2789,8056,1,0,226.51599999999999,0
0,2790,8064,1,0,155.55799999999999,0
0,2791,8072,1,0,203.48599999999999,0
0,2792,8080,1,0,186.756,0
0,2793,8088,1,0,183.86600000000001,0
0,2794,8096,1,0,156.91800000000001,0
0,2795,8104,1,0,193.27699999999999,0
0,2796,8112,1,0,168.94900000000001,0
0,2797,8120,1,0,180.65700000000001,0
0,2798,8128,1,0,185.80500000000001,0
0,2799,8136,1,0,181.16499999999999,0
0,2800,8144,1,0,184.541,0
0,2801,8152,1,0,192.35900000000001,0
0,2802,8160,1,0,181.50999999999999,0
0,2803,8168,1,0,171.768,0
0,2804,8176,1,0,180.72499999999999,0
0,2805,8184,1,0,165.749,0
0,2806,8192,1,0,167.56800000000001,0
0,2807,8200,1,0,126.452,0
0,2808,8208,1,0,153.364,0
0,2809,8216,1,0,185.37299999999999,0
0,2810,8224,1,0,211.78700000000001,0
0,2811,8232,1,0,146.798,0
0,2812,8240,1,0,169.07400000000001,0
0,2813,8248,1,0,197.73099999999999,0
0,2814,8256,1,0,187.82900000000001,0
0,2815,8264,1,0,157.49299999999999,0
0,2816,8272,1,0,167.60599999999999,0
0,2817,8280,1,0,194.30199999999999,0
0,2818,8288,1,0,179.303,0
0,2819,8296,1,0,143.08099999999999,0
0,2820,8304,1,0,176.78100000000001,0
0,2821,8312,1,0,189.70699999999999,0
0,2822,8320,1,0,168.18600000000001,0
0,2823,8328,1,0,143.035,0
0,2824,8336,1,0,156.708,0
0,2825,8344,1,0,201.785,0
0,2826,8352,1,0,154.64699999999999,0
0,2827,8360,1,0,189.589,0
0,2828,8368,1,0,143.011,0
0,2829,8376,1,0,152.864,0
0,2830,8384,1,0,205.40799999999999,0
0,2831,8392,1,0,131.32599999999999,0
0,2832,8400,1,0,169.78800000000001,0
0,2833,8408,1,0,173.63399999999999,0
0,2834,8416,1,0,199.54900000000001,0
0,2835,8424,1,0,177.25899999999999,0
0,2836,8432,1,0,178.50200000000001,0
0,2837,8440,1,0,184.393,0
0,2838,8448,1,0,204.34800000000001,0
0,2839,8456,1,0,172.32900000000001,0
0,2840,8464,1,0,183.80600000000001,0
0,2841,8472,1,0,152.72999999999999,0
0,2842,8480,1,0,181.08600000000001,0
0,2843,8488,1,0,205.209,0
0,2844,8496,1,0,160.86199999999999,0
0,2845,8504,1,0,178.16,0
0,2846,8512,1,0,196.285,0
0,2847,8520,1,0,190.267,0
0,2848,8528,1,0,187.56200000000001,0
0,2849,8536,1,0,183.435,0
0,2850,8544,1,0,169.71199999999999,0
0,2851,8552,1,0,172.911,0
0,2852,8560,1,0,169.61099999999999,0
0,2853,8568,1,0,168.405,0
0,2854,8576,1,0,204.78200000000001,0
0,2855,8584,1,0,184.17500000000001,0
0,2856,8592,1,0,185.404,0
0,2857,8600,1,0,188.87299999999999,0
0,2858,8608,1,0,212.47999999999999,0
0,2859,8616,1,0,193.50800000000001,0
0,2860,8624,1,0,183.98500000000001,0
0,2861,8632,1,0,192.876,0
0,2862,8640,1,0,186.94,0
0,2863,8648,1,0,176.58199999999999,0
0,2864,8656,1,0,136.68199999999999,0
0,2865,8664,1,0,145.477,0
0,2866,8672,1,0,199.93700000000001,0
0,2867,8680,1,0,177.51400000000001,0
0,2868,8688,1,0,172.67500000000001,0
0,2869,8696,1,0,192.12,0
0,2870,8704,1,0,162.65700000000001,0
0,2871,8712,1,0,131.822,0
0,2872,8720,1,0,193.125,0
0,2873,8728,1,0,174.059,0
0,2874,8736,1,0,195.244,0
0,2875,8744,1,0,170.82300000000001,0
0,2876,8752,1,0,187.93600000000001,0
0,2877,8760,1,0,174.364,0
0,2878,8768,1,0,194.285,0
0,2879,8776,1,0,177.71700000000001,0
0,2880,8784,1,0,155.14099999999999,0
0,2881,8792,1,0,185.82900000000001,0
0,2882,8800,1,0,198.05500000000001,0
0,2883,8808,1,0,175.167,0
0,2884,8816,1,0,162.161,0
0,2885,8824,1,0,170.80000000000001,0
0,2886,8832,1,0,170.66800000000001,0
0,2887,8840,1,0,166.001,0
0,2888,8848,1,0,195.07499999999999,0
0,2889,8856,1,0,157.03899999999999,0
0,2890,8864,1,0,201.69300000000001,0
0,2891,8872,1,0,148.255,0
0,2892,8880,1,0,179.78299999999999,0
0,2893,8888,1,0,193.52699999999999,0
0,2894,8896,1,0,176.04300000000001,0
0,2895,8904,1,0,156.75800000000001,0
0,2896,8912,1,0,139.239,0
0,2897,8920,1,0,188.982,0
0,2898,8928,1,0,158.29499999999999,0
0,2899,8936,1,0,142.71899999999999,0
0,2900,8944,1,0,138.12200000000001,0
0,2901,8952,1,0,199.45400000000001,0
0,2902,8960,1,0,129.33000000000001,0
0,2903,8968,1,0,205.10900000000001,0
0,2904,8976,1,0,172.15700000000001,0
0,2905,8984,1,0,193.97800000000001,0
0,2906,8992,1,0,193.87100000000001,0
0,2907,9000,1,0,169.16,0
0,2908,9008,1,0,176.65199999999999,0
0,2909,9016,1,0,173.41999999999999,0
0,2910,9024,1,0,197.39500000000001,0
0,2911,9032,1,0,144.191,0
0,2912,9040,1,0,143.215,0
0,2913,9048,1,0,193.28899999999999,0
0,2914,9056,1,0,191.47200000000001,0
0,2915,9064,1,0,170.45699999999999,0
0,2916,9072,1,0,166.84700000000001,0
0,2917,9080,1,0,180.578,0
0,2918,9088,1,0,149.12799999999999,0
0,2919,9096,1,0,171.13,0
0,2920,9104,1,0,139.643,0
0,2921,9112,1,0,183.67599999999999,0
0,2922,9120,1,0,212.023,0
0,2923,9128,1,0,232.227,0
0,2924,9136,1,0,169.601,0
0,2925,9144,1,0,176.792,0
0,2926,9152,1,0,184.898,0
0,2927,9160,1,0,169.46000000000001,0
0,2928,9168,1,0,188.66499999999999,0
0,2929,9176,1,0,176.55000000000001,0
0,2930,9184,1,0,151.49199999999999,0
0,2931,9192,1,0,181.64099999999999,0
0,2932,9200,1,0,156.209,0
0,2933,9208,1,0,140.24799999999999,0
0,2934,9216,1,0,223.536,0
0,2935,9224,1,0,187.12700000000001,0
0,2936,9232,1,0,173.49199999999999,0
0,2937,9240,1,0,179.56700000000001,0
0,2938,9248,1,0,117.197,0
0,2939,9256,1,0,168.16300000000001,0
0,2940,9264,1,0,180.87799999999999,0
0,2941,9272,1,0,166.185,0
0,2942,9280,1,0,126.42700000000001,0
0,2943,9288,1,0,154.30799999999999,0
0,2944,9296,1,0,172.37,0
0,2945,9304,1,0,187.04499999999999,0
0,2946,9312,1,0,191.26599999999999,0
0,2947,9320,1,0,154.77699999999999,0
0,2948,9328,1,0,175.80600000000001,0
0,2949,9336,1,0,183.739,0
0,2950,9344,1,0,152.506,0
0,2951,9352,1,0,168.67599999999999,0
0,2952,9360,1,0,152.12299999999999,0
0,2953,9368,1,0,175.91399999999999,0
0,2954,9376,1,0,161.06800000000001,0
0,2955,9384,1,0,182.708,0
0,2956,9392,1,0,190.73599999999999,0
0,2957,9400,1,0,200.583,0
0,2958,9408,1,0,158.995,0
0,2959,9416,1,0,188.81700000000001,0
0,2960,9424,1,0,180.78200000000001,0
0,2961,9432,1,0,173.28700000000001,0
0,2962,9440,1,0,163.90799999999999,0
0,2963,9448,1,0,160.86600000000001,0
0,2964,9456,1,0,178.61600000000001,0
0,2965,9464,1,0,162.042,0
0,2966,9472,1,0,173.47200000000001,0
0,2967,9480,1,0,161.47,0
0,2968,9488,1,0,176.971,0
0,2969,9496,1,0,174.03700000000001,0
0,2970,9504,1,0,172.05099999999999,0
0,2971,9512,1,0,165.99700000000001,0
0,2972,9520,1,0,172.22900000000001,0
0,2973,9528,1,0,181.334,0
0,2974,9536,1,0,167.96700000000001,0
0,2975,9544,1,0,191.11699999999999,0
0,2976,9552,1,0,193.90299999999999,0
0,2977,9560,1,0,180.17099999999999,0
0,2978,9568,1,0,153.94200000000001,0
0,2979,9576,1,0,138.667,0
0,2980,9584,1,0,200.74600000000001,0
0,2981,9592,1,0,171.47800000000001,0
0,2982,9600,1,0,135.19399999999999,0
0,2983,9608,1,0,160.45599999999999,0
0,2984,9616,1,0,169.727,0
0,2985,9624,1,0,195.983,0
0,2986,9632,1,0,168.36699999999999,0
0,2987,9640,1,0,201.18199999999999,0
0,2988,9648,1,0,168.13800000000001,0
0,2989,9656,1,0,169.78200000000001,0
0,2990,9664,1,0,176.554,0
0,2991,9672,1,0,191.12200000000001,0
0,2992,9680,1,0,152.66,0
0,2993,9688,1,0,189.37799999999999,0
0,2994,9696,1,0,126.83,0
0,2995,9704,1,0,162.173,0
0,2996,9712,1,0,142.88499999999999,0
0,2997,9720,1,0,125.01300000000001,0
0,2998,9728,1,0,158.69200000000001,0
0,2999,9736,1,0,179.62299999999999,0
0,3000,9744,1,0,187.892,0
0,3001,9752,1,0,180.416,0
0,3002,9760,1,0,186.928,0
0,3003,9768,1,0,203.65000000000001,0
0,3004,9776,1,0,178.35499999999999,0
0,3005,9784,1,0,164.38200000000001,0
0,3006,9792,1,0,189.381,0
0,3007,9800,1,0,169.24700000000001,0
0,3008,9808,1,0,162.27099999999999,0
0,3009,9816,1,0,165.81,0
0,3010,9824,1,0,187.44800000000001,0
0,3011,9832,1,0,186.62100000000001,0
0,3012,9840,1,0,151.14500000000001,0
0,3013,9848,1,0,176.57400000000001,0
0,3014,9856,1,0,202.642,0
0,3015,9864,1,0,159.37100000000001,0
0,3016,9872,1,0,185.59999999999999,0
0,3017,9880,1,0,162.536,0
0,3018,9888,1,0,140.54300000000001,0
0,3019,9896,1,0,169.04400000000001,0
0,3020,9904,1,0,193.70400000000001,0
0,3021,9912,1,0,181.333,0
0,3022,9920,1,0,196.09999999999999,0
0,3023,9928,1,0,163.904,0
0,3024,9936,1,0,181.328,0
0,3025,9944,1,0,161.82300000000001,0
0,3026,9952,1,0,190.483,0
0,3027,9960,1,0,176.08699999999999,0
0,3028,9968,1,0,197.74799999999999,0
0,3029,9976,1,0,186.23400000000001,0
0,3030,9984,1,0,133.69999999999999,0
0,3031,9992,1,0,167.86500000000001,0
0,3032,10000,1,0,138.21100000000001,0
0,3033,10008,1,0,180.68799999999999,0
0,3034,10016,1,0,176.27600000000001,0
0,3035,10024,1,0,166.392,0
0,3036,10032,1,0,158.245,0
0,3037,10040,1,0,161.73599999999999,0
0,3038,10048,1,0,151.357,0
0,3039,10056,1,0,194.601,0
0,3040,10064,1,0,185.864,0
0,3041,10072,1,0,171.52000000000001,0
0,3042,10080,1,0,178.21000000000001,0
0,3043,10088,1,0,165.291,0
0,3044,10096,1,0,189.80099999999999,0
0,3045,10104,1,0,194.61099999999999,0
0,3046,10112,1,0,188.27799999999999,0
0,3047,10120,1,0,204.71299999999999,0
0,3048,10128,1,0,190.357,0
0,3049,10136,1,0,161.02000000000001,0
0,3050,10144,1,0,198.47800000000001,0
0,3051,10152,1,0,116.047,0
0,3052,10160,1,0,185.012,0
0,3053,10168,1,0,162.28200000000001,0
0,3054,10176,1,0,140.93100000000001,0
0,3055,10184,1,0,188.44999999999999,0
0,3056,10192,1,0,197.518,0
0,3057,10200,1,0,210.03399999999999,0
0,3058,10208,1,0,207.803,0
0,3059,10216,1,0,173.679,0
0,3060,10224,1,0,175.86799999999999,0
0,3061,10232,1,0,185.87899999999999,0
0,3062,10240,1,0,166.185,0
0,3063,10248,1,0,187.16,0
0,3064,10256,1,0,183.29599999999999,0
0,3065,10264,1,0,193.953,0
0,3066,10272,1,0,218.273,0
0,3067,10280,1,0,197.928,0
0,3068,10288,1,0,184.387,0
0,3069,10296,1,0,180.75299999999999,0
0,3070,10304,1,0,193.5,0
0,3071,10312,1,0,147.626,0
0,3072,10320,1,0,183.97399999999999,0
0,3073,10328,1,0,196.429,0
0,3074,10336,1,0,174.316,0
0,3075,10344,1,0,185.61600000000001,0
0,3076,10352,1,0,181.38300000000001,0
0,3077,10360,1,0,203.536,0
0,3078,10368,1,0,165.67099999999999,0
0,3079,10376,1,0,174.16,0
0,3080,10384,1,0,215.46000000000001,0
0,3081,10392,1,0,158.38499999999999,0
0,3082,10400,1,0,184.22300000000001,0
0,3083,10408,1,0,165.786,0
0,3084,10416,1,0,197.733,0
0,3085,10424,1,0,171.87299999999999,0
0,3086,10432,1,0,151.82599999999999,0
0,3087,10440,1,0,176.23500000000001,0
0,3088,10448,1,0,138.089,0
0,3089,10456,1,0,179.435,0
0,3090,10464,1,0,173.86199999999999,0
0,3091,10472,1,0,180.613,0
0,3092,10480,1,0,190.56399999999999,0
0,3093,10488,1,0,173.32599999999999,0
0,3094,10496,1,0,178.95500000000001,0
0,3095,10504,1,0,158.33799999999999,0
0,3096,10512,1,0,203.17400000000001,0
0,3097,10520,1,0,166.041,0
0,3098,10528,1,0,179.75200000000001,0
0,3099,10536,1,0,186.44499999999999,0
0,3100,10544,1,0,177.27799999999999,0
0,3101,10552,1,0,160.57599999999999,0
0,3102,10560,1,0,185.14699999999999,0
0,3103,10568,1,0,172.38900000000001,0
0,3104,10576,1,0,177.50899999999999,0
0,3105,10584,1,0,162.358,0
0,3106,10592,1,0,139.803,0
0,3107,10600,1,0,162.59399999999999,0
0,3108,10608,1,0,191.864,0
0,3109,10616,1,0,168.13300000000001,0
0,3110,10624,1,0,195.61199999999999,0
0,3111,10632,1,0,186.22200000000001,0
0,3112,10640,1,0,172.92699999999999,0
0,3113,10648,1,0,185.76599999999999,0
0,3114,10656,1,0,191.19,0
0,3115,10664,1,0,196.94900000000001,0
0,3116,10672,1,0,188.43700000000001,0
0,3117,10680,1,0,206.625,0
0,3118,10688,1,0,169.42599999999999,0
0,3119,10696,1,0,197.31299999999999,0
0,3120,10704,1,0,185.94,0
0,3121,10712,1,0,171.12799999999999,0
0,3122,10720,1,0,123.848,0
0,3123,10728,1,0,175.83699999999999,0
0,3124,10736,1,0,128.24700000000001,0
0,3125,10744,1,0,180.19200000000001,0
0,3126,10752,1,0,183.857,0
0,3127,10760,1,0,159.86699999999999,0
0,3128,10768,1,0,209.928,0
0,3129,10776,1,0,179.91300000000001,0
0,3130,10784,1,0,143.078,0
0,3131,10792,1,0,176.226,0
0,3132,10800,1,0,162.286,0
0,3133,10808,1,0,180.90899999999999,0
0,3134,10816,1,0,163.47,0
0,3135,10824,1,0,202.191,0
0,3136,10832,1,0,169.471,0
0,3137,10840,1,0,180.61099999999999,0
0,3138,10848,1,0,194.86199999999999,0
0,3139,10856,1,0,179.108,0
0,3140,10864,1,0,159.99000000000001,0
0,3141,10872,1,0,193.11600000000001,0
0,3142,10880,1,0,213.15899999999999,0
0,3143,10888,1,0,174.33500000000001,0
0,3144,10896,1,0,177.191,0
0,3145,10904,1,0,189.12200000000001,0
0,3146,10912,1,0,192.28,0
0,3147,10920,1,0,197.154,0
0,3148,10928,1,0,189.38900000000001,0
0,3149,10936,1,0,170.50299999999999,0
0,3150,10944,1,0,159.751,0
0,3151,10952,1,0,148.73500000000001,0
0,3152,10960,1,0,185.24100000000001,0
0,3153,10968,1,0,194.369,0
0,3154,10976,1,0,161.47399999999999,0
0,3155,10984,1,0,160.666,0
0,3156,10992,1,0,171.90899999999999,0
0,3157,11000,1,0,161.089,0
0,3158,11008,1,0,175.63800000000001,0
0,3159,11016,1,0,172.25700000000001,0
0,3160,11024,1,0,159.34100000000001,0
0,3161,11032,1,0,168.04499999999999,0
0,3162,11040,1,0,158.21100000000001,0
0,3163,11048,1,0,193.03899999999999,0
0,3164,11056,1,0,185.90799999999999,0
0,3165,11064,1,0,203.15700000000001,0
0,3166,11072,1,0,173.315,0
0,3167,11080,1,0,193.90700000000001,0
0,3168,11088,1,0,196.61000000000001,0
0,3169,11096,1,0,155.28999999999999,0
0,3170,11104,1,0,190.11099999999999,0
0,3171,11112,1,0,191.76599999999999,0
0,3172,11120,1,0,191.59299999999999,0
0,3173,11128,1,0,179.39599999999999,0
0,3174,11136,1,0,191.94300000000001,0
0,3175,11144,1,0,198.113,0
0,3176,11152,1,0,183.70500000000001,0
0,3177,11160,1,0,164.648,0
0,3178,11168,1,0,199.43299999999999,0
0,3179,11176,1,0,174.24799999999999,0
0,3180,11184,1,0,151.41300000000001,0
0,3181,11192,1,0,171.083,0
0,3182,11200,1,0,195.066,0
0,3183,11208,1,0,208.054,0
0,3184,11216,1,0,157.49700000000001,0
0,3185,11224,1,0,173.44,0
0,3186,11232,1,0,188.61500000000001,0
0,3187,11240,1,0,176.18199999999999,0
0,3188,11248,1,0,162.31200000000001,0
0,3189,11256,1,0,156.11600000000001,0
0,3190,11264,1,0,187.69,0
0,3191,11272,1,0,181.95500000000001,0
0,3192,11280,1,0,171.47499999999999,0
0,3193,11288,1,0,163.113,0
0,3194,11296,1,0,211.214,0
0,3195,11304,1,0,165.72499999999999,0
0,3196,11312,1,0,191.78399999999999,0
0,3197,11320,1,0,172.73400000000001,0
0,3198,11328,1,0,148.738,0
0,3199,11336,1,0,163.73099999999999,0
0,3200,11344,1,0,184.40299999999999,0
0,3201,11352,1,0,130.26300000000001,0
0,3202,11360,1,0,183.46799999999999,0
0,3203,11368,1,0,181.44499999999999,0
0,3204,11376,1,0,176.18000000000001,0
0,3205,11384,1,0,146.41999999999999,0
0,3206,11392,1,0,188.25200000000001,0
0,3207,11400,1,0,154.57400000000001,0
0,3208,11408,1,0,190.49600000000001,0
0,3209,11416,1,0,158.364,0
0,3210,11424,1,0,160.93899999999999,0
0,3211,11432,1,0,134.85900000000001,0
0,3212,11440,1,0,234.66999999999999,0
0,3213,11448,1,0,183.48099999999999,0
0,3214,11456,1,0,161.59800000000001,0
0,3215,11464,1,0,195.94,0
0,3216,11472,1,0,187.57599999999999,0
0,3217,11480,1,0,177.76400000000001,0
0,3218,11488,1,0,195.18899999999999,0
0,3219,11496,1,0,187.58799999999999,0
0,3220,11504,1,0,158.44900000000001,0
0,3221,11512,1,0,161.976,0
0,3222,11520,1,0,155.38200000000001,0
0,3223,11528,1,0,128.62100000000001,0
0,3224,11536,1,0,125.19,0
0,3225,11544,1,0,177.63499999999999,0
0,3226,11552,1,0,192.58600000000001,0
0,3227,11560,1,0,172.541,0
0,3228,11568,1,0,148.18700000000001,0
0,3229,11576,1,0,171.97900000000001,0
0,3230,11584,1,0,173.79300000000001,0
0,3231,11592,1,0,191.64099999999999,0
0,3232,11600,1,0,182.67599999999999,0
0,3233,11608,1,0,203.5,0
0,3234,11616,1,0,132.05699999999999,0
0,3235,11624,1,0,206.66300000000001,0
0,3236,11632,1,0,172.59,0
0,3237,11640,1,0,169.36000000000001,0
0,3238,11648,1,0,184.018,0
0,3239,11656,1,0,165.042,0
0,3240,11664,1,0,187.43299999999999,0
0,3241,11672,1,0,173.85599999999999,0
0,3242,11680,1,0,166.46199999999999,0
0,3243,11688,1,0,199.619,0
0,3244,11696,1,0,175.649,0
0,3245,11704,1,0,183.81700000000001,0
0,3246,11712,1,0,187.072,0
0,3247,11720,1,0,182.01499999999999,0
0,3248,11728,1,0,164.398,0
0,3249,11736,1,0,154.49199999999999,0
0,3250,11744,1,0,146.88200000000001,0
0,3251,11752,1,0,126.88800000000001,0
0,3252,11760,1,0,188.29499999999999,0
0,3253,11768,1,0,172.535,0
0,3254,11776,1,0,174.166,0
0,3255,11784,1,0,174.489,0
0,3256,11792,1,0,145.161,0
0,3257,11800,1,0,194.22200000000001,0
0,3258,11808,1,0,185.40600000000001,0
0,3259,11816,1,0,173.614,0
0,3260,11824,1,0,170.923,0
0,3261,11832,1,0,189.32900000000001,0
0,3262,11840,1,0,170.334,0
0,3263,11848,1,0,184.399,0
0,3264,11856,1,0,200.221,0
0,3265,11864,1,0,185.15100000000001,0
0,3266,11872,1,0,171.56800000000001,0
0,3267,11880,1,0,194.982,0
0,3268,11888,1,0,162.83500000000001,0
0,3269,11896,1,0,182.35499999999999,0
0,3270,11904,1,0,189.047,0
0,3271,11912,1,0,168.85499999999999,0
0,3272,11920,1,0,166.90899999999999,0
0,3273,11928,1,0,169.053,0
0,3274,11936,1,0,175.48099999999999,0
0,3275,11944,1,0,155.012,0
0,3276,11952,1,0,174.71000000000001,0
0,3277,11960,1,0,181.55699999999999,0
0,3278,11968,1,0,170.36600000000001,0
0,3279,11976,1,0,154.64400000000001,0
0,3280,11984,1,0,145.411,0
0,3281,11992,1,0,187.56299999999999,0
0,3282,12000,1,0,204.75700000000001,0
0,3283,12008,1,0,193.81700000000001,0
0,3284,12016,1,0,192.81899999999999,0
0,3285,12024,1,0,189.66900000000001,0
0,3286,12032,1,0,133.495,0
0,3287,12040,1,0,206.483,0
0,3288,12048,1,0,184.64599999999999,0
0,3289,12056,1,0,189.56999999999999,0
0,3290,12064,1,0,116.178,0
0,3291,12072,1,0,185.071,0
0,3292,12080,1,0,168.648,0
0,3293,12088,1,0,171.64699999999999,0
0,3294,12096,1,0,188.124,0
0,3295,12104,1,0,167.86600000000001,0
0,3296,12112,1,0,156.66900000000001,0
0,3297,12120,1,0,196.06999999999999,0
0,3298,12128,1,0,200.55600000000001,0
0,3299,12136,1,0,176.547,0
0,3300,12144,1,0,167.60400000000001,0
0,3301,12152,1,0,172.834,0
0,3302,12160,1,0,139.66800000000001,0
0,3303,12168,1,0,164.01599999999999,0
0,3304,12176,1,0,155.43700000000001,0
0,3305,12184,1,0,174.15799999999999,0
0,3306,12192,1,0,191.32400000000001,0
0,3307,12200,1,0,166.571,0
0,3308,12208,1,0,186.02199999999999,0
0,3309,12216,1,0,186.172,0
0,3310,12224,1,0,173.965,0
0,3311,12232,1,0,190.03100000000001,0
0,3312,12240,1,0,200.86099999999999,0
0,3313,12248,1,0,195.28100000000001,0
0,3314,12256,1,0,191.42099999999999,0
0,3315,12264,1,0,153.80099999999999,0
0,3316,12272,1,0,179.87299999999999,0
0,3317,12280,1,0,184.78899999999999,0
0,3318,12288,1,0,196.11000000000001,0
0,3319,12296,1,0,152.87200000000001,0
0,3320,12304,1,0,151.994,0
0,3321,12312,1,0,162.49600000000001,0
0,3322,12320,1,0,197.82300000000001,0
0,3323,12328,1,0,141.02099999999999,0
0,3324,12336,1,0,126.745,0
0,3325,12344,1,0,191.90299999999999,0
0,3326,12352,1,0,195.50999999999999,0
0,3327,12360,1,0,189.50899999999999,0
0,3328,12368,1,0,174.03200000000001,0
0,3329,12376,1,0,191.74100000000001,0
0,3330,12384,1,0,168.32300000000001,0
0,3331,12392,1,0,188.86000000000001,0
0,3332,12400,1,0,169.19200000000001,0
0,3333,12408,1,0,164.33099999999999,0
0,3334,12416,1,0,160.44300000000001,0
0,3335,12424,1,0,180.02699999999999,0
0,3336,12432,1,0,190.35400000000001,0
0,3337,12440,1,0,132.72200000000001,0
0,3338,12448,1,0,149.94900000000001,0
0,3339,12456,1,0,146.643,0
0,3340,12464,1,0,179.30099999999999,0
0,3341,12472,1,0,179.27099999999999,0
0,3342,12480,1,0,167.453,0
0,3343,12488,1,0,173.98599999999999,0
0,3344,12496,1,0,144.029,0
0,3345,12504,1,0,185.822,0
0,3346,12512,1,0,185.614,0
0,3347,12520,1,0,167.988,0
0,3348,12528,1,0,182.69800000000001,0
0,3349,12536,1,0,168.84299999999999,0
0,3350,12544,1,0,164.55199999999999,0
0,3351,12552,1,0,216.32499999999999,0
0,3352,12560,1,0,185.23099999999999,0
0,3353,12568,1,0,183.09,0
0,3354,12576,1,0,190.09299999999999,0
0,3355,12584,1,0,161.57400000000001,0
0,3356,12592,1,0,152.46100000000001,0
0,3357,12600,1,0,181.245,0
0,3358,12608,1,0,177.023,0
0,3359,12616,1,0,178.38499999999999,0
0,3360,12624,1,0,190.637,0
0,3361,12632,1,0,183.13200000000001,0
0,3362,12640,1,0,137.03299999999999,0
0,3363,12648,1,0,198.06100000000001,0
0,3364,12656,1,0,153.19800000000001,0
0,3365,12664,1,0,184.78,0
0,3366,12672,1,0,160.38300000000001,0
0,3367,12680,1,0,162.21000000000001,0
0,3368,12688,1,0,182.548,0
0,3369,12696,1,0,181.923,0
0,3370,12704,1,0,182.489,0
0,3371,12712,1,0,177.14599999999999,0
0,3372,12720,1,0,184.97399999999999,0
0,3373,12728,1,0,157.37299999999999,0
0,3374,12736,1,0,184.97900000000001,0
0,3375,12744,1,0,167.73400000000001,0
0,3376,12752,1,0,166.804,0
0,3377,12760,1,0,174.06999999999999,0
0,3378,12768,1,0,185.577,0
0,3379,12776,1,0,172.989,0
0,3380,12784,1,0,157.32300000000001,0
0,3381,12792,1,0,183.52099999999999,0
0,3382,12800,1,0,201.84100000000001,0
0,3383,12808,1,0,156.22800000000001,0
0,3384,12816,1,0,181.179,0
0,3385,12824,1,0,144.483,0
0,3386,12832,1,0,192.565,0
0,3387,12840,1,0,181.542,0
0,3388,12848,1,0,186.64599999999999,0
0,3389,12856,1,0,153.21899999999999,0
0,3390,12864,1,0,183.613,0
0,3391,12872,1,0,181.517,0
0,3392,12880,1,0,171.626,0
0,3393,12888,1,0,174.93799999999999,0
0,3394,12896,1,0,156.375,0
0,3395,12904,1,0,189.83099999999999,0
0,3396,12912,1,0,200.459,0
0,3397,12920,1,0,187.93600000000001,0
0,3398,12928,1,0,189.85499999999999,0
0,3399,12936,1,0,128.30600000000001,0
0,3400,12944,1,0,171.31899999999999,0
0,3401,12952,1,0,194.48500000000001,0
0,3402,12960,1,0,174.935,0
0,3403,12968,1,0,181.08600000000001,0
0,3404,12976,1,0,150.65000000000001,0
0,3405,12984,1,0,198.56899999999999,0
0,3406,12992,1,0,137.86099999999999,0
0,3407,13000,1,0,152.846,0
0,3408,13008,1,0,167.417,0
0,3409,13016,1,0,189.68600000000001,0
0,3410,13024,1,0,159.40000000000001,0
0,3411,13032,1,0,131.63,0
0,3412,13040,1,0,137.54599999999999,0
0,3413,13048,1,0,209.45099999999999,0
0,3414,13056,1,0,174.36799999999999,0
0,3415,13064,1,0,185.92599999999999,0
0,3416,13072,1,0,141.637,0
0,3417,13080,1,0,177.33199999999999,0
0,3418,13088,1,0,197.45099999999999,0
0,3419,13096,1,0,199.35499999999999,0
0,3420,13104,1,0,196.97399999999999,0
0,3421,13112,1,0,166.45699999999999,0
0,3422,13120,1,0,152.19200000000001,0
0,3423,13128,1,0,190.434,0
0,3424,13136,1,0,196.42400000000001,0
0,3425,13144,1,0,166.44499999999999,0
0,3426,13152,1,0,179.20599999999999,0
0,3427,13160,1,0,132.04499999999999,0
0,3428,13168,1,0,161.62200000000001,0
0,3429,13176,1,0,187.89599999999999,0
0,3430,13184,1,0,165.25800000000001,0
0,3431,13192,1,0,197.31,0
0,3432,13200,1,0,164.67099999999999,0
0,3433,13208,1,0,181.91900000000001,0
0,3434,13216,1,0,178.77500000000001,0
0,3435,13224,1,0,201.54400000000001,0
0,3436,13232,1,0,172.31899999999999,0
0,3437,13240,1,0,178.119,0
0,3438,13248,1,0,173.601,0
0,3439,13256,1,0,179.77500000000001,0
0,3440,13264,1,0,173.32900000000001,0
0,3441,13272,1,0,178.40199999999999,0
0,3442,13280,1,0,153.107,0
0,3443,13288,1,0,159.39699999999999,0
0,3444,13296,1,0,196.988,0
0,3445,13304,1,0,178.863,0
0,3446,13312,1,0,147.09299999999999,0
0,3447,13320,1,0,150.00700000000001,0
0,3448,13328,1,0,200.726,0
0,3449,13336,1,0,213.691,0
0,3450,13344,1,0,172.38499999999999,0
0,3451,13352,1,0,167.42500000000001,0
0,3452,13360,1,0,154.17099999999999,0
0,3453,13368,1,0,137.29300000000001,0
0,3454,13376,1,0,142.56800000000001,0
0,3455,13384,1,0,193.86199999999999,0
0,3456,13392,1,0,168.965,0
0,3457,13400,1,0,196.53700000000001,0
0,3458,13408,1,0,169.08199999999999,0
0,3459,13416,1,0,151.66300000000001,0
0,3460,13424,1,0,196.51300000000001,0
0,3461,13432,1,0,163.738,0
0,3462,13440,1,0,167.953,0
0,3463,13448,1,0,168.655,0
0,3464,13456,1,0,176.82300000000001,0
0,3465,13464,1,0,157.44999999999999,0
0,3466,13472,1,0,225.077,0
0,3467,13480,1,0,141.53,0
0,3468,13488,1,0,203.78200000000001,0
0,3469,13496,1,0,178.369,0
0,3470,13504,1,0,197.749,0
0,3471,13512,1,0,182.24700000000001,0
0,3472,13520,1,0,150.417,0
0,3473,13528,1,0,156.09700000000001,0
0,3474,13536,1,0,176.465,0
0,3475,13544,1,0,195.84899999999999,0
0,3476,13552,1,0,166.37,0
0,3477,13560,1,0,189.34899999999999,0
0,3478,13568,1,0,184.90700000000001,0
0,3479,13576,1,0,146.41800000000001,0
0,3480,13584,1,0,177.185,0
0,3481,13592,1,0,186.56800000000001,0
0,3482,13600,1,0,188.065,0
0,3483,13608,1,0,157.94999999999999,0
0,3484,13616,1,0,172.482,0
0,3485,13624,1,0,178.36699999999999,0
0,3486,13632,1,0,179.55500000000001,0
0,3487,13640,1,0,168.96000000000001,0
0,3488,13648,1,0,207.822,0
0,3489,13656,1,0,169.91900000000001,0
0,3490,13664,1,0,172.256,0
0,3491,13672,1,0,168.09200000000001,0
0,3492,13680,1,0,178.096,0
0,3493,13688,1,0,152.81700000000001,0
0,3494,13696,1,0,171.97399999999999,0
0,3495,13704,1,0,167.583,0
0,3496,13712,1,0,143.63,0
0,3497,13720,1,0,130.80799999999999,0
0,3498,13728,1,0,198.23599999999999,0
0,3499,13736,1,0,144.10400000000001,0
0,3500,13744,1,0,172.81200000000001,0
0,3501,13752,1,0,173.529,0
0,3502,13760,1,0,123.77500000000001,0
0,3503,13768,1,0,163.018,0
0,3504,13776,1,0,143.42099999999999,0
0,3505,13784,1,0,191.524,0
0,3506,13792,1,0,199.78,0
0,3507,13800,1,0,175.21199999999999,0
0,3508,13808,1,0,142.66900000000001,0
0,3509,13816,1,0,129.03200000000001,0
0,3510,13824,1,0,174.70699999999999,0
0,3511,13832,1,0,139.934,0
0,3512,13840,1,0,195.03100000000001,0
0,3513,13848,1,0,190.411,0
0,3514,13856,1,0,187.393,0
0,3515,13864,1,0,192.31399999999999,0
0,3516,13872,1,0,185.14400000000001,0
0,3517,13880,1,0,189.99600000000001,0
0,3518,13888,1,0,205.37899999999999,0
0,3519,13896,1,0,199.684,0
0,3520,13904,1,0,209.98099999999999,0
0,3521,13912,1,0,185.04599999999999,0
0,3522,13920,1,0,152.608,0
0,3523,13928,1,0,173.67099999999999,0
0,3524,13936,1,0,121.889,0
0,3525,13944,1,0,162.852,0
0,3526,13952,1,0,184.02799999999999,0
0,3527,13960,1,0,168.709,0
0,3528,13968,1,0,189.78899999999999,0
0,3529,13976,1,0,169.75899999999999,0
0,3530,13984,1,0,182.00899999999999,0
0,3531,13992,1,0,158.23400000000001,0
0,3532,14000,1,0,144.68000000000001,0
0,3533,14008,1,0,177.75800000000001,0
0,3534,14016,1,0,199.739,0
0,3535,14024,1,0,200.91900000000001,0
0,3536,14032,1,0,152.53,0
0,3537,14040,1,0,172.09,0
0,3538,14048,1,0,187.42099999999999,0
0,3539,14056,1,0,159.54599999999999,0
0,3540,14064,1,0,179.33799999999999,0
0,3541,14072,1,0,170.29599999999999,0
0,3542,14080,1,0,184.96600000000001,0
0,3543,14088,1,0,147.41900000000001,0
0,3544,14096,1,0,144.727,0
0,3545,14104,1,0,180.47300000000001,0
0,3546,14112,1,0,164.386,0
0,3547,14120,1,0,196.21000000000001,0
0,3548,14128,1,0,145.11799999999999,0
0,3549,14136,1,0,176.99600000000001,0
0,3550,14144,1,0,143.69900000000001,0
0,3551,14152,1,0,195.12899999999999,0
0,3552,14160,1,0,193.16800000000001,0
0,3553,14168,1,0,228.56899999999999,0
0,3554,14176,1,0,186.05799999999999,0
0,3555,14184,1,0,149.97900000000001,0
0,3556,14192,1,0,123.13,0
0,3557,14200,1,0,185.762,0
0,3558,14208,1,0,184.39400000000001,0
0,3559,14216,1,0,147.5,0
0,3560,14224,1,0,180.11000000000001,0
0,3561,14232,1,0,170.83500000000001,0
0,3562,14240,1,0,175.13,0
0,3563,14248,1,0,178.87799999999999,0
0,3564,0,2,0,172.45500000000001,0
0,3565,8,2,0,185.512,0
0,3566,16,2,0,198.08699999999999,0
0,3567,24,2,0,184.50299999999999,0
0,3568,32,2,0,186.238,0
0,3569,40,2,0,193.94,0
0,3570,48,2,0,197.80099999999999,0
0,3571,56,2,0,154.32400000000001,0
0,3572,64,2,0,197.99100000000001,0
0,3573,72,2,0,181.70099999999999,0
0,3574,80,2,0,191.447,0
0,3575,88,2,0,191.28,0
0,3576,96,2,0,187.02600000000001,0
0,3577,104,2,0,158.31999999999999,0
0,3578,112,2,0,188.74199999999999,0
0,3579,120,2,0,194.184,0
0,3580,128,2,0,180.869,0
0,3581,136,2,0,186.43899999999999,0
0,3582,144,2,0,175.66399999999999,0
0,3583,152,2,0,158.02600000000001,0
0,3584,160,2,0,170.52600000000001,0
0,3585,168,2,0,185.74000000000001,0
0,3586,176,2,0,193.517,0
0,3587,184,2,0,148.499,0
0,3588,192,2,0,171.68700000000001,0
0,3589,200,2,0,185.53200000000001,0
0,3590,208,2,0,158.99299999999999,0
0,3591,216,2,0,135.38800000000001,0
0,3592,224,2,0,177.619,0
0,3593,232,2,0,200.08199999999999,0
0,3594,240,2,0,151.69200000000001,0
0,3595,248,2,0,177.66,0
0,3596,256,2,0,171.83199999999999,0
0,3597,264,2,0,139.60900000000001,0
0,3598,272,2,0,183.798,0
0,3599,280,2,0,167.667,0
0,3600,288,2,0,192.00800000000001,0
0,3601,296,2,0,176.34999999999999,0
0,3602,304,2,0,127.664,0
0,3603,312,2,0,132.83500000000001,0
0,3604,320,2,0,151.55799999999999,0
0,3605,328,2,0,161.99000000000001,0
0,3606,336,2,0,180.04400000000001,0
0,3607,344,2,0,173.91200000000001,0
0,3608,352,2,0,175.39699999999999,0
0,3609,360,2,0,185.11699999999999,0
0,3610,368,2,0,192.83500000000001,0
0,3611,376,2,0,173.08199999999999,0
0,3612,384,2,0,194.84299999999999,0
0,3613,392,2,0,200.363,0
0,3614,400,2,0,159.46600000000001,0
0,3615,408,2,0,172.81299999999999,0
0,3616,416,2,0,229.99100000000001,0
0,3617,424,2,0,163.12200000000001,0
0,3618,432,2,0,192.14599999999999,0
0,3619,440,2,0,181.923,0
0,3620,448,2,0,184.31399999999999,0
0,3621,456,2,0,204.39699999999999,0
0,3622,464,2,0,126.48699999999999,0
0,3623,472,2,0,199.059,0
0,3624,480,2,0,145.827,0
0,3625,488,2,0,155.53899999999999,0
0,3626,496,2,0,186.79499999999999,0
0,3627,504,2,0,172.25,0
0,3628,512,2,0,168.59999999999999,0
0,3629,520,2,0,137.36799999999999,0
0,3630,528,2,0,124.702,0
0,3631,536,2,0,154.417,0
0,3632,544,2,0,196.32599999999999,0
0,3633,552,2,0,186.06800000000001,0
0,3634,560,2,0,182.078,0
0,3635,568,2,0,161.393,0
0,3636,576,2,0,202.66200000000001,0
0,3637,584,2,0,181.41900000000001,0
0,3638,592,2,0,195.13800000000001,0
0,3639,600,2,0,164.43700000000001,0
0,3640,608,2,0,176.40700000000001,0
0,3641,616,2,0,181.172,0
0,3642,624,2,0,177.56899999999999,0
0,3643,632,2,0,176.45099999999999,0
0,3644,640,2,0,196.47,0
0,3645,648,2,0,160.964,0
0,3646,656,2,0,168.43199999999999,0
0,3647,664,2,0,145.31100000000001,0
0,3648,672,2,0,184.93199999999999,0
0,3649,680,2,0,183.07300000000001,0
0,3650,688,2,0,176.75899999999999,0
0,3651,696,2,0,136.56200000000001,0
0,3652,704,2,0,144.85300000000001,0
0,3653,712,2,0,197.976,0
0,3654,720,2,0,163.07300000000001,0
0,3655,728,2,0,174.613,0
0,3656,736,2,0,193.47,0
0,3657,744,2,0,196.11099999999999,0
0,3658,752,2,0,189.27699999999999,0
0,3659,760,2,0,173.26599999999999,0
0,3660,768,2,0,186.92599999999999,0
0,3661,776,2,0,183.11799999999999,0
0,3662,784,2,0,146.69399999999999,0
0,3663,792,2,0,191.28899999999999,0
0,3664,800,2,0,161.172,0
0,3665,808,2,0,191.14400000000001,0
0,3666,816,2,0,210.62,0
0,3667,824,2,0,188.309,0
0,3668,832,2,0,181.64500000000001,0
0,3669,840,2,0,175.34100000000001,0
0,3670,848,2,0,174.47,0
0,3671,856,2,0,193.84299999999999,0
0,3672,864,2,0,179.30000000000001,0
0,3673,872,2,0,198.67400000000001,0
0,3674,880,2,0,182.798,0
0,3675,888,2,0,206.49199999999999,0
0,3676,896,2,0,162.44399999999999,0
0,3677,904,2,0,167.678,0
0,3678,912,2,0,200.09899999999999,0
0,3679,920,2,0,165.196,0
0,3680,928,2,0,189.19399999999999,0
0,3681,936,2,0,182.928,0
0,3682,944,2,0,155.53100000000001,0
0,3683,952,2,0,173.83500000000001,0
0,3684,960,2,0,173.94300000000001,0
0,3685,968,2,0,184.83099999999999,0
0,3686,976,2,0,172.18700000000001,0
0,3687,984,2,0,188.40000000000001,0
0,3688,992,2,0,163.72200000000001,0
0,3689,1000,2,0,200.17599999999999,0
0,3690,1008,2,0,192.41300000000001,0
0,3691,1016,2,0,188.428,0
0,3692,1024,2,0,142.90199999999999,0
0,3693,1032,2,0,140.51300000000001,0
0,3694,1040,2,0,139.40299999999999,0
0,3695,1048,2,0,170.941,0
0,3696,1056,2,0,195.45599999999999,0
0,3697,1064,2,0,146.61799999999999,0
0,3698,1072,2,0,157.941,0
0,3699,1080,2,0,197.149,0
0,3700,1088,2,0,178.53299999999999,0
0,3701,1096,2,0,163.75899999999999,0
0,3702,1104,2,0,160.10499999999999,0
0,3703,1112,2,0,173.32400000000001,0
0,3704,1120,2,0,182.167,0
0,3705,1128,2,0,175.59,0
0,3706,1136,2,0,162.01400000000001,0
0,3707,1144,2,0,194.304,0
0,3708,1152,2,0,178.923,0
0,3709,1160,2,0,126.92400000000001,0
0,3710,1168,2,0,198.83799999999999,0
0,3711,1176,2,0,173.887,0
0,3712,1184,2,0,185.155,0
0,3713,1192,2,0,166.67599999999999,0
0,3714,1200,2,0,109.218,0
0,3715,1208,2,0,194.523,0
0,3716,1216,2,0,140.422,0
0,3717,1224,2,0,157.66399999999999,0
0,3718,1232,2,0,196.262,0
0,3719,1240,2,0,194.553,0
0,3720,1248,2,0,192.46600000000001,0
0,3721,1256,2,0,154.815,0
0,3722,1264,2,0,186.46100000000001,0
0,3723,1272,2,0,144.18199999999999,0
0,3724,1280,2,0,172.922,0
0,3725,1288,2,0,172.626,0
0,3726,1296,2,0,174.30600000000001,0
0,3727,1304,2,0,190.64400000000001,0
0,3728,1312,2,0,172.58199999999999,0
0,3729,1320,2,0,175.39400000000001,0
0,3730,1328,2,0,207.173,0
0,3731,1336,2,0,175.773,0
0,3732,1344,2,0,167.983,0
0,3733,1352,2,0,186.15299999999999,0
0,3734,1360,2,0,203.79599999999999,0
0,3735,1368,2,0,137.42500000000001,0
0,3736,1376,2,0,162.43799999999999,0
0,3737,1384,2,0,145.63,0
0,3738,1392,2,0,172.41200000000001,0
0,3739,1400,2,0,178.11699999999999,0
0,3740,1408,2,0,190.33199999999999,0
0,3741,1416,2,0,185.99299999999999,0
0,3742,1424,2,0,156.17400000000001,0
0,3743,1432,2,0,185.86099999999999,0
0,3744,1440,2,0,152.751,0
0,3745,1448,2,0,178.786,0
0,3746,1456,2,0,178.63200000000001,0
0,3747,1464,2,0,163.81299999999999,0
0,3748,1472,2,0,160.15000000000001,0
0,3749,1480,2,0,106.413,0
0,3750,1488,2,0,193.596,0
0,3751,1496,2,0,180.72999999999999,0
0,3752,1504,2,0,124.072,0
0,3753,1512,2,0,178.73400000000001,0
0,3754,1520,2,0,160.57300000000001,0
0,3755,1528,2,0,177.06100000000001,0
0,3756,1536,2,0,184.68799999999999,0
0,3757,1544,2,0,171.79400000000001,0
0,3758,1552,2,0,204.51300000000001,0
0,3759,1560,2,0,198.69300000000001,0
0,3760,1568,2,0,176.352,0
0,3761,1576,2,0,190.47399999999999,0
0,3762,1584,2,0,183.95099999999999,0
0,3763,1592,2,0,178.56999999999999,0
0,3764,1600,2,0,201.53,0
0,3765,1608,2,0,182.65899999999999,0
0,3766,1616,2,0,188.316,0
0,3767,1624,2,0,189.81,0
0,3768,1632,2,0,147.81899999999999,0
0,3769,1640,2,0,189.732,0
0,3770,1648,2,0,176.84,0
0,3771,1656,2,0,212.06399999999999,0
0,3772,1664,2,0,180.447,0
0,3773,1672,2,0,176.774,0
0,3774,1680,2,0,120.61799999999999,0
0,3775,1688,2,0,153.75700000000001,0
0,3776,1696,2,0,180.16399999999999,0
0,3777,1704,2,0,195.25200000000001,0
0,3778,1712,2,0,131.94,0
0,3779,1720,2,0,205.87799999999999,0
0,3780,1728,2,0,173.44800000000001,0
0,3781,1736,2,0,196.81800000000001,0
0,3782,1744,2,0,157.702,0
0,3783,1752,2,0,155.05799999999999,0
0,3784,1760,2,0,164.96799999999999,0
0,3785,1768,2,0,161.71700000000001,0
0,3786,1776,2,0,182.59399999999999,0
0,3787,1784,2,0,203.24199999999999,0
0,3788,1792,2,0,153.27099999999999,0
0,3789,1800,2,0,173.351,0
0,3790,1808,2,0,194.70599999999999,0
0,3791,1816,2,0,157.96199999999999,0
0,3792,1824,2,0,186.61500000000001,0
0,3793,1832,2,0,185.958,0
0,3794,1840,2,0,164.989,0
0,3795,1848,2,0,174.83500000000001,0
0,3796,1856,2,0,191.238,0
0,3797,1864,2,0,185.22300000000001,0
0,3798,1872,2,0,183.321,0
0,3799,1880,2,0,196.28700000000001,0
0,3800,1888,2,0,192.73099999999999,0
0,3801,1896,2,0,188.578,0
0,3802,1904,2,0,185.953,0
0,3803,1912,2,0,203.24799999999999,0
0,3804,1920,2,0,169.392,0
0,3805,1928,2,0,163.73400000000001,0
0,3806,1936,2,0,205.172,0
0,3807,1944,2,0,191.14699999999999,0
0,3808,1952,2,0,208.797,0
0,3809,1960,2,0,189.17099999999999,0
0,3810,1968,2,0,150.99100000000001,0
0,3811,1976,2,0,179.13499999999999,0
0,3812,1984,2,0,144.06200000000001,0
0,3813,1992,2,0,175.97900000000001,0
0,3814,2000,2,0,206.745,0
0,3815,2008,2,0,184.46700000000001,0
0,3816,2016,2,0,198.26499999999999,0
0,3817,2024,2,0,190.62700000000001,0
0,3818,2032,2,0,177.815,0
0,3819,2040,2,0,166.251,0
0,3820,2048,2,0,149.16300000000001,0
0,3821,2056,2,0,186.42599999999999,0
0,3822,2064,2,0,178.41999999999999,0
0,3823,2072,2,0,167.99000000000001,0
0,3824,2080,2,0,177.126,0
0,3825,2088,2,0,155.11600000000001,0
0,3826,2096,2,0,169.28299999999999,0
0,3827,2104,2,0,196.86099999999999,0
0,3828,2112,2,0,198.91399999999999,0
0,3829,2120,2,0,188.13399999999999,0
0,3830,2128,2,0,192.25700000000001,0
0,3831,2136,2,0,194.501,0
0,3832,2144,2,0,137.45099999999999,0
0,3833,2152,2,0,183.739,0
0,3834,2160,2,0,154.31299999999999,0
0,3835,2168,2,0,215.30000000000001,0
0,3836,2176,2,0,177.876,0
0,3837,2184,2,0,198.506,0
0,3838,2192,2,0,177.66499999999999,0
0,3839,2200,2,0,157.78200000000001,0
0,3840,2208,2,0,193.036,0
0,3841,2216,2,0,204.67699999999999,0
0,3842,2224,2,0,193.65100000000001,0
0,3843,2232,2,0,187.41900000000001,0
0,3844,2240,2,0,168.77000000000001,0
0,3845,2248,2,0,176.70599999999999,0
0,3846,2256,2,0,174.81,0
0,3847,2264,2,0,167.941,0
0,3848,2272,2,0,187.90199999999999,0
0,3849,2280,2,0,178.82400000000001,0
0,3850,2288,2,0,161.96799999999999,0
0,3851,2296,2,0,171.67400000000001,0
0,3852,2304,2,0,133.47999999999999,0
0,3853,2312,2,0,189.43899999999999,0
0,3854,2320,2,0,193.46799999999999,0
0,3855,2328,2,0,188.54599999999999,0
0,3856,2336,2,0,188.52500000000001,0
0,3857,2344,2,0,148.16200000000001,0
0,3858,2352,2,0,192.65000000000001,0
0,3859,2360,2,0,205.5,0
0,3860,2368,2,0,169.39599999999999,0
0,3861,2376,2,0,164.45500000000001,0
0,3862,2384,2,0,184.738,0
0,3863,2392,2,0,147.60300000000001,0
0,3864,2400,2,0,187.935,0
0,3865,2408,2,0,140.256,0
0,3866,2416,2,0,180.60400000000001,0
0,3867,2424,2,0,189.04300000000001,0
0,3868,2432,2,0,181.61099999999999,0
0,3869,2440,2,0,182.922,0
0,3870,2448,2,0,142.97300000000001,0
0,3871,2456,2,0,163.42099999999999,0
0,3872,2464,2,0,160.80600000000001,0
0,3873,2472,2,0,185.98500000000001,0
0,3874,2480,2,0,186.988,0
0,3875,2488,2,0,183.45500000000001,0
0,3876,2496,2,0,171.28899999999999,0
0,3877,2504,2,0,177.75299999999999,0
0,3878,2512,2,0,185.85400000000001,0
0,3879,2520,2,0,198.357,0
0,3880,2528,2,0,185.99600000000001,0
0,3881,2536,2,0,148.96100000000001,0
0,3882,2544,2,0,194.16800000000001,0
0,3883,2552,2,0,167.31700000000001,0
0,3884,2560,2,0,140.67400000000001,0
0,3885,2568,2,0,165.83199999999999,0
0,3886,2576,2,0,182.11000000000001,0
0,3887,2584,2,0,182.279,0
0,3888,2592,2,0,184.23599999999999,0
0,3889,2600,2,0,203.79499999999999,0
0,3890,2608,2,0,211.035,0
0,3891,2616,2,0,161.68899999999999,0
0,3892,2624,2,0,144.50399999999999,0
0,3893,2632,2,0,199.90700000000001,0
0,3894,2640,2,0,208.50899999999999,0
0,3895,2648,2,0,174.16300000000001,0
0,3896,2656,2,0,188.63900000000001,0
0,3897,2664,2,0,131.90600000000001,0
0,3898,2672,2,0,190.31,0
0,3899,2680,2,0,168.529,0
0,3900,2688,2,0,187.25399999999999,0
0,3901,2696,2,0,198.428,0
0,3902,2704,2,0,170.863,0
0,3903,2712,2,0,177.892,0
0,3904,2720,2,0,196.881,0
0,3905,2728,2,0,153.06299999999999,0
0,3906,2736,2,0,192.18000000000001,0
0,3907,2744,2,0,166.15799999999999,0
0,3908,2752,2,0,206.898,0
0,3909,2760,2,0,182.35900000000001,0
0,3910,2768,2,0,174.75299999999999,0
0,3911,2776,2,0,202.98500000000001,0
0,3912,2784,2,0,185.666,0
0,3913,2792,2,0,186.69,0
0,3914,2800,2,0,192.30699999999999,0
0,3915,2808,2,0,199.29300000000001,0
0,3916,2816,2,0,161.52500000000001,0
0,3917,2824,2,0,181.89500000000001,0
0,3918,2832,2,0,189.274,0
0,3919,2840,2,0,185.09999999999999,0
0,3920,2848,2,0,202.852,0
0,3921,2856,2,0,179.73500000000001,0
0,3922,2864,2,0,181.60599999999999,0
0,3923,2872,2,0,186.61099999999999,0
0,3924,2880,2,0,168.03399999999999,0
0,3925,2888,2,0,180.441,0
0,3926,2896,2,0,160.66300000000001,0
0,3927,2904,2,0,190.93299999999999,0
0,3928,2912,2,0,206.66499999999999,0
0,3929,2920,2,0,152.89500000000001,0
0,3930,2928,2,0,186.69399999999999,0
0,3931,2936,2,0,136.87,0
0,3932,2944,2,0,188.298,0
0,3933,2952,2,0,155.44800000000001,0
0,3934,2960,2,0,186.86500000000001,0
0,3935,2968,2,0,173.626,0
0,3936,2976,2,0,175.62100000000001,0
0,3937,2984,2,0,128.05199999999999,0
0,3938,2992,2,0,185.49199999999999,0
0,3939,3000,2,0,186.56700000000001,0
0,3940,3008,2,0,157.46899999999999,0
0,3941,3016,2,0,183.16399999999999,0
0,3942,3024,2,0,180.18000000000001,0
0,3943,3032,2,0,243.70400000000001,0
0,3944,3040,2,0,192.25,0
0,3945,3048,2,0,184.41499999999999,0
0,3946,3056,2,0,192.345,0
0,3947,3064,2,0,167.50899999999999,0
0,3948,3072,2,0,185.84200000000001,0
0,3949,3080,2,0,201.501,0
0,3950,3088,2,0,150.64699999999999,0
0,3951,3096,2,0,173.72300000000001,0
0,3952,3104,2,0,173.59100000000001,0
0,3953,3112,2,0,180.75299999999999,0
0,3954,3120,2,0,199.774,0
0,3955,3128,2,0,179.56899999999999,0
0,3956,3136,2,0,182.548,0
0,3957,3144,2,0,187.19200000000001,0
0,3958,3152,2,0,170.87700000000001,0
0,3959,3160,2,0,189.19300000000001,0
0,3960,3168,2,0,135.096,0
0,3961,3176,2,0,186.78399999999999,0
0,3962,3184,2,0,203.83199999999999,0
0,3963,3192,2,0,195.53700000000001,0
0,3964,3200,2,0,176.72200000000001,0
0,3965,3208,2,0,161.29300000000001,0
0,3966,3216,2,0,189.249,0
0,3967,3224,2,0,177.102,0
0,3968,3232,2,0,199.72999999999999,0
0,3969,3240,2,0,172.96700000000001,0
0,3970,3248,2,0,156.554,0
0,3971,3256,2,0,191.77500000000001,0
0,3972,3264,2,0,175.60300000000001,0
0,3973,3272,2,0,159.089,0
0,3974,3280,2,0,224.73599999999999,0
0,3975,3288,2,0,177.404,0
0,3976,3296,2,0,170.13900000000001,0
0,3977,3304,2,0,153.035,0
0,3978,3312,2,0,183.74100000000001,0
0,3979,3320,2,0,156.29400000000001,0
0,3980,3328,2,0,173.392,0
0,3981,3336,2,0,191.137,0
0,3982,3344,2,0,181.09700000000001,0
0,3983,3352,2,0,155.679,0
0,3984,3360,2,0,162.20400000000001,0
0,3985,3368,2,0,148.785,0
0,3986,3376,2,0,144.024,0
0,3987,3384,2,0,184.05199999999999,0
0,3988,3392,2,0,199.39099999999999,0
0,3989,3400,2,0,174.88300000000001,0
0,3990,3408,2,0,202.77000000000001,0
0,3991,3416,2,0,174.29400000000001,0
0,3992,3424,2,0,154.28899999999999,0
0,3993,3432,2,0,194.94999999999999,0
0,3994,3440,2,0,201.56299999999999,0
0,3995,3448,2,0,189.59,0
0,3996,3456,2,0,200.602,0
0,3997,3464,2,0,124.152,0
0,3998,3472,2,0,171.405,0
0,3999,3480,2,0,225.99799999999999,0
0,4000,3488,2,0,170.88399999999999,0
0,4001,3496,2,0,187.626,0
0,4002,3504,2,0,158.346,0
0,4003,3512,2,0,185.899,0
0,4004,3520,2,0,135.80000000000001,0
0,4005,3528,2,0,187.81899999999999,0
0,4006,3536,2,0,189.107,0
0,4007,3544,2,0,170.85499999999999,0
0,4008,3552,2,0,174.53800000000001,0
0,4009,3560,2,0,188.52000000000001,0
0,4010,3568,2,0,148.405,0
0,4011,3576,2,0,181.28399999999999,0
0,4012,3584,2,0,182.642,0
0,4013,3592,2,0,215.29900000000001,0
0,4014,3600,2,0,197.524,0
0,4015,3608,2,0,208.49799999999999,0
0,4016,3616,2,0,134.27099999999999,0
0,4017,3624,2,0,178.80099999999999,0
0,4018,3632,2,0,181.78800000000001,0
0,4019,3640,2,0,171.303,0
0,4020,3648,2,0,182.74700000000001,0
0,4021,3656,2,0,182.554,0
0,4022,3664,2,0,182.69900000000001,0
0,4023,3672,2,0,147.48500000000001,0
0,4024,3680,2,0,160.94800000000001,0
0,4025,3688,2,0,182.625,0
0,4026,3696,2,0,188.79900000000001,0
0,4027,3704,2,0,171.51599999999999,0
0,4028,3712,2,0,153.13499999999999,0
0,4029,3720,2,0,194.441,0
0,4030,3728,2,0,183.744,0
0,4031,3736,2,0,155.81999999999999,0
0,4032,3744,2,0,178.06700000000001,0
0,4033,3752,2,0,161.65000000000001,0
0,4034,3760,2,0,193.685,0
0,4035,3768,2,0,193.904,0
0,4036,3776,2,0,197.922,0
0,4037,3784,2,0,140.13499999999999,0
0,4038,3792,2,0,186.81100000000001,0
0,4039,3800,2,0,203.911,0
0,4040,3808,2,0,188.27000000000001,0
0,4041,3816,2,0,199.376,0
0,4042,3824,2,0,178.31999999999999,0
0,4043,3832,2,0,159.93000000000001,0
0,4044,3840,2,0,187.46799999999999,0
0,4045,3848,2,0,201.37899999999999,0
0,4046,3856,2,0,167.45699999999999,0
0,4047,3864,2,0,172.67099999999999,0
0,4048,3872,2,0,186.65700000000001,0
0,4049,3880,2,0,171.749,0
0,4050,3888,2,0,137.822,0
0,4051,3896,2,0,178.97200000000001,0
0,4052,3904,2,0,180.279,0
0,4053,3912,2,0,150.959,0
0,4054,3920,2,0,141.721,0
0,4055,3928,2,0,185.89500000000001,0
0,4056,3936,2,0,178.32599999999999,0
0,4057,3944,2,0,184.94999999999999,0
0,4058,3952,2,0,150.81100000000001,0
0,4059,3960,2,0,203.18600000000001,0
0,4060,3968,2,0,171.161,0
0,4061,3976,2,0,190.23699999999999,0
0,4062,3984,2,0,142.52199999999999,0
0,4063,3992,2,0,167.95400000000001,0
0,4064,4000,2,0,128.06700000000001,0
0,4065,4008,2,0,190.97200000000001,0
0,4066,4016,2,0,192.58500000000001,0
0,4067,4024,2,0,200.667,0
0,4068,4032,2,0,195.227,0
0,4069,4040,2,0,179.14599999999999,0
0,4070,4048,2,0,162.864,0
0,4071,4056,2,0,165.61600000000001,0
0,4072,4064,2,0,180.38900000000001,0
0,4073,4072,2,0,191.02000000000001,0
0,4074,4080,2,0,176.77500000000001,0
0,4075,4088,2,0,199.31299999999999,0
0,4076,4096,2,0,124.062,0
0,4077,4104,2,0,186.54300000000001,0
0,4078,4112,2,0,188.76499999999999,0
0,4079,4120,2,0,201.619,0
0,4080,4128,2,0,174.99600000000001,0
0,4081,4136,2,0,162.08000000000001,0
0,4082,4144,2,0,187.34399999999999,0
0,4083,4152,2,0,174.40600000000001,0
0,4084,4160,2,0,192.55600000000001,0
0,4085,4168,2,0,172.74000000000001,0
0,4086,4176,2,0,145.65199999999999,0
0,4087,4184,2,0,184.785,0
0,4088,4192,2,0,169.41,0
0,4089,4200,2,0,199.012,0
0,4090,4208,2,0,154.41399999999999,0
0,4091,4216,2,0,155.30799999999999,0
0,4092,4224,2,0,183.321,0
0,4093,4232,2,0,185.71199999999999,0
0,4094,4240,2,0,160.68000000000001,0
0,4095,4248,2,0,173.893,0
0,4096,4256,2,0,196.73599999999999,0
0,4097,4264,2,0,197.96000000000001,0
0,4098,4272,2,0,178.76900000000001,0
0,4099,4280,2,0,164.62100000000001,0
0,4100,4288,2,0,161.91900000000001,0
0,4101,4296,2,0,156.18899999999999,0
0,4102,4304,2,0,172.58699999999999,0
0,4103,4312,2,0,174.86799999999999,0
0,4104,4320,2,0,187.28399999999999,0
0,4105,4328,2,0,176.054,0
0,4106,4336,2,0,159.238,0
0,4107,4344,2,0,144.37799999999999,0
0,4108,4352,2,0,194.97800000000001,0
0,4109,4360,2,0,183.678,0
0,4110,4368,2,0,184.197,0
0,4111,4376,2,0,145.70699999999999,0
0,4112,4384,2,0,183.90799999999999,0
0,4113,4392,2,0,204.982,0
0,4114,4400,2,0,212.917,0
0,4115,4408,2,0,190.47999999999999,0
0,4116,4416,2,0,160.40899999999999,0
0,4117,4424,2,0,180.41300000000001,0
0,4118,4432,2,0,191.24600000000001,0
0,4119,4440,2,0,145.79499999999999,0
0,4120,4448,2,0,155.34,0
0,4121,4456,2,0,166.125,0
0,4122,4464,2,0,202.386,0
0,4123,4472,2,0,198.089,0
0,4124,4480,2,0,200.578,0
0,4125,4488,2,0,185.726,0
0,4126,4496,2,0,162.53899999999999,0
0,4127,4504,2,0,209.56999999999999,0
0,4128,4512,2,0,191.96100000000001,0
0,4129,4520,2,0,204.29900000000001,0
0,4130,4528,2,0,182.50299999999999,0
0,4131,4536,2,0,163.684,0
0,4132,4544,2,0,172.81899999999999,0
0,4133,4552,2,0,131.79300000000001,0
0,4134,4560,2,0,204.88800000000001,0
0,4135,4568,2,0,193.82300000000001,0
0,4136,4576,2,0,178.78800000000001,0
0,4137,4584,2,0,189.86799999999999,0
0,4138,4592,2,0,203.29599999999999,0
0,4139,4600,2,0,166.517,0
0,4140,4608,2,0,179.803,0
0,4141,4616,2,0,172.21600000000001,0
0,4142,4624,2,0,178.36099999999999,0
0,4143,4632,2,0,192.096,0
0,4144,4640,2,0,195.91499999999999,0
0,4145,4648,2,0,187.012,0
0,4146,4656,2,0,184.233,0
0,4147,4664,2,0,158.386,0
0,4148,4672,2,0,136.839,0
0,4149,4680,2,0,179.11500000000001,0
0,4150,4688,2,0,184.042,0
0,4151,4696,2,0,157.488,0
0,4152,4704,2,0,154.68600000000001,0
0,4153,4712,2,0,193.38300000000001,0
0,4154,4720,2,0,186.15299999999999,0
0,4155,4728,2,0,182.05199999999999,0
0,4156,4736,2,0,183.852,0
0,4157,4744,2,0,192.17099999999999,0
0,4158,4752,2,0,164.46600000000001,0
0,4159,4760,2,0,170.72900000000001,0
0,4160,4768,2,0,174.95099999999999,0
0,4161,4776,2,0,190.43600000000001,0
0,4162,4784,2,0,188.41399999999999,0
0,4163,4792,2,0,200.774,0
0,4164,4800,2,0,138.517,0
0,4165,4808,2,0,184.989,0
0,4166,4816,2,0,147.43199999999999,0
0,4167,4824,2,0,182.58600000000001,0
0,4168,4832,2,0,183.86099999999999,0
0,4169,4840,2,0,183.23099999999999,0
0,4170,4848,2,0,179.62899999999999,0
0,4171,4856,2,0,176.39500000000001,0
0,4172,4864,2,0,199.548,0
0,4173,4872,2,0,175.381,0
0,4174,4880,2,0,138.73400000000001,0
0,4175,4888,2,0,166.75999999999999,0
0,4176,4896,2,0,159.946,0
0,4177,4904,2,0,184.624,0
0,4178,4912,2,0,177.21100000000001,0
0,4179,4920,2,0,136.53,0
0,4180,4928,2,0,194.13900000000001,0
0,4181,4936,2,0,149.94499999999999,0
0,4182,4944,2,0,195.96000000000001,0
0,4183,4952,2,0,209.28,0
0,4184,4960,2,0,190.34299999999999,0
0,4185,4968,2,0,169.535,0
0,4186,4976,2,0,173.88,0
0,4187,4984,2,0,174.083,0
0,4188,4992,2,0,167.68299999999999,0
0,4189,5000,2,0,207.721,0
0,4190,5008,2,0,195.25399999999999,0
0,4191,5016,2,0,205.21299999999999,0
0,4192,5024,2,0,162.595,0
0,4193,5032,2,0,172.648,0
0,4194,5040,2,0,197.142,0
0,4195,5048,2,0,178.47,0
0,4196,5056,2,0,139.887,0
0,4197,5064,2,0,127.27500000000001,0
0,4198,5072,2,0,143.95099999999999,0
0,4199,5080,2,0,186.328,0
0,4200,5088,2,0,191.404,0
0,4201,5096,2,0,189.81700000000001,0
0,4202,5104,2,0,188.71600000000001,0
0,4203,5112,2,0,181.55199999999999,0
0,4204,5120,2,0,194.69999999999999,0
0,4205,5128,2,0,131.00899999999999,0
0,4206,5136,2,0,194.87200000000001,0
0,4207,5144,2,0,151.334,0
0,4208,5152,2,0,197.45699999999999,0
0,4209,5160,2,0,187.66200000000001,0
0,4210,5168,2,0,180.51499999999999,0
0,4211,5176,2,0,185.81800000000001,0
0,4212,5184,2,0,189.88499999999999,0
0,4213,5192,2,0,215.173,0
0,4214,5200,2,0,189.54599999999999,0
0,4215,5208,2,0,141.56999999999999,0
0,4216,5216,2,0,171.893,0
0,4217,5224,2,0,159.91,0
0,4218,5232,2,0,179.10599999999999,0
0,4219,5240,2,0,201.52500000000001,0
0,4220,5248,2,0,198.19200000000001,0
0,4221,5256,2,0,193.65199999999999,0
0,4222,5264,2,0,202.392,0
0,4223,5272,2,0,207.81700000000001,0
0,4224,5280,2,0,173.21600000000001,0
0,4225,5288,2,0,161.86500000000001,0
0,4226,5296,2,0,182.85300000000001,0
0,4227,5304,2,0,206.81299999999999,0
0,4228,5312,2,0,208.321,0
0,4229,5320,2,0,228.38,0
0,4230,5328,2,0,163.953,0
0,4231,5336,2,0,191.47800000000001,0
0,4232,5344,2,0,183.34100000000001,0
0,4233,5352,2,0,161.11099999999999,0
0,4234,5360,2,0,195.804,0
0,4235,5368,2,0,195.54599999999999,0
0,4236,5376,2,0,188.55000000000001,0
0,4237,5384,2,0,150.74799999999999,0
0,4238,5392,2,0,187.614,0
0,4239,5400,2,0,178.429,0
0,4240,5408,2,0,204.785,0
0,4241,5416,2,0,177.46799999999999,0
0,4242,5424,2,0,197.255,0
0,4243,5432,2,0,172.39599999999999,0
0,4244,5440,2,0,199.02099999999999,0
0,4245,5448,2,0,172.19900000000001,0
0,4246,5456,2,0,179.023,0
0,4247,5464,2,0,176.22800000000001,0
0,4248,5472,2,0,202.31200000000001,0
0,4249,5480,2,0,193.29599999999999,0
0,4250,5488,2,0,185.292,0
0,4251,5496,2,0,199.636,0
0,4252,5504,2,0,189.387,0
0,4253,5512,2,0,174.93600000000001,0
0,4254,5520,2,0,186.941,0
0,4255,5528,2,0,179.49799999999999,0
0,4256,5536,2,0,226.06,0
0,4257,5544,2,0,127.169,0
0,4258,5552,2,0,167.607,0
0,4259,5560,2,0,200.03700000000001,0
0,4260,5568,2,0,140.124,0
0,4261,5576,2,0,177.54599999999999,0
0,4262,5584,2,0,181.46000000000001,0
0,4263,5592,2,0,140.59399999999999,0
0,4264,5600,2,0,131.661,0
0,4265,5608,2,0,175.35900000000001,0
0,4266,5616,2,0,164.756,0
0,4267,5624,2,0,187.13399999999999,0
0,4268,5632,2,0,183.46799999999999,0
0,4269,5640,2,0,181.59100000000001,0
0,4270,5648,2,0,156.43100000000001,0
0,4271,5656,2,0,157.93000000000001,0
0,4272,5664,2,0,193.43199999999999,0
0,4273,5672,2,0,162.61099999999999,0
0,4274,5680,2,0,156.74000000000001,0
0,4275,5688,2,0,194.239,0
0,4276,5696,2,0,202.089,0
0,4277,5704,2,0,155.90899999999999,0
0,4278,5712,2,0,165.93799999999999,0
0,4279,5720,2,0,183.607,0
0,4280,5728,2,0,214.00899999999999,0
0,4281,5736,2,0,140.69,0
0,4282,5744,2,0,179.92500000000001,0
0,4283,5752,2,0,160.273,0
0,4284,5760,2,0,184.92599999999999,0
0,4285,5768,2,0,152.03200000000001,0
0,4286,5776,2,0,182.60400000000001,0
0,4287,5784,2,0,156.89599999999999,0
0,4288,5792,2,0,137.751,0
0,4289,5800,2,0,181.619,0
0,4290,5808,2,0,190.251,0
0,4291,5816,2,0,178.851,0
0,4292,5824,2,0,181.39699999999999,0
0,4293,5832,2,0,191.09700000000001,0
0,4294,5840,2,0,191.786,0
0,4295,5848,2,0,170.274,0
0,4296,5856,2,0,185.65100000000001,0
0,4297,5864,2,0,179.02699999999999,0
0,4298,5872,2,0,149.68899999999999,0
0,4299,5880,2,0,193.238,0
0,4300,5888,2,0,141.98599999999999,0
0,4301,5896,2,0,189.24799999999999,0
0,4302,5904,2,0,130.47999999999999,0
0,4303,5912,2,0,162.54300000000001,0
0,4304,5920,2,0,154.375,0
0,4305,5928,2,0,150.041,0
0,4306,5936,2,0,177.072,0
0,4307,5944,2,0,205.233,0
0,4308,5952,2,0,141.88499999999999,0
0,4309,5960,2,0,193.00299999999999,0
0,4310,5968,2,0,159.852,0
0,4311,5976,2,0,175.251,0
0,4312,5984,2,0,188.714,0
0,4313,5992,2,0,185.256,0
0,4314,6000,2,0,178.833,0
0,4315,6008,2,0,192.45400000000001,0
0,4316,6016,2,0,202.846,0
0,4317,6024,2,0,177.244,0
0,4318,6032,2,0,129.542,0
0,4319,6040,2,0,170.08000000000001,0
0,4320,6048,2,0,175.20599999999999,0
0,4321,6056,2,0,167.35300000000001,0
0,4322,6064,2,0,186.11099999999999,0
0,4323,6072,2,0,143.452,0
0,4324,6080,2,0,157.262,0
0,4325,6088,2,0,172.58699999999999,0
0,4326,6096,2,0,167.62299999999999,0
0,4327,6104,2,0,145.93299999999999,0
0,4328,6112,2,0,203.48599999999999,0
0,4329,6120,2,0,124.446,0
0,4330,6128,2,0,162.77600000000001,0
0,4331,6136,2,0,189.16999999999999,0
0,4332,6144,2,0,188.202,0
0,4333,6152,2,0,195.85400000000001,0
0,4334,6160,2,0,159.71299999999999,0
0,4335,6168,2,0,165.05699999999999,0
0,4336,6176,2,0,204.315,0
0,4337,6184,2,0,126.036,0
0,4338,6192,2,0,179.875,0
0,4339,6200,2,0,149.79499999999999,0
0,4340,6208,2,0,182.77500000000001,0
0,4341,6216,2,0,164.745,0
0,4342,6224,2,0,213.72999999999999,0
0,4343,6232,2,0,215.87799999999999,0
0,4344,6240,2,0,201.97999999999999,0
0,4345,6248,2,0,163.56299999999999,0
0,4346,6256,2,0,182.45400000000001,0
0,4347,6264,2,0,190.57900000000001,0
0,4348,6272,2,0,178.56200000000001,0
0,4349,6280,2,0,211.50299999999999,0
0,4350,6288,2,0,179.88,0
0,4351,6296,2,0,154.88399999999999,0
0,4352,6304,2,0,141.25800000000001,0
0,4353,6312,2,0,181.196,0
0,4354,6320,2,0,193.66800000000001,0
0,4355,6328,2,0,192.43299999999999,0
0,4356,6336,2,0,158.279,0
0,4357,6344,2,0,200.25899999999999,0
0,4358,6352,2,0,190.62899999999999,0
0,4359,6360,2,0,155.18600000000001,0
0,4360,6368,2,0,185.79300000000001,0
0,4361,6376,2,0,121.139,0
0,4362,6384,2,0,179.03399999999999,0
0,4363,6392,2,0,181.494,0
0,4364,6400,2,0,165.92699999999999,0
0,4365,6408,2,0,146.059,0
0,4366,6416,2,0,159.53800000000001,0
0,4367,6424,2,0,159.215,0
0,4368,6432,2,0,179.28299999999999,0
0,4369,6440,2,0,178.49600000000001,0
0,4370,6448,2,0,155.18600000000001,0
0,4371,6456,2,0,163.06700000000001,0
0,4372,6464,2,0,134.511,0
0,4373,6472,2,0,190.57499999999999,0
0,4374,6480,2,0,195.69999999999999,0
0,4375,6488,2,0,166.26400000000001,0
0,4376,6496,2,0,215.089,0
0,4377,6504,2,0,179.81800000000001,0
0,4378,6512,2,0,162.339,0
0,4379,6520,2,0,175.26499999999999,0
0,4380,6528,2,0,166.31999999999999,0
0,4381,6536,2,0,183.22800000000001,0
0,4382,6544,2,0,140.904,0
0,4383,6552,2,0,201.624,0
0,4384,6560,2,0,190.38399999999999,0
0,4385,6568,2,0,180.739,0
0,4386,6576,2,0,193.06,0
0,4387,6584,2,0,162.37100000000001,0
0,4388,6592,2,0,176.86199999999999,0
0,4389,6600,2,0,189.37,0
0,4390,6608,2,0,175.483,0
0,4391,6616,2,0,188.88999999999999,0
0,4392,6624,2,0,193.48099999999999,0
0,4393,6632,2,0,192.94499999999999,0
0,4394,6640,2,0,187.81999999999999,0
0,4395,6648,2,0,174.303,0
0,4396,6656,2,0,166.77199999999999,0
0,4397,6664,2,0,160.40299999999999,0
0,4398,6672,2,0,220.09800000000001,0
0,4399,6680,2,0,193.13399999999999,0
0,4400,6688,2,0,151.13900000000001,0
0,4401,6696,2,0,159.643,0
0,4402,6704,2,0,163.30500000000001,0
0,4403,6712,2,0,193.74100000000001,0
0,4404,6720,2,0,195.82300000000001,0
0,4405,6728,2,0,153.286,0
0,4406,6736,2,0,187.75700000000001,0
0,4407,6744,2,0,191.547,0
0,4408,6752,2,0,194.72999999999999,0
0,4409,6760,2,0,194.13200000000001,0
0,4410,6768,2,0,215.541,0
0,4411,6776,2,0,179.23500000000001,0
0,4412,6784,2,0,197.06399999999999,0
0,4413,6792,2,0,195.03899999999999,0
0,4414,6800,2,0,188.78800000000001,0
0,4415,6808,2,0,173.107,0
0,4416,6816,2,0,180.71000000000001,0
0,4417,6824,2,0,155.374,0
0,4418,6832,2,0,173.35400000000001,0
0,4419,6840,2,0,129.928,0
0,4420,6848,2,0,191.048,0
0,4421,6856,2,0,170.78999999999999,0
0,4422,6864,2,0,129.41399999999999,0
0,4423,6872,2,0,193.43299999999999,0
0,4424,6880,2,0,184.809,0
0,4425,6888,2,0,171.767,0
0,4426,6896,2,0,154.34200000000001,0
0,4427,6904,2,0,185.58600000000001,0
0,4428,6912,2,0,166.255,0
0,4429,6920,2,0,179.10900000000001,0
0,4430,6928,2,0,179.626,0
0,4431,6936,2,0,173.267,0
0,4432,6944,2,0,156.499,0
0,4433,6952,2,0,176.78999999999999,0
0,4434,6960,2,0,174.304,0
0,4435,6968,2,0,170.65000000000001,0
0,4436,6976,2,0,192.68700000000001,0
0,4437,6984,2,0,164.727,0
0,4438,6992,2,0,179.08600000000001,0
0,4439,7000,2,0,160.458,0
0,4440,7008,2,0,172.965,0
0,4441,7016,2,0,187.93000000000001,0
0,4442,7024,2,0,185.76300000000001,0
0,4443,7032,2,0,172.37700000000001,0
0,4444,7040,2,0,212.50899999999999,0
0,4445,7048,2,0,199.79499999999999,0
0,4446,7056,2,0,182.96299999999999,0
0,4447,7064,2,0,187.37299999999999,0
0,4448,7072,2,0,185.24799999999999,0
0,4449,7080,2,0,185.83199999999999,0
0,4450,7088,2,0,165.39400000000001,0
0,4451,7096,2,0,187.54300000000001,0
0,4452,7104,2,0,197.28899999999999,0
0,4453,7112,2,0,138.566,0
0,4454,7120,2,0,180.423,0
0,4455,7128,2,0,203.72999999999999,0
0,4456,7136,2,0,173.26900000000001,0
0,4457,7144,2,0,162.38499999999999,0
0,4458,7152,2,0,129.435,0
0,4459,7160,2,0,175.32499999999999,0
0,4460,7168,2,0,188.93700000000001,0
0,4461,7176,2,0,153.12,0
0,4462,7184,2,0,186.48599999999999,0
0,4463,7192,2,0,156.50700000000001,0
0,4464,7200,2,0,146.37100000000001,0
0,4465,7208,2,0,184.86500000000001,0
0,4466,7216,2,0,167.72999999999999,0
0,4467,7224,2,0,166.21799999999999,0
0,4468,7232,2,0,127.229,0
0,4469,7240,2,0,150.523,0
0,4470,7248,2,0,193.54400000000001,0
0,4471,7256,2,0,193.732,0
0,4472,7264,2,0,160.66200000000001,0
0,4473,7272,2,0,183.69300000000001,0
0,4474,7280,2,0,198.27600000000001,0
0,4475,7288,2,0,162.29400000000001,0
0,4476,7296,2,0,184.81200000000001,0
0,4477,7304,2,0,199.79599999999999,0
0,4478,7312,2,0,191.66499999999999,0
0,4479,7320,2,0,173.62899999999999,0
0,4480,7328,2,0,190.96899999999999,0
0,4481,7336,2,0,205.69,0
0,4482,7344,2,0,198.72499999999999,0
0,4483,7352,2,0,162.863,0
0,4484,7360,2,0,189.94900000000001,0
0,4485,7368,2,0,159.74000000000001,0
0,4486,7376,2,0,177.95400000000001,0
0,4487,7384,2,0,216.44,0
0,4488,7392,2,0,183.83699999999999,0
0,4489,7400,2,0,201.39500000000001,0
0,4490,7408,2,0,181.23500000000001,0
0,4491,7416,2,0,190.131,0
0,4492,7424,2,0,210.88399999999999,0
0,4493,7432,2,0,186.46700000000001,0
0,4494,7440,2,0,188.25299999999999,0
0,4495,7448,2,0,170.69900000000001,0
0,4496,7456,2,0,189.96600000000001,0
0,4497,7464,2,0,203.43700000000001,0
0,4498,7472,2,0,198.96100000000001,0
0,4499,7480,2,0,188.285,0
0,4500,7488,2,0,195.66200000000001,0
0,4501,7496,2,0,150.66,0
0,4502,7504,2,0,190.864,0
0,4503,7512,2,0,170.25,0
0,4504,7520,2,0,171.24100000000001,0
0,4505,7528,2,0,193.554,0
0,4506,7536,2,0,182.49100000000001,0
0,4507,7544,2,0,174.04900000000001,0
0,4508,7552,2,0,146.578,0
0,4509,7560,2,0,186.60900000000001,0
0,4510,7568,2,0,143.72499999999999,0
0,4511,7576,2,0,189.61000000000001,0
0,4512,7584,2,0,170.53,0
0,4513,7592,2,0,173.85599999999999,0
0,4514,7600,2,0,185.84299999999999,0
0,4515,7608,2,0,138.982,0
0,4516,7616,2,0,182.559,0
0,4517,7624,2,0,175.56200000000001,0
0,4518,7632,2,0,206.50299999999999,0
0,4519,7640,2,0,136.53700000000001,0
0,4520,7648,2,0,185.072,0
0,4521,7656,2,0,177.648,0
0,4522,7664,2,0,191.572,0
0,4523,7672,2,0,193.96799999999999,0
0,4524,7680,2,0,180.49799999999999,0
0,4525,7688,2,0,206.04599999999999,0
0,4526,7696,2,0,165.41,0
0,4527,7704,2,0,127.59,0
0,4528,7712,2,0,185.39099999999999,0
0,4529,7720,2,0,142.94399999999999,0
0,4530,7728,2,0,230.13999999999999,0
0,4531,7736,2,0,201.62100000000001,0
0,4532,7744,2,0,174.61099999999999,0
0,4533,7752,2,0,159.59800000000001,0
0,4534,7760,2,0,185.86799999999999,0
0,4535,7768,2,0,145.566,0
0,4536,7776,2,0,164.55199999999999,0
0,4537,7784,2,0,182.13,0
0,4538,7792,2,0,195.65000000000001,0
0,4539,7800,2,0,173.749,0
0,4540,7808,2,0,158.67500000000001,0
0,4541,7816,2,0,174.81,0
0,4542,7824,2,0,177.702,0
0,4543,7832,2,0,161.03100000000001,0
0,4544,7840,2,0,180.262,0
0,4545,7848,2,0,167.08500000000001,0
0,4546,7856,2,0,187.79400000000001,0
0,4547,7864,2,0,146.446,0
0,4548,7872,2,0,159.017,0
0,4549,7880,2,0,176.51499999999999,0
0,4550,7888,2,0,168.49600000000001,0
0,4551,7896,2,0,190.89500000000001,0
0,4552,7904,2,0,174.678,0
0,4553,7912,2,0,177.566,0
0,4554,7920,2,0,170.18600000000001,0
0,4555,7928,2,0,174.285,0
0,4556,7936,2,0,172.95099999999999,0
0,4557,7944,2,0,212.49100000000001,0
0,4558,7952,2,0,182.929,0
0,4559,7960,2,0,191.90600000000001,0
0,4560,7968,2,0,177.18700000000001,0
0,4561,7976,2,0,172.63300000000001,0
0,4562,7984,2,0,166.22800000000001,0
0,4563,7992,2,0,182.92699999999999,0
0,4564,8000,2,0,174.72999999999999,0
0,4565,8008,2,0,166.80600000000001,0
0,4566,8016,2,0,180.32599999999999,0
0,4567,8024,2,0,203.33699999999999,0
0,4568,8032,2,0,192.88499999999999,0
0,4569,8040,2,0,175.292,0
0,4570,8048,2,0,135.68899999999999,0
0,4571,8056,2,0,189.416,0
0,4572,8064,2,0,155.33099999999999,0
0,4573,8072,2,0,202.72499999999999,0
0,4574,8080,2,0,187.03700000000001,0
0,4575,8088,2,0,185.023,0
0,4576,8096,2,0,159.18299999999999,0
0,4577,8104,2,0,190.619,0
0,4578,8112,2,0,170.96600000000001,0
0,4579,8120,2,0,180.22900000000001,0
0,4580,8128,2,0,183.18700000000001,0
0,4581,8136,2,0,180.708,0
0,4582,8144,2,0,184.67699999999999,0
0,4583,8152,2,0,192.46700000000001,0
0,4584,8160,2,0,180.05799999999999,0
0,4585,8168,2,0,177.33799999999999,0
0,4586,8176,2,0,175.28999999999999,0
0,4587,8184,2,0,169.23500000000001,0
0,4588,8192,2,0,171.37899999999999,0
0,4589,8200,2,0,125.956,0
0,4590,8208,2,0,153.39099999999999,0
0,4591,8216,2,0,183.48599999999999,0
0,4592,8224,2,0,210.30099999999999,0
0,4593,8232,2,0,147.81800000000001,0
0,4594,8240,2,0,173.72300000000001,0
0,4595,8248,2,0,197.501,0
0,4596,8256,2,0,189.27699999999999,0
0,4597,8264,2,0,156.30799999999999,0
0,4598,8272,2,0,164.52000000000001,0
0,4599,8280,2,0,192.505,0
0,4600,8288,2,0,178.71000000000001,0
0,4601,8296,2,0,136.86099999999999,0
0,4602,8304,2,0,177.64099999999999,0
0,4603,8312,2,0,190.08199999999999,0
0,4604,8320,2,0,167.42500000000001,0
0,4605,8328,2,0,145.25299999999999,0
0,4606,8336,2,0,161.11699999999999,0
0,4607,8344,2,0,202.52000000000001,0
0,4608,8352,2,0,155.56399999999999,0
0,4609,8360,2,0,189.97,0
0,4610,8368,2,0,145.79499999999999,0
0,4611,8376,2,0,161.28999999999999,0
0,4612,8384,2,0,202.75200000000001,0
0,4613,8392,2,0,127.602,0
0,4614,8400,2,0,172.89599999999999,0
0,4615,8408,2,0,175.84200000000001,0
0,4616,8416,2,0,199.74199999999999,0
0,4617,8424,2,0,178.166,0
0,4618,8432,2,0,178.81299999999999,0
0,4619,8440,2,0,186.30799999999999,0
0,4620,8448,2,0,207.202,0
0,4621,8456,2,0,179.52199999999999,0
0,4622,8464,2,0,184.048,0
0,4623,8472,2,0,153.91200000000001,0
0,4624,8480,2,0,183.017,0
0,4625,8488,2,0,206.44900000000001,0
0,4626,8496,2,0,164.91,0
0,4627,8504,2,0,183.27199999999999,0
0,4628,8512,2,0,198.04300000000001,0
0,4629,8520,2,0,193.32599999999999,0
0,4630,8528,2,0,188.26400000000001,0
0,4631,8536,2,0,186.87,0
0,4632,8544,2,0,169.845,0
0,4633,8552,2,0,174.46199999999999,0
0,4634,8560,2,0,168.011,0
0,4635,8568,2,0,169.58699999999999,0
0,4636,8576,2,0,202.624,0
0,4637,8584,2,0,186.63900000000001,0
0,4638,8592,2,0,188.48400000000001,0
0,4639,8600,2,0,191.197,0
0,4640,8608,2,0,210.56200000000001,0
0,4641,8616,2,0,191.69200000000001,0
0,4642,8624,2,0,184.13999999999999,0
0,4643,8632,2,0,192.52799999999999,0
0,4644,8640,2,0,189.90100000000001,0
0,4645,8648,2,0,174.32400000000001,0
0,4646,8656,2,0,136.27799999999999,0
0,4647,8664,2,0,146.946,0
0,4648,8672,2,0,197.80699999999999,0
0,4649,8680,2,0,178.00700000000001,0
0,4650,8688,2,0,172.239,0
0,4651,8696,2,0,191.55799999999999,0
0,4652,8704,2,0,190.85900000000001,0
0,4653,8712,2,0,136.44200000000001,0
0,4654,8720,2,0,187.76300000000001,0
0,4655,8728,2,0,170.87,0
0,4656,8736,2,0,166.32599999999999,0
0,4657,8744,2,0,175.56999999999999,0
0,4658,8752,2,0,187.75200000000001,0
0,4659,8760,2,0,174.37899999999999,0
0,4660,8768,2,0,194.13,0
0,4661,8776,2,0,175.45500000000001,0
0,4662,8784,2,0,156.33199999999999,0
0,4663,8792,2,0,186.40899999999999,0
0,4664,8800,2,0,204.11099999999999,0
0,4665,8808,2,0,172.459,0
0,4666,8816,2,0,162.75299999999999,0
0,4667,8824,2,0,173.762,0
0,4668,8832,2,0,170.821,0
0,4669,8840,2,0,165.49299999999999,0
0,4670,8848,2,0,201.922,0
0,4671,8856,2,0,151.309,0
0,4672,8864,2,0,201.92099999999999,0
0,4673,8872,2,0,152.21199999999999,0
0,4674,8880,2,0,181.28100000000001,0
0,4675,8888,2,0,194.489,0
0,4676,8896,2,0,175.32599999999999,0
0,4677,8904,2,0,157.679,0
0,4678,8912,2,0,141.51400000000001,0
0,4679,8920,2,0,188.89699999999999,0
0,4680,8928,2,0,158.00999999999999,0
0,4681,8936,2,0,143.89699999999999,0
0,4682,8944,2,0,138.12100000000001,0
0,4683,8952,2,0,194.999,0
0,4684,8960,2,0,130.518,0
0,4685,8968,2,0,202.44800000000001,0
0,4686,8976,2,0,168.50299999999999,0
0,4687,8984,2,0,196.036,0
0,4688,8992,2,0,191.42599999999999,0
0,4689,9000,2,0,171.72,0
0,4690,9008,2,0,173.66999999999999,0
0,4691,9016,2,0,171.977,0
0,4692,9024,2,0,199.20500000000001,0
0,4693,9032,2,0,147.93799999999999,0
0,4694,9040,2,0,141.73400000000001,0
0,4695,9048,2,0,193.422,0
0,4696,9056,2,0,191.59100000000001,0
0,4697,9064,2,0,162.80600000000001,0
0,4698,9072,2,0,164.87700000000001,0
0,4699,9080,2,0,182.749,0
0,4700,9088,2,0,145.25399999999999,0
0,4701,9096,2,0,170.952,0
0,4702,9104,2,0,134.94200000000001,0
0,4703,9112,2,0,183.178,0
0,4704,9120,2,0,206.94800000000001,0
0,4705,9128,2,0,229.12,0
0,4706,9136,2,0,165.434,0
0,4707,9144,2,0,178.28,0
0,4708,9152,2,0,184.14400000000001,0
0,4709,9160,2,0,166.09100000000001,0
0,4710,9168,2,0,186.31299999999999,0
0,4711,9176,2,0,177.43000000000001,0
0,4712,9184,2,0,150.28700000000001,0
0,4713,9192,2,0,183.679,0
0,4714,9200,2,0,155.97300000000001,0
0,4715,9208,2,0,140.28700000000001,0
0,4716,9216,2,0,221.87200000000001,0
0,4717,9224,2,0,179.73400000000001,0
0,4718,9232,2,0,171.41399999999999,0
0,4719,9240,2,0,179.04300000000001,0
0,4720,9248,2,0,119.426,0
0,4721,9256,2,0,164.708,0
0,4722,9264,2,0,181.34,0
0,4723,9272,2,0,161.559,0
0,4724,9280,2,0,125.5,0
0,4725,9288,2,0,161.63800000000001,0
0,4726,9296,2,0,172.01900000000001,0
0,4727,9304,2,0,185.49199999999999,0
0,4728,9312,2,0,184.852,0
0,4729,9320,2,0,151.303,0
0,4730,9328,2,0,176.47,0
0,4731,9336,2,0,183.506,0
0,4732,9344,2,0,150.55099999999999,0
0,4733,9352,2,0,167.369,0
0,4734,9360,2,0,148.86199999999999,0
0,4735,9368,2,0,175.81800000000001,0
0,4736,9376,2,0,189.93600000000001,0
0,4737,9384,2,0,184.02099999999999,0
0,4738,9392,2,0,190.97300000000001,0
0,4739,9400,2,0,199.80500000000001,0
0,4740,9408,2,0,128.85499999999999,0
0,4741,9416,2,0,188.059,0
0,4742,9424,2,0,181.99600000000001,0
0,4743,9432,2,0,176.578,0
0,4744,9440,2,0,165.148,0
0,4745,9448,2,0,164.06999999999999,0
0,4746,9456,2,0,180.392,0
0,4747,9464,2,0,162.44499999999999,0
0,4748,9472,2,0,174.15000000000001,0
0,4749,9480,2,0,165.691,0
0,4750,9488,2,0,175.5,0
0,4751,9496,2,0,173.239,0
0,4752,9504,2,0,175.52600000000001,0
0,4753,9512,2,0,166.124,0
0,4754,9520,2,0,173.02099999999999,0
0,4755,9528,2,0,182.85300000000001,0
0,4756,9536,2,0,167.78700000000001,0
0,4757,9544,2,0,193.59700000000001,0
0,4758,9552,2,0,187.70400000000001,0
0,4759,9560,2,0,176.81800000000001,0
0,4760,9568,2,0,154.83799999999999,0
0,4761,9576,2,0,138.833,0
0,4762,9584,2,0,196.80000000000001,0
0,4763,9592,2,0,169.441,0
0,4764,9600,2,0,133.84399999999999,0
0,4765,9608,2,0,161.46600000000001,0
0,4766,9616,2,0,167.91399999999999,0
0,4767,9624,2,0,197.584,0
0,4768,9632,2,0,166.45099999999999,0
0,4769,9640,2,0,200.916,0
0,4770,9648,2,0,168.52699999999999,0
0,4771,9656,2,0,171.69300000000001,0
0,4772,9664,2,0,173.178,0
0,4773,9672,2,0,191.68000000000001,0
0,4774,9680,2,0,155.114,0
0,4775,9688,2,0,192.887,0
0,4776,9696,2,0,129.69200000000001,0
0,4777,9704,2,0,165.21600000000001,0
0,4778,9712,2,0,145.46100000000001,0
0,4779,9720,2,0,126.006,0
0,4780,9728,2,0,158.005,0
0,4781,9736,2,0,179.59800000000001,0
0,4782,9744,2,0,186.74299999999999,0
0,4783,9752,2,0,181.21700000000001,0
0,4784,9760,2,0,187.66900000000001,0
0,4785,9768,2,0,203.33199999999999,0
0,4786,9776,2,0,177.23699999999999,0
0,4787,9784,2,0,164.244,0
0,4788,9792,2,0,189.577,0
0,4789,9800,2,0,169.267,0
0,4790,9808,2,0,160.93600000000001,0
0,4791,9816,2,0,164.935,0
0,4792,9824,2,0,190.68600000000001,0
0,4793,9832,2,0,184.84399999999999,0
0,4794,9840,2,0,152.786,0
0,4795,9848,2,0,176.16499999999999,0
0,4796,9856,2,0,203.42099999999999,0
0,4797,9864,2,0,160.37,0
0,4798,9872,2,0,188.66300000000001,0
0,4799,9880,2,0,167.512,0
0,4800,9888,2,0,136.505,0
0,4801,9896,2,0,165.34399999999999,0
0,4802,9904,2,0,193.97300000000001,0
0,4803,9912,2,0,180.55199999999999,0
0,4804,9920,2,0,195.21199999999999,0
0,4805,9928,2,0,165.46899999999999,0
0,4806,9936,2,0,182.685,0
0,4807,9944,2,0,168.119,0
0,4808,9952,2,0,189.86000000000001,0
0,4809,9960,2,0,178.49799999999999,0
0,4810,9968,2,0,197.869,0
0,4811,9976,2,0,188.66,0
0,4812,9984,2,0,134.71199999999999,0
0,4813,9992,2,0,172.376,0
0,4814,10000,2,0,136.846,0
0,4815,10008,2,0,186.69499999999999,0
0,4816,10016,2,0,173.39699999999999,0
0,4817,10024,2,0,168.64599999999999,0
0,4818,10032,2,0,163.19200000000001,0
0,4819,10040,2,0,161.85900000000001,0
0,4820,10048,2,0,152.739,0
0,4821,10056,2,0,229.54300000000001,0
0,4822,10064,2,0,184.75,0
0,4823,10072,2,0,171.95699999999999,0
0,4824,10080,2,0,180.09200000000001,0
0,4825,10088,2,0,137.66300000000001,0
0,4826,10096,2,0,189.26400000000001,0
0,4827,10104,2,0,205.03999999999999,0
0,4828,10112,2,0,189.99000000000001,0
0,4829,10120,2,0,203.809,0
0,4830,10128,2,0,191.179,0
0,4831,10136,2,0,163.131,0
0,4832,10144,2,0,199.006,0
0,4833,10152,2,0,115.559,0
0,4834,10160,2,0,187.262,0
0,4835,10168,2,0,159.03100000000001,0
0,4836,10176,2,0,140.46100000000001,0
0,4837,10184,2,0,187.40899999999999,0
0,4838,10192,2,0,201.489,0
0,4839,10200,2,0,205.93299999999999,0
0,4840,10208,2,0,207.94900000000001,0
0,4841,10216,2,0,174.40600000000001,0
0,4842,10224,2,0,175.38999999999999,0
0,4843,10232,2,0,195.56399999999999,0
0,4844,10240,2,0,163.20400000000001,0
0,4845,10248,2,0,191.291,0
0,4846,10256,2,0,188.05799999999999,0
0,4847,10264,2,0,193.48699999999999,0
0,4848,10272,2,0,221.05699999999999,0
0,4849,10280,2,0,196.678,0
0,4850,10288,2,0,182.14699999999999,0
0,4851,10296,2,0,180.75299999999999,0
0,4852,10304,2,0,190.166,0
0,4853,10312,2,0,147.31999999999999,0
0,4854,10320,2,0,190.809,0
0,4855,10328,2,0,193.56200000000001,0
0,4856,10336,2,0,176.50700000000001,0
0,4857,10344,2,0,186.886,0
0,4858,10352,2,0,182.87299999999999,0
0,4859,10360,2,0,205.85300000000001,0
0,4860,10368,2,0,165.68899999999999,0
0,4861,10376,2,0,176.273,0
0,4862,10384,2,0,215.53800000000001,0
0,4863,10392,2,0,157.57599999999999,0
0,4864,10400,2,0,185.71100000000001,0
0,4865,10408,2,0,168.30000000000001,0
0,4866,10416,2,0,194.874,0
0,4867,10424,2,0,172.98599999999999,0
0,4868,10432,2,0,152.81700000000001,0
0,4869,10440,2,0,176.851,0
0,4870,10448,2,0,137.22800000000001,0
0,4871,10456,2,0,179.023,0
0,4872,10464,2,0,172.917,0
0,4873,10472,2,0,181.226,0
0,4874,10480,2,0,194.49799999999999,0
0,4875,10488,2,0,171.98400000000001,0
0,4876,10496,2,0,182.672,0
0,4877,10504,2,0,155.50800000000001,0
0,4878,10512,2,0,206.85900000000001,0
0,4879,10520,2,0,165.57499999999999,0
0,4880,10528,2,0,179.55199999999999,0
0,4881,10536,2,0,191.208,0
0,4882,10544,2,0,179.08600000000001,0
0,4883,10552,2,0,157.71100000000001,0
0,4884,10560,2,0,181.339,0
0,4885,10568,2,0,172.53999999999999,0
0,4886,10576,2,0,179.66399999999999,0
0,4887,10584,2,0,160.44200000000001,0
0,4888,10592,2,0,141.18600000000001,0
0,4889,10600,2,0,160.86600000000001,0
0,4890,10608,2,0,192.977,0
0,4891,10616,2,0,168.136,0
0,4892,10624,2,0,192.392,0
0,4893,10632,2,0,188.37200000000001,0
0,4894,10640,2,0,171.286,0
0,4895,10648,2,0,184.24100000000001,0
0,4896,10656,2,0,191.76599999999999,0
0,4897,10664,2,0,197.755,0
0,4898,10672,2,0,190.74799999999999,0
0,4899,10680,2,0,222.08699999999999,0
0,4900,10688,2,0,172.15100000000001,0
0,4901,10696,2,0,198.09,0
0,4902,10704,2,0,185.73599999999999,0
0,4903,10712,2,0,170.626,0
0,4904,10720,2,0,132.36000000000001,0
0,4905,10728,2,0,172.86099999999999,0
0,4906,10736,2,0,154.68600000000001,0
0,4907,10744,2,0,176.16499999999999,0
0,4908,10752,2,0,183.58699999999999,0
0,4909,10760,2,0,157.92400000000001,0
0,4910,10768,2,0,181.59,0
0,4911,10776,2,0,177.458,0
0,4912,10784,2,0,143.905,0
0,4913,10792,2,0,179.20099999999999,0
0,4914,10800,2,0,162.38,0
0,4915,10808,2,0,181.518,0
0,4916,10816,2,0,169.178,0
0,4917,10824,2,0,198.84,0
0,4918,10832,2,0,166.62100000000001,0
0,4919,10840,2,0,182.69800000000001,0
0,4920,10848,2,0,191.75299999999999,0
0,4921,10856,2,0,179.12700000000001,0
0,4922,10864,2,0,160.16900000000001,0
0,4923,10872,2,0,184.00299999999999,0
0,4924,10880,2,0,209.42400000000001,0
0,4925,10888,2,0,173.346,0
0,4926,10896,2,0,176.309,0
0,4927,10904,2,0,192.74700000000001,0
0,4928,10912,2,0,189.982,0
0,4929,10920,2,0,197.21199999999999,0
0,4930,10928,2,0,190.00399999999999,0
0,4931,10936,2,0,172.202,0
0,4932,10944,2,0,157.41200000000001,0
0,4933,10952,2,0,151.202,0
0,4934,10960,2,0,187.96100000000001,0
0,4935,10968,2,0,195.13900000000001,0
0,4936,10976,2,0,161.404,0
0,4937,10984,2,0,159.89099999999999,0
0,4938,10992,2,0,173.601,0
0,4939,11000,2,0,157.63499999999999,0
0,4940,11008,2,0,174.93700000000001,0
0,4941,11016,2,0,170.453,0
0,4942,11024,2,0,160.578,0
0,4943,11032,2,0,164.51599999999999,0
0,4944,11040,2,0,162.946,0
0,4945,11048,2,0,189.827,0
0,4946,11056,2,0,183.90799999999999,0
0,4947,11064,2,0,200.84800000000001,0
0,4948,11072,2,0,170.52600000000001,0
0,4949,11080,2,0,188.524,0
0,4950,11088,2,0,196.333,0
0,4951,11096,2,0,147.92599999999999,0
0,4952,11104,2,0,190.61099999999999,0
0,4953,11112,2,0,189.81999999999999,0
0,4954,11120,2,0,189.86199999999999,0
0,4955,11128,2,0,179.95400000000001,0
0,4956,11136,2,0,191.56299999999999,0
0,4957,11144,2,0,199.34,0
0,4958,11152,2,0,184.54300000000001,0
0,4959,11160,2,0,163.03299999999999,0
0,4960,11168,2,0,197.36199999999999,0
0,4961,11176,2,0,175.21000000000001,0
0,4962,11184,2,0,151.19200000000001,0
0,4963,11192,2,0,168.887,0
0,4964,11200,2,0,195.768,0
0,4965,11208,2,0,207.417,0
0,4966,11216,2,0,162.87700000000001,0
0,4967,11224,2,0,172.374,0
0,4968,11232,2,0,191.011,0
0,4969,11240,2,0,175.30600000000001,0
0,4970,11248,2,0,158.72,0
0,4971,11256,2,0,154.357,0
0,4972,11264,2,0,192.006,0
0,4973,11272,2,0,177.827,0
0,4974,11280,2,0,170.03399999999999,0
0,4975,11288,2,0,160.684,0
0,4976,11296,2,0,211.90799999999999,0
0,4977,11304,2,0,165.33799999999999,0
0,4978,11312,2,0,191.77600000000001,0
0,4979,11320,2,0,170.64699999999999,0
0,4980,11328,2,0,148.03200000000001,0
0,4981,11336,2,0,160.33199999999999,0
0,4982,11344,2,0,183.00899999999999,0
0,4983,11352,2,0,131.131,0
0,4984,11360,2,0,178.56299999999999,0
0,4985,11368,2,0,192.11799999999999,0
0,4986,11376,2,0,173.32499999999999,0
0,4987,11384,2,0,148.01599999999999,0
0,4988,11392,2,0,182.006,0
0,4989,11400,2,0,153.63900000000001,0
0,4990,11408,2,0,219.53899999999999,0
0,4991,11416,2,0,160.01599999999999,0
0,4992,11424,2,0,167.80600000000001,0
0,4993,11432,2,0,132.74600000000001,0
0,4994,11440,2,0,203.995,0
0,4995,11448,2,0,184.27099999999999,0
0,4996,11456,2,0,161.38499999999999,0
0,4997,11464,2,0,192.79300000000001,0
0,4998,11472,2,0,190.57300000000001,0
0,4999,11480,2,0,180.874,0
0,5000,11488,2,0,195.50399999999999,0
0,5001,11496,2,0,188.35900000000001,0
0,5002,11504,2,0,156.13800000000001,0
0,5003,11512,2,0,162.18100000000001,0
0,5004,11520,2,0,154.36600000000001,0
0,5005,11528,2,0,129.161,0
0,5006,11536,2,0,126.485,0
0,5007,11544,2,0,178.41399999999999,0
0,5008,11552,2,0,185.523,0
0,5009,11560,2,0,172.131,0
0,5010,11568,2,0,148.09299999999999,0
0,5011,11576,2,0,171.19399999999999,0
0,5012,11584,2,0,177.828,0
0,5013,11592,2,0,194.56399999999999,0
0,5014,11600,2,0,182.90899999999999,0
0,5015,11608,2,0,204.614,0
0,5016,11616,2,0,132.84700000000001,0
0,5017,11624,2,0,204.97,0
0,5018,11632,2,0,176.03800000000001,0
0,5019,11640,2,0,167.619,0
0,5020,11648,2,0,187.15700000000001,0
0,5021,11656,2,0,163.98599999999999,0
0,5022,11664,2,0,184.27099999999999,0
0,5023,11672,2,0,171.32400000000001,0
0,5024,11680,2,0,168.22200000000001,0
0,5025,11688,2,0,192.643,0
0,5026,11696,2,0,176.62200000000001,0
0,5027,11704,2,0,181.358,0
0,5028,11712,2,0,183.113,0
0,5029,11720,2,0,181.21799999999999,0
0,5030,11728,2,0,163.15899999999999,0
0,5031,11736,2,0,155.91300000000001,0
0,5032,11744,2,0,146.74100000000001,0
0,5033,11752,2,0,127.80500000000001,0
0,5034,11760,2,0,187.83000000000001,0
0,5035,11768,2,0,173.75800000000001,0
0,5036,11776,2,0,173.03800000000001,0
0,5037,11784,2,0,173.30500000000001,0
0,5038,11792,2,0,147.24100000000001,0
0,5039,11800,2,0,186.91900000000001,0
0,5040,11808,2,0,185.64699999999999,0
0,5041,11816,2,0,176.39599999999999,0
0,5042,11824,2,0,169.76599999999999,0
0,5043,11832,2,0,187.13999999999999,0
0,5044,11840,2,0,172.48099999999999,0
0,5045,11848,2,0,183.66900000000001,0
0,5046,11856,2,0,196.208,0
0,5047,11864,2,0,190,0
0,5048,11872,2,0,174.57599999999999,0
0,5049,11880,2,0,196.07900000000001,0
0,5050,11888,2,0,166.066,0
0,5051,11896,2,0,182.447,0
0,5052,11904,2,0,187.81399999999999,0
0,5053,11912,2,0,170.922,0
0,5054,11920,2,0,165.15299999999999,0
0,5055,11928,2,0,168.398,0
0,5056,11936,2,0,175.32599999999999,0
0,5057,11944,2,0,154.244,0
0,5058,11952,2,0,176.624,0
0,5059,11960,2,0,180.49600000000001,0
0,5060,11968,2,0,170.15100000000001,0
0,5061,11976,2,0,156.15700000000001,0
0,5062,11984,2,0,148.749,0
0,5063,11992,2,0,188.267,0
0,5064,12000,2,0,205.751,0
0,5065,12008,2,0,191.405,0
0,5066,12016,2,0,196.00399999999999,0
0,5067,12024,2,0,185.41499999999999,0
0,5068,12032,2,0,131.85400000000001,0
0,5069,12040,2,0,212.31200000000001,0
0,5070,12048,2,0,185.95699999999999,0
0,5071,12056,2,0,191.297,0
0,5072,12064,2,0,116.039,0
0,5073,12072,2,0,182.54400000000001,0
0,5074,12080,2,0,168.86799999999999,0
0,5075,12088,2,0,206.678,0
0,5076,12096,2,0,185.601,0
0,5077,12104,2,0,164.791,0
0,5078,12112,2,0,154.82900000000001,0
0,5079,12120,2,0,164.01300000000001,0
0,5080,12128,2,0,198.84700000000001,0
0,5081,12136,2,0,173.27000000000001,0
0,5082,12144,2,0,161.96199999999999,0
0,5083,12152,2,0,166.17699999999999,0
0,5084,12160,2,0,138.744,0
0,5085,12168,2,0,161.50800000000001,0
0,5086,12176,2,0,153.33500000000001,0
0,5087,12184,2,0,179.56399999999999,0
0,5088,12192,2,0,188.55000000000001,0
0,5089,12200,2,0,166.93799999999999,0
0,5090,12208,2,0,186.09299999999999,0
0,5091,12216,2,0,187.78100000000001,0
0,5092,12224,2,0,175.238,0
0,5093,12232,2,0,188.87200000000001,0
0,5094,12240,2,0,202.37200000000001,0
0,5095,12248,2,0,196.84800000000001,0
0,5096,12256,2,0,188.536,0
0,5097,12264,2,0,151.88,0
0,5098,12272,2,0,182.65000000000001,0
0,5099,12280,2,0,181.04400000000001,0
0,5100,12288,2,0,203.05600000000001,0
0,5101,12296,2,0,157.726,0
0,5102,12304,2,0,151.84999999999999,0
0,5103,12312,2,0,160.15199999999999,0
0,5104,12320,2,0,197.76499999999999,0
0,5105,12328,2,0,139.733,0
0,5106,12336,2,0,126.818,0
0,5107,12344,2,0,192.49700000000001,0
0,5108,12352,2,0,194.042,0
0,5109,12360,2,0,191.01900000000001,0
0,5110,12368,2,0,175.124,0
0,5111,12376,2,0,187.43700000000001,0
0,5112,12384,2,0,167.76499999999999,0
0,5113,12392,2,0,187.41300000000001,0
0,5114,12400,2,0,166.23599999999999,0
0,5115,12408,2,0,166.226,0
0,5116,12416,2,0,159.72399999999999,0
0,5117,12424,2,0,179.39400000000001,0
0,5118,12432,2,0,192.399,0
0,5119,12440,2,0,133.59200000000001,0
0,5120,12448,2,0,148.14500000000001,0
0,5121,12456,2,0,146.81800000000001,0
0,5122,12464,2,0,178.041,0
0,5123,12472,2,0,177.94999999999999,0
0,5124,12480,2,0,168.37200000000001,0
0,5125,12488,2,0,177.27600000000001,0
0,5126,12496,2,0,143.00200000000001,0
0,5127,12504,2,0,188.32599999999999,0
0,5128,12512,2,0,185.33600000000001,0
0,5129,12520,2,0,172.15100000000001,0
0,5130,12528,2,0,184.95099999999999,0
0,5131,12536,2,0,170.34399999999999,0
0,5132,12544,2,0,166.876,0
0,5133,12552,2,0,217.453,0
0,5134,12560,2,0,185.744,0
0,5135,12568,2,0,185.17099999999999,0
0,5136,12576,2,0,180.08699999999999,0
0,5137,12584,2,0,161.977,0
0,5138,12592,2,0,152.59,0
0,5139,12600,2,0,180.96100000000001,0
0,5140,12608,2,0,175.21899999999999,0
0,5141,12616,2,0,178.215,0
0,5142,12624,2,0,194.49700000000001,0
0,5143,12632,2,0,180.25299999999999,0
0,5144,12640,2,0,141.91900000000001,0
0,5145,12648,2,0,193.39500000000001,0
0,5146,12656,2,0,155.94,0
0,5147,12664,2,0,185.40799999999999,0
0,5148,12672,2,0,161.887,0
0,5149,12680,2,0,163.02099999999999,0
0,5150,12688,2,0,183.761,0
0,5151,12696,2,0,181.518,0
0,5152,12704,2,0,175.583,0
0,5153,12712,2,0,176.84999999999999,0
0,5154,12720,2,0,183.22800000000001,0
0,5155,12728,2,0,159.56899999999999,0
0,5156,12736,2,0,187.92500000000001,0
0,5157,12744,2,0,166.71199999999999,0
0,5158,12752,2,0,167.05600000000001,0
0,5159,12760,2,0,174.85400000000001,0
0,5160,12768,2,0,213.63300000000001,0
0,5161,12776,2,0,179.87899999999999,0
0,5162,12784,2,0,151.48400000000001,0
0,5163,12792,2,0,187.453,0
0,5164,12800,2,0,169.18199999999999,0
0,5165,12808,2,0,155.12899999999999,0
0,5166,12816,2,0,181.61199999999999,0
0,5167,12824,2,0,148.71199999999999,0
0,5168,12832,2,0,190.92400000000001,0
0,5169,12840,2,0,180.92599999999999,0
0,5170,12848,2,0,187.24600000000001,0
0,5171,12856,2,0,145.52799999999999,0
0,5172,12864,2,0,184.316,0
0,5173,12872,2,0,175.89599999999999,0
0,5174,12880,2,0,172.642,0
0,5175,12888,2,0,170.50800000000001,0
0,5176,12896,2,0,162.786,0
0,5177,12904,2,0,194.15199999999999,0
0,5178,12912,2,0,200.095,0
0,5179,12920,2,0,192.00200000000001,0
0,5180,12928,2,0,189.29400000000001,0
0,5181,12936,2,0,136.23099999999999,0
0,5182,12944,2,0,171.898,0
0,5183,12952,2,0,195.17500000000001,0
0,5184,12960,2,0,180.72999999999999,0
0,5185,12968,2,0,179.78999999999999,0
0,5186,12976,2,0,150.501,0
0,5187,12984,2,0,194.65700000000001,0
0,5188,12992,2,0,138.45699999999999,0
0,5189,13000,2,0,154.047,0
0,5190,13008,2,0,170.74299999999999,0
0,5191,13016,2,0,185.46700000000001,0
0,5192,13024,2,0,164.27000000000001,0
0,5193,13032,2,0,135.024,0
0,5194,13040,2,0,141.31899999999999,0
0,5195,13048,2,0,211.066,0
0,5196,13056,2,0,180.66800000000001,0
0,5197,13064,2,0,185.99100000000001,0
0,5198,13072,2,0,143.12700000000001,0
0,5199,13080,2,0,180.661,0
0,5200,13088,2,0,200,0
0,5201,13096,2,0,201.54400000000001,0
0,5202,13104,2,0,194.935,0
0,5203,13112,2,0,164.571,0
0,5204,13120,2,0,151.636,0
0,5205,13128,2,0,194.506,0
0,5206,13136,2,0,198.25700000000001,0
0,5207,13144,2,0,170.91499999999999,0
0,5208,13152,2,0,177.82900000000001,0
0,5209,13160,2,0,131.28800000000001,0
0,5210,13168,2,0,161.43100000000001,0
0,5211,13176,2,0,182.624,0
0,5212,13184,2,0,163.75299999999999,0
0,5213,13192,2,0,202.142,0
0,5214,13200,2,0,158.79499999999999,0
0,5215,13208,2,0,179.703,0
0,5216,13216,2,0,180.77099999999999,0
0,5217,13224,2,0,198.274,0
0,5218,13232,2,0,174.703,0
0,5219,13240,2,0,174.13,0
0,5220,13248,2,0,175.226,0
0,5221,13256,2,0,180.33000000000001,0
0,5222,13264,2,0,171.83199999999999,0
0,5223,13272,2,0,179.56,0
0,5224,13280,2,0,153.10400000000001,0
0,5225,13288,2,0,159.977,0
0,5226,13296,2,0,199.83699999999999,0
0,5227,13304,2,0,181.38200000000001,0
0,5228,13312,2,0,149.17699999999999,0
0,5229,13320,2,0,150.23400000000001,0
0,5230,13328,2,0,202.43899999999999,0
0,5231,13336,2,0,214.48400000000001,0
0,5232,13344,2,0,176.63300000000001,0
0,5233,13352,2,0,168.44399999999999,0
0,5234,13360,2,0,154.983,0
0,5235,13368,2,0,137.679,0
0,5236,13376,2,0,144.49600000000001,0
0,5237,13384,2,0,192.053,0
0,5238,13392,2,0,167.637,0
0,5239,13400,2,0,198.678,0
0,5240,13408,2,0,168.70099999999999,0
0,5241,13416,2,0,152.42699999999999,0
0,5242,13424,2,0,200.78399999999999,0
0,5243,13432,2,0,158.91200000000001,0
0,5244,13440,2,0,197.31200000000001,0
0,5245,13448,2,0,167.101,0
0,5246,13456,2,0,174.274,0
0,5247,13464,2,0,156.02199999999999,0
0,5248,13472,2,0,195.506,0
0,5249,13480,2,0,142.864,0
0,5250,13488,2,0,202.17599999999999,0
0,5251,13496,2,0,175.28200000000001,0
0,5252,13504,2,0,196.30699999999999,0
0,5253,13512,2,0,184.60400000000001,0
0,5254,13520,2,0,148.43700000000001,0
0,5255,13528,2,0,154.00200000000001,0
0,5256,13536,2,0,174.69499999999999,0
0,5257,13544,2,0,195.066,0
0,5258,13552,2,0,165.631,0
0,5259,13560,2,0,196.53100000000001,0
0,5260,13568,2,0,178.81899999999999,0
0,5261,13576,2,0,148.61500000000001,0
0,5262,13584,2,0,178.99299999999999,0
0,5263,13592,2,0,187.018,0
0,5264,13600,2,0,197.99799999999999,0
0,5265,13608,2,0,166.56700000000001,0
0,5266,13616,2,0,164.92699999999999,0
0,5267,13624,2,0,178.721,0
0,5268,13632,2,0,181.30000000000001,0
0,5269,13640,2,0,171.94300000000001,0
0,5270,13648,2,0,211.11099999999999,0
0,5271,13656,2,0,166.524,0
0,5272,13664,2,0,172.66300000000001,0
0,5273,13672,2,0,164.40000000000001,0
0,5274,13680,2,0,180.30099999999999,0
0,5275,13688,2,0,151.26300000000001,0
0,5276,13696,2,0,173.124,0
0,5277,13704,2,0,166.054,0
0,5278,13712,2,0,142.69,0
0,5279,13720,2,0,129.16800000000001,0
0,5280,13728,2,0,197.846,0
0,5281,13736,2,0,143.94900000000001,0
0,5282,13744,2,0,173.80099999999999,0
0,5283,13752,2,0,159.667,0
0,5284,13760,2,0,131.589,0
0,5285,13768,2,0,162.57499999999999,0
0,5286,13776,2,0,145.524,0
0,5287,13784,2,0,189.75800000000001,0
0,5288,13792,2,0,199.012,0
0,5289,13800,2,0,172.441,0
0,5290,13808,2,0,143.375,0
0,5291,13816,2,0,129.19399999999999,0
0,5292,13824,2,0,173.25800000000001,0
0,5293,13832,2,0,138.49100000000001,0
0,5294,13840,2,0,199.49700000000001,0
0,5295,13848,2,0,191.23500000000001,0
0,5296,13856,2,0,187.202,0
0,5297,13864,2,0,192.273,0
0,5298,13872,2,0,185.88800000000001,0
0,5299,13880,2,0,189.18899999999999,0
0,5300,13888,2,0,205.06399999999999,0
0,5301,13896,2,0,196.96299999999999,0
0,5302,13904,2,0,208.381,0
0,5303,13912,2,0,180.01300000000001,0
0,5304,13920,2,0,153.13999999999999,0
0,5305,13928,2,0,175.03299999999999,0
0,5306,13936,2,0,119.76000000000001,0
0,5307,13944,2,0,162.119,0
0,5308,13952,2,0,185.16999999999999,0
0,5309,13960,2,0,170.38300000000001,0
0,5310,13968,2,0,189.44399999999999,0
0,5311,13976,2,0,172.36199999999999,0
0,5312,13984,2,0,178.20400000000001,0
0,5313,13992,2,0,156.42400000000001,0
0,5314,14000,2,0,142.512,0
0,5315,14008,2,0,178.148,0
0,5316,14016,2,0,202.08099999999999,0
0,5317,14024,2,0,205.87100000000001,0
0,5318,14032,2,0,146.91300000000001,0
0,5319,14040,2,0,172.91999999999999,0
0,5320,14048,2,0,189.39400000000001,0
0,5321,14056,2,0,158.333,0
0,5322,14064,2,0,178.571,0
0,5323,14072,2,0,170.797,0
0,5324,14080,2,0,184.602,0
0,5325,14088,2,0,149.477,0
0,5326,14096,2,0,144.17500000000001,0
0,5327,14104,2,0,178.49600000000001,0
0,5328,14112,2,0,165.589,0
0,5329,14120,2,0,229.517,0
0,5330,14128,2,0,143.31800000000001,0
0,5331,14136,2,0,178.22,0
0,5332,14144,2,0,145.304,0
0,5333,14152,2,0,163.833,0
0,5334,14160,2,0,190.328,0
0,5335,14168,2,0,223.25299999999999,0
0,5336,14176,2,0,189.22,0
0,5337,14184,2,0,152.88,0
0,5338,14192,2,0,131.65600000000001,0
0,5339,14200,2,0,186.12899999999999,0
0,5340,14208,2,0,187.22900000000001,0
0,5341,14216,2,0,149.02199999999999,0
0,5342,14224,2,0,170.19800000000001,0
0,5343,14232,2,0,171.10900000000001,0
0,5344,14240,2,0,174.346,0
0,5345,14248,2,0,179.96100000000001,0
0,5346,0,3,0,172.90799999999999,0
0,5347,8,3,0,182.495,0
0,5348,16,3,0,197.435,0
0,5349,24,3,0,185.05699999999999,0
0,5350,32,3,0,193.81700000000001,0
0,5351,40,3,0,197.26900000000001,0
0,5352,48,3,0,194.935,0
0,5353,56,3,0,154.983,0
0,5354,64,3,0,197.012,0
0,5355,72,3,0,184.09999999999999,0
0,5356,80,3,0,189.05199999999999,0
0,5357,88,3,0,190.672,0
0,5358,96,3,0,182.88999999999999,0
0,5359,104,3,0,167.62100000000001,0
0,5360,112,3,0,186.697,0
0,5361,120,3,0,187.756,0
0,5362,128,3,0,185.46899999999999,0
0,5363,136,3,0,184.46700000000001,0
0,5364,144,3,0,175.95500000000001,0
0,5365,152,3,0,158.13900000000001,0
0,5366,160,3,0,165.928,0
0,5367,168,3,0,183.006,0
0,5368,176,3,0,196.55199999999999,0
0,5369,184,3,0,145.30199999999999,0
0,5370,192,3,0,171.37,0
0,5371,200,3,0,186.315,0
0,5372,208,3,0,158.28100000000001,0
0,5373,216,3,0,136.93600000000001,0
0,5374,224,3,0,181.22800000000001,0
0,5375,232,3,0,198.65799999999999,0
0,5376,240,3,0,149.684,0
0,5377,248,3,0,175.24700000000001,0
0,5378,256,3,0,176.58500000000001,0
0,5379,264,3,0,143.06100000000001,0
0,5380,272,3,0,189.35599999999999,0
0,5381,280,3,0,163.68299999999999,0
0,5382,288,3,0,193.89699999999999,0
0,5383,296,3,0,174.13200000000001,0
0,5384,304,3,0,128.958,0
0,5385,312,3,0,131.78299999999999,0
0,5386,320,3,0,154.608,0
0,5387,328,3,0,159.16800000000001,0
0,5388,336,3,0,183.94499999999999,0
0,5389,344,3,0,174.83600000000001,0
0,5390,352,3,0,179.602,0
0,5391,360,3,0,187.268,0
0,5392,368,3,0,192.239,0
0,5393,376,3,0,177.08099999999999,0
0,5394,384,3,0,196.85599999999999,0
0,5395,392,3,0,202.18799999999999,0
0,5396,400,3,0,161.393,0
0,5397,408,3,0,182.791,0
0,5398,416,3,0,228.291,0
0,5399,424,3,0,161.46199999999999,0
0,5400,432,3,0,194.56999999999999,0
0,5401,440,3,0,183.58500000000001,0
0,5402,448,3,0,187.40799999999999,0
0,5403,456,3,0,204.346,0
0,5404,464,3,0,125.483,0
0,5405,472,3,0,200.267,0
0,5406,480,3,0,146.89400000000001,0
0,5407,488,3,0,156.815,0
0,5408,496,3,0,187.09899999999999,0
0,5409,504,3,0,171.739,0
0,5410,512,3,0,167.80000000000001,0
0,5411,520,3,0,136.131,0
0,5412,528,3,0,125.146,0
0,5413,536,3,0,157.77199999999999,0
0,5414,544,3,0,225.64500000000001,0
0,5415,552,3,0,179.94499999999999,0
0,5416,560,3,0,183.00200000000001,0
0,5417,568,3,0,161.34,0
0,5418,576,3,0,170.15100000000001,0
0,5419,584,3,0,181.38399999999999,0
0,5420,592,3,0,198.91300000000001,0
0,5421,600,3,0,163.751,0
0,5422,608,3,0,177.22900000000001,0
0,5423,616,3,0,180.27699999999999,0
0,5424,624,3,0,181.53,0
0,5425,632,3,0,180.38,0
0,5426,640,3,0,190.19499999999999,0
0,5427,648,3,0,157.03700000000001,0
0,5428,656,3,0,168.315,0
0,5429,664,3,0,143.19200000000001,0
0,5430,672,3,0,184.464,0
0,5431,680,3,0,184.02500000000001,0
0,5432,688,3,0,176.33199999999999,0
0,5433,696,3,0,136.41399999999999,0
0,5434,704,3,0,142.00899999999999,0
0,5435,712,3,0,197.78700000000001,0
0,5436,720,3,0,163.65100000000001,0
0,5437,728,3,0,178.203,0
0,5438,736,3,0,193.18700000000001,0
0,5439,744,3,0,194.71100000000001,0
0,5440,752,3,0,189.773,0
0,5441,760,3,0,171.798,0
0,5442,768,3,0,188.917,0
0,5443,776,3,0,184.40700000000001,0
0,5444,784,3,0,158.19800000000001,0
0,5445,792,3,0,190.40199999999999,0
0,5446,800,3,0,163.25800000000001,0
0,5447,808,3,0,192.94300000000001,0
0,5448,816,3,0,215.66999999999999,0
0,5449,824,3,0,185.66800000000001,0
0,5450,832,3,0,184.28399999999999,0
0,5451,840,3,0,176.43700000000001,0
0,5452,848,3,0,177.941,0
0,5453,856,3,0,195.41499999999999,0
0,5454,864,3,0,176.416,0
0,5455,872,3,0,201.46299999999999,0
0,5456,880,3,0,183.464,0
0,5457,888,3,0,207.631,0
0,5458,896,3,0,161.059,0
0,5459,904,3,0,169.035,0
0,5460,912,3,0,197.82400000000001,0
0,5461,920,3,0,163.75,0
0,5462,928,3,0,189.06999999999999,0
0,5463,936,3,0,176.52799999999999,0
0,5464,944,3,0,153.37799999999999,0
0,5465,952,3,0,177.40000000000001,0
0,5466,960,3,0,164.91800000000001,0
0,5467,968,3,0,183.066,0
0,5468,976,3,0,168.17699999999999,0
0,5469,984,3,0,187.65899999999999,0
0,5470,992,3,0,166.642,0
0,5471,1000,3,0,201.91399999999999,0
0,5472,1008,3,0,191.48500000000001,0
0,5473,1016,3,0,184.261,0
0,5474,1024,3,0,141.27600000000001,0
0,5475,1032,3,0,137.988,0
0,5476,1040,3,0,142.04400000000001,0
0,5477,1048,3,0,166.327,0
0,5478,1056,3,0,199.40100000000001,0
0,5479,1064,3,0,152.642,0
0,5480,1072,3,0,169.25,0
0,5481,1080,3,0,198.65600000000001,0
0,5482,1088,3,0,184.41200000000001,0
0,5483,1096,3,0,161.56,0
0,5484,1104,3,0,158.61099999999999,0
0,5485,1112,3,0,170.00700000000001,0
0,5486,1120,3,0,190.542,0
0,5487,1128,3,0,177.02199999999999,0
0,5488,1136,3,0,162.86799999999999,0
0,5489,1144,3,0,192.136,0
0,5490,1152,3,0,178.74100000000001,0
0,5491,1160,3,0,124.083,0
0,5492,1168,3,0,199.255,0
0,5493,1176,3,0,178.88,0
0,5494,1184,3,0,183.256,0
0,5495,1192,3,0,166.70400000000001,0
0,5496,1200,3,0,114.70999999999999,0
0,5497,1208,3,0,195.31399999999999,0
0,5498,1216,3,0,170.93000000000001,0
0,5499,1224,3,0,151.70099999999999,0
0,5500,1232,3,0,198.97999999999999,0
0,5501,1240,3,0,189.08600000000001,0
0,5502,1248,3,0,158.83699999999999,0
0,5503,1256,3,0,155.66399999999999,0
0,5504,1264,3,0,186.64099999999999,0
0,5505,1272,3,0,149.702,0
0,5506,1280,3,0,169.72,0
0,5507,1288,3,0,173.34100000000001,0
0,5508,1296,3,0,175.92400000000001,0
0,5509,1304,3,0,187.464,0
0,5510,1312,3,0,174.73500000000001,0
0,5511,1320,3,0,176.43000000000001,0
0,5512,1328,3,0,208.55500000000001,0
0,5513,1336,3,0,178.96299999999999,0
0,5514,1344,3,0,166.72200000000001,0
0,5515,1352,3,0,183.46700000000001,0
0,5516,1360,3,0,204.86500000000001,0
0,5517,1368,3,0,138,0
0,5518,1376,3,0,159.096,0
0,5519,1384,3,0,142.983,0
0,5520,1392,3,0,165.035,0
0,5521,1400,3,0,178.79300000000001,0
0,5522,1408,3,0,189.74299999999999,0
0,5523,1416,3,0,186.20599999999999,0
0,5524,1424,3,0,155.45400000000001,0
0,5525,1432,3,0,183.70400000000001,0
0,5526,1440,3,0,153.30699999999999,0
0,5527,1448,3,0,180.131,0
0,5528,1456,3,0,182.19,0
0,5529,1464,3,0,161.58000000000001,0
0,5530,1472,3,0,160.12,0
0,5531,1480,3,0,106.56100000000001,0
0,5532,1488,3,0,194.946,0
0,5533,1496,3,0,182.78999999999999,0
0,5534,1504,3,0,123.508,0
0,5535,1512,3,0,183.828,0
0,5536,1520,3,0,153.29900000000001,0
0,5537,1528,3,0,175.05500000000001,0
0,5538,1536,3,0,184.655,0
0,5539,1544,3,0,170.22200000000001,0
0,5540,1552,3,0,203.71700000000001,0
0,5541,1560,3,0,196.77799999999999,0
0,5542,1568,3,0,183.142,0
0,5543,1576,3,0,186.471,0
0,5544,1584,3,0,181.285,0
0,5545,1592,3,0,178.09999999999999,0
0,5546,1600,3,0,204.33000000000001,0
0,5547,1608,3,0,182.72999999999999,0
0,5548,1616,3,0,193.43100000000001,0
0,5549,1624,3,0,197.04300000000001,0
0,5550,1632,3,0,148.19900000000001,0
0,5551,1640,3,0,191.36099999999999,0
0,5552,1648,3,0,177.11699999999999,0
0,5553,1656,3,0,208.52500000000001,0
0,5554,1664,3,0,183.91,0
0,5555,1672,3,0,175.97200000000001,0
0,5556,1680,3,0,123.599,0
0,5557,1688,3,0,159.03399999999999,0
0,5558,1696,3,0,179.33600000000001,0
0,5559,1704,3,0,191.738,0
0,5560,1712,3,0,125.255,0
0,5561,1720,3,0,205.53800000000001,0
0,5562,1728,3,0,177.05099999999999,0
0,5563,1736,3,0,193.01900000000001,0
0,5564,1744,3,0,154.85400000000001,0
0,5565,1752,3,0,156.733,0
0,5566,1760,3,0,165.67400000000001,0
0,5567,1768,3,0,160.678,0
0,5568,1776,3,0,182.17099999999999,0
0,5569,1784,3,0,203.81100000000001,0
0,5570,1792,3,0,154.32499999999999,0
0,5571,1800,3,0,170.536,0
0,5572,1808,3,0,195.61099999999999,0
0,5573,1816,3,0,157.881,0
0,5574,1824,3,0,188.03700000000001,0
0,5575,1832,3,0,180.53700000000001,0
0,5576,1840,3,0,163.75899999999999,0
0,5577,1848,3,0,171.83099999999999,0
0,5578,1856,3,0,195.012,0
0,5579,1864,3,0,183.36000000000001,0
0,5580,1872,3,0,185.75299999999999,0
0,5581,1880,3,0,191.30099999999999,0
0,5582,1888,3,0,189.45400000000001,0
0,5583,1896,3,0,216.76499999999999,0
0,5584,1904,3,0,182.393,0
0,5585,1912,3,0,203.477,0
0,5586,1920,3,0,159.32499999999999,0
0,5587,1928,3,0,134.56899999999999,0
0,5588,1936,3,0,202.89699999999999,0
0,5589,1944,3,0,190.374,0
0,5590,1952,3,0,207.58099999999999,0
0,5591,1960,3,0,181.28999999999999,0
0,5592,1968,3,0,150.46700000000001,0
0,5593,1976,3,0,178.81999999999999,0
0,5594,1984,3,0,141.845,0
0,5595,1992,3,0,174.46100000000001,0
0,5596,2000,3,0,208.881,0
0,5597,2008,3,0,183.84999999999999,0
0,5598,2016,3,0,198.64400000000001,0
0,5599,2024,3,0,189.62899999999999,0
0,5600,2032,3,0,174.22900000000001,0
0,5601,2040,3,0,169.80500000000001,0
0,5602,2048,3,0,146.239,0
0,5603,2056,3,0,185.55199999999999,0
0,5604,2064,3,0,175.255,0
0,5605,2072,3,0,168.142,0
0,5606,2080,3,0,175.18299999999999,0
0,5607,2088,3,0,154.774,0
0,5608,2096,3,0,167.96600000000001,0
0,5609,2104,3,0,197.13300000000001,0
0,5610,2112,3,0,196.036,0
0,5611,2120,3,0,187.00800000000001,0
0,5612,2128,3,0,189.11500000000001,0
0,5613,2136,3,0,192.29599999999999,0
0,5614,2144,3,0,136.99600000000001,0
0,5615,2152,3,0,180.249,0
0,5616,2160,3,0,150.23099999999999,0
0,5617,2168,3,0,204.91999999999999,0
0,5618,2176,3,0,183.42699999999999,0
0,5619,2184,3,0,206.11500000000001,0
0,5620,2192,3,0,171.947,0
0,5621,2200,3,0,155.93299999999999,0
0,5622,2208,3,0,192.63900000000001,0
0,5623,2216,3,0,206.24299999999999,0
0,5624,2224,3,0,193.21199999999999,0
0,5625,2232,3,0,183.95500000000001,0
0,5626,2240,3,0,170.25299999999999,0
0,5627,2248,3,0,175.97499999999999,0
0,5628,2256,3,0,172.71100000000001,0
0,5629,2264,3,0,168.381,0
0,5630,2272,3,0,185.227,0
0,5631,2280,3,0,175.947,0
0,5632,2288,3,0,158.435,0
0,5633,2296,3,0,170.185,0
0,5634,2304,3,0,131.99600000000001,0
0,5635,2312,3,0,191.48400000000001,0
0,5636,2320,3,0,184.65199999999999,0
0,5637,2328,3,0,183.14099999999999,0
0,5638,2336,3,0,187.989,0
0,5639,2344,3,0,148.06100000000001,0
0,5640,2352,3,0,188.869,0
0,5641,2360,3,0,202.10300000000001,0
0,5642,2368,3,0,167.38200000000001,0
0,5643,2376,3,0,162.536,0
0,5644,2384,3,0,191.78100000000001,0
0,5645,2392,3,0,145.93100000000001,0
0,5646,2400,3,0,185.839,0
0,5647,2408,3,0,138.78299999999999,0
0,5648,2416,3,0,178.279,0
0,5649,2424,3,0,184.066,0
0,5650,2432,3,0,168.00800000000001,0
0,5651,2440,3,0,181.31299999999999,0
0,5652,2448,3,0,146.721,0
0,5653,2456,3,0,158.375,0
0,5654,2464,3,0,154.874,0
0,5655,2472,3,0,178.17400000000001,0
0,5656,2480,3,0,180.33000000000001,0
0,5657,2488,3,0,182.38499999999999,0
0,5658,2496,3,0,166.61000000000001,0
0,5659,2504,3,0,174.636,0
0,5660,2512,3,0,180.29300000000001,0
0,5661,2520,3,0,195.03700000000001,0
0,5662,2528,3,0,183.869,0
0,5663,2536,3,0,147.809,0
0,5664,2544,3,0,189.47399999999999,0
0,5665,2552,3,0,168.834,0
0,5666,2560,3,0,139.52799999999999,0
0,5667,2568,3,0,163.458,0
0,5668,2576,3,0,208.88499999999999,0
0,5669,2584,3,0,177.08699999999999,0
0,5670,2592,3,0,179.642,0
0,5671,2600,3,0,198.744,0
0,5672,2608,3,0,180.328,0
0,5673,2616,3,0,159.20599999999999,0
0,5674,2624,3,0,135.44999999999999,0
0,5675,2632,3,0,188.59700000000001,0
0,5676,2640,3,0,207.971,0
0,5677,2648,3,0,175.542,0
0,5678,2656,3,0,184.196,0
0,5679,2664,3,0,130.61699999999999,0
0,5680,2672,3,0,184.489,0
0,5681,2680,3,0,167.92400000000001,0
0,5682,2688,3,0,184.72999999999999,0
0,5683,2696,3,0,197.27500000000001,0
0,5684,2704,3,0,169.81100000000001,0
0,5685,2712,3,0,178.15799999999999,0
0,5686,2720,3,0,193.54400000000001,0
0,5687,2728,3,0,152.56800000000001,0
0,5688,2736,3,0,188.80000000000001,0
0,5689,2744,3,0,165.989,0
0,5690,2752,3,0,202.73500000000001,0
0,5691,2760,3,0,179.59800000000001,0
0,5692,2768,3,0,170.18700000000001,0
0,5693,2776,3,0,200.553,0
0,5694,2784,3,0,184.22800000000001,0
0,5695,2792,3,0,182.43799999999999,0
0,5696,2800,3,0,189.46700000000001,0
0,5697,2808,3,0,191.018,0
0,5698,2816,3,0,161.08099999999999,0
0,5699,2824,3,0,180.577,0
0,5700,2832,3,0,184.51900000000001,0
0,5701,2840,3,0,180.59700000000001,0
0,5702,2848,3,0,197.559,0
0,5703,2856,3,0,178.221,0
0,5704,2864,3,0,181.81800000000001,0
0,5705,2872,3,0,186.31,0
0,5706,2880,3,0,167.899,0
0,5707,2888,3,0,180.148,0
0,5708,2896,3,0,153.589,0
0,5709,2904,3,0,194.68100000000001,0
0,5710,2912,3,0,198.87299999999999,0
0,5711,2920,3,0,150.96799999999999,0
0,5712,2928,3,0,183.38399999999999,0
0,5713,2936,3,0,133.77799999999999,0
0,5714,2944,3,0,183.179,0
0,5715,2952,3,0,156.67500000000001,0
0,5716,2960,3,0,186.16200000000001,0
0,5717,2968,3,0,173.80000000000001,0
0,5718,2976,3,0,174.785,0
0,5719,2984,3,0,126.621,0
0,5720,2992,3,0,177.16,0
0,5721,3000,3,0,184.34700000000001,0
0,5722,3008,3,0,156.50399999999999,0
0,5723,3016,3,0,182.44200000000001,0
0,5724,3024,3,0,182.38999999999999,0
0,5725,3032,3,0,226.31200000000001,0
0,5726,3040,3,0,192.77099999999999,0
0,5727,3048,3,0,185.13300000000001,0
0,5728,3056,3,0,191.24000000000001,0
0,5729,3064,3,0,165.94399999999999,0
0,5730,3072,3,0,182.61699999999999,0
0,5731,3080,3,0,205.166,0
0,5732,3088,3,0,151.57400000000001,0
0,5733,3096,3,0,167.75700000000001,0
0,5734,3104,3,0,174.20500000000001,0
0,5735,3112,3,0,179.94300000000001,0
0,5736,3120,3,0,192.03800000000001,0
0,5737,3128,3,0,179.922,0
0,5738,3136,3,0,179.38999999999999,0
0,5739,3144,3,0,185.065,0
0,5740,3152,3,0,166.125,0
0,5741,3160,3,0,187.845,0
0,5742,3168,3,0,130.56700000000001,0
0,5743,3176,3,0,184.27500000000001,0
0,5744,3184,3,0,202.10599999999999,0
0,5745,3192,3,0,192.87299999999999,0
0,5746,3200,3,0,177.69300000000001,0
0,5747,3208,3,0,152.43899999999999,0
0,5748,3216,3,0,186.30099999999999,0
0,5749,3224,3,0,170.02799999999999,0
0,5750,3232,3,0,197.78100000000001,0
0,5751,3240,3,0,171.16200000000001,0
0,5752,3248,3,0,185.85300000000001,0
0,5753,3256,3,0,188.858,0
0,5754,3264,3,0,174.99000000000001,0
0,5755,3272,3,0,157.69300000000001,0
0,5756,3280,3,0,193.80000000000001,0
0,5757,3288,3,0,177.40700000000001,0
0,5758,3296,3,0,170.637,0
0,5759,3304,3,0,152.76499999999999,0
0,5760,3312,3,0,188.893,0
0,5761,3320,3,0,158.11799999999999,0
0,5762,3328,3,0,181.86099999999999,0
0,5763,3336,3,0,193.76400000000001,0
0,5764,3344,3,0,177.45099999999999,0
0,5765,3352,3,0,155.215,0
0,5766,3360,3,0,169.02099999999999,0
0,5767,3368,3,0,151.548,0
0,5768,3376,3,0,146.87100000000001,0
0,5769,3384,3,0,187.078,0
0,5770,3392,3,0,200.26300000000001,0
0,5771,3400,3,0,170.19999999999999,0
0,5772,3408,3,0,204.47900000000001,0
0,5773,3416,3,0,170.726,0
0,5774,3424,3,0,153.96000000000001,0
0,5775,3432,3,0,192.154,0
0,5776,3440,3,0,204.40100000000001,0
0,5777,3448,3,0,191.86199999999999,0
0,5778,3456,3,0,197.50700000000001,0
0,5779,3464,3,0,126.193,0
0,5780,3472,3,0,172.048,0
0,5781,3480,3,0,215.483,0
0,5782,3488,3,0,169.89099999999999,0
0,5783,3496,3,0,184.166,0
0,5784,3504,3,0,165.59700000000001,0
0,5785,3512,3,0,182.465,0
0,5786,3520,3,0,134.65299999999999,0
0,5787,3528,3,0,182.779,0
0,5788,3536,3,0,190.04499999999999,0
0,5789,3544,3,0,172.53800000000001,0
0,5790,3552,3,0,177.256,0
0,5791,3560,3,0,186.61799999999999,0
0,5792,3568,3,0,147.45099999999999,0
0,5793,3576,3,0,177.619,0
0,5794,3584,3,0,180.93799999999999,0
0,5795,3592,3,0,213.827,0
0,5796,3600,3,0,199.25299999999999,0
0,5797,3608,3,0,204.245,0
0,5798,3616,3,0,132.184,0
0,5799,3624,3,0,181.571,0
0,5800,3632,3,0,179.96899999999999,0
0,5801,3640,3,0,170.31299999999999,0
0,5802,3648,3,0,179.554,0
0,5803,3656,3,0,183.75899999999999,0
0,5804,3664,3,0,177.404,0
0,5805,3672,3,0,150.739,0
0,5806,3680,3,0,155.99700000000001,0
0,5807,3688,3,0,179.90299999999999,0
0,5808,3696,3,0,186.19200000000001,0
0,5809,3704,3,0,167.15199999999999,0
0,5810,3712,3,0,149.881,0
0,5811,3720,3,0,192.733,0
0,5812,3728,3,0,185.01400000000001,0
0,5813,3736,3,0,156.233,0
0,5814,3744,3,0,177.785,0
0,5815,3752,3,0,157.29400000000001,0
0,5816,3760,3,0,189.82400000000001,0
0,5817,3768,3,0,193.61600000000001,0
0,5818,3776,3,0,197.697,0
0,5819,3784,3,0,140.76900000000001,0
0,5820,3792,3,0,185.358,0
0,5821,3800,3,0,203.268,0
0,5822,3808,3,0,189.35599999999999,0
0,5823,3816,3,0,197.06999999999999,0
0,5824,3824,3,0,172.99199999999999,0
0,5825,3832,3,0,157.965,0
0,5826,3840,3,0,180.97300000000001,0
0,5827,3848,3,0,204.31100000000001,0
0,5828,3856,3,0,170.15100000000001,0
0,5829,3864,3,0,170.97900000000001,0
0,5830,3872,3,0,187.83500000000001,0
0,5831,3880,3,0,170.55799999999999,0
0,5832,3888,3,0,137.517,0
0,5833,3896,3,0,178.66200000000001,0
0,5834,3904,3,0,182.84100000000001,0
0,5835,3912,3,0,148.703,0
0,5836,3920,3,0,143.98699999999999,0
0,5837,3928,3,0,214.15000000000001,0
0,5838,3936,3,0,171.61600000000001,0
0,5839,3944,3,0,184.465,0
0,5840,3952,3,0,145.941,0
0,5841,3960,3,0,168.733,0
0,5842,3968,3,0,164.672,0
0,5843,3976,3,0,182.50999999999999,0
0,5844,3984,3,0,140.44900000000001,0
0,5845,3992,3,0,171.215,0
0,5846,4000,3,0,125.34,0
0,5847,4008,3,0,189.226,0
0,5848,4016,3,0,191.48599999999999,0
0,5849,4024,3,0,194.262,0
0,5850,4032,3,0,187.11699999999999,0
0,5851,4040,3,0,182.15199999999999,0
0,5852,4048,3,0,161.06200000000001,0
0,5853,4056,3,0,160.428,0
0,5854,4064,3,0,178.56999999999999,0
0,5855,4072,3,0,184.67400000000001,0
0,5856,4080,3,0,174.45699999999999,0
0,5857,4088,3,0,200.06899999999999,0
0,5858,4096,3,0,125.44,0
0,5859,4104,3,0,173.453,0
0,5860,4112,3,0,186.30799999999999,0
0,5861,4120,3,0,194.87,0
0,5862,4128,3,0,175.54900000000001,0
0,5863,4136,3,0,160.364,0
0,5864,4144,3,0,186.62299999999999,0
0,5865,4152,3,0,170.869,0
0,5866,4160,3,0,186.57599999999999,0
0,5867,4168,3,0,169.893,0
0,5868,4176,3,0,146.56800000000001,0
0,5869,4184,3,0,186.202,0
0,5870,4192,3,0,167.55000000000001,0
0,5871,4200,3,0,193.756,0
0,5872,4208,3,0,150.36000000000001,0
0,5873,4216,3,0,157.33199999999999,0
0,5874,4224,3,0,186.02600000000001,0
0,5875,4232,3,0,185.44,0
0,5876,4240,3,0,160.346,0
0,5877,4248,3,0,168.22900000000001,0
0,5878,4256,3,0,191.517,0
0,5879,4264,3,0,195.43000000000001,0
0,5880,4272,3,0,177.886,0
0,5881,4280,3,0,162.386,0
0,5882,4288,3,0,160.29499999999999,0
0,5883,4296,3,0,142.74600000000001,0
0,5884,4304,3,0,171.047,0
0,5885,4312,3,0,170.494,0
0,5886,4320,3,0,189.589,0
0,5887,4328,3,0,174.941,0
0,5888,4336,3,0,157.434,0
0,5889,4344,3,0,140.28,0
0,5890,4352,3,0,194.34,0
0,5891,4360,3,0,185.11199999999999,0
0,5892,4368,3,0,180.17599999999999,0
0,5893,4376,3,0,146.18700000000001,0
0,5894,4384,3,0,182.65299999999999,0
0,5895,4392,3,0,201.43199999999999,0
0,5896,4400,3,0,214.19,0
0,5897,4408,3,0,193.97,0
0,5898,4416,3,0,159.61199999999999,0
0,5899,4424,3,0,172.54499999999999,0
0,5900,4432,3,0,189.08799999999999,0
0,5901,4440,3,0,144.167,0
0,5902,4448,3,0,155.37100000000001,0
0,5903,4456,3,0,169.74299999999999,0
0,5904,4464,3,0,199.726,0
0,5905,4472,3,0,198.13200000000001,0
0,5906,4480,3,0,192.74199999999999,0
0,5907,4488,3,0,179.958,0
0,5908,4496,3,0,163.416,0
0,5909,4504,3,0,212.81100000000001,0
0,5910,4512,3,0,189.86600000000001,0
0,5911,4520,3,0,201.101,0
0,5912,4528,3,0,178.90199999999999,0
0,5913,4536,3,0,161.69900000000001,0
0,5914,4544,3,0,173.03,0
0,5915,4552,3,0,129.386,0
0,5916,4560,3,0,198.255,0
0,5917,4568,3,0,186.78700000000001,0
0,5918,4576,3,0,177.71899999999999,0
0,5919,4584,3,0,194.755,0
0,5920,4592,3,0,200.93299999999999,0
0,5921,4600,3,0,168.59399999999999,0
0,5922,4608,3,0,206.29300000000001,0
0,5923,4616,3,0,168.107,0
0,5924,4624,3,0,176.09700000000001,0
0,5925,4632,3,0,196.13399999999999,0
0,5926,4640,3,0,165.066,0
0,5927,4648,3,0,181.572,0
0,5928,4656,3,0,183.88399999999999,0
0,5929,4664,3,0,155.542,0
0,5930,4672,3,0,139.28299999999999,0
0,5931,4680,3,0,175.21600000000001,0
0,5932,4688,3,0,181.20099999999999,0
0,5933,4696,3,0,151.542,0
0,5934,4704,3,0,155.28700000000001,0
0,5935,4712,3,0,190.30000000000001,0
0,5936,4720,3,0,186.60300000000001,0
0,5937,4728,3,0,180.75999999999999,0
0,5938,4736,3,0,185.09800000000001,0
0,5939,4744,3,0,187.602,0
0,5940,4752,3,0,168.827,0
0,5941,4760,3,0,167.536,0
0,5942,4768,3,0,175.82900000000001,0
0,5943,4776,3,0,188.93899999999999,0
0,5944,4784,3,0,190.58099999999999,0
0,5945,4792,3,0,204.398,0
0,5946,4800,3,0,138.786,0
0,5947,4808,3,0,185.62799999999999,0
0,5948,4816,3,0,146.70400000000001,0
0,5949,4824,3,0,184.40600000000001,0
0,5950,4832,3,0,181.49799999999999,0
0,5951,4840,3,0,183.91499999999999,0
0,5952,4848,3,0,178.80600000000001,0
0,5953,4856,3,0,178.96100000000001,0
0,5954,4864,3,0,190.233,0
0,5955,4872,3,0,173.40700000000001,0
0,5956,4880,3,0,137.12799999999999,0
0,5957,4888,3,0,164.29900000000001,0
0,5958,4896,3,0,158.73599999999999,0
0,5959,4904,3,0,187.613,0
0,5960,4912,3,0,176.21199999999999,0
0,5961,4920,3,0,138.64699999999999,0
0,5962,4928,3,0,191.405,0
0,5963,4936,3,0,156.04300000000001,0
0,5964,4944,3,0,194.83000000000001,0
0,5965,4952,3,0,210.71000000000001,0
0,5966,4960,3,0,185.54400000000001,0
0,5967,4968,3,0,164.79400000000001,0
0,5968,4976,3,0,173.71899999999999,0
0,5969,4984,3,0,173.821,0
0,5970,4992,3,0,166.08699999999999,0
0,5971,5000,3,0,204.505,0
0,5972,5008,3,0,189.44300000000001,0
0,5973,5016,3,0,196.91399999999999,0
0,5974,5024,3,0,161.548,0
0,5975,5032,3,0,170.18700000000001,0
0,5976,5040,3,0,204.62700000000001,0
0,5977,5048,3,0,180.13800000000001,0
0,5978,5056,3,0,141.72499999999999,0
0,5979,5064,3,0,125.84999999999999,0
0,5980,5072,3,0,145.65299999999999,0
0,5981,5080,3,0,185.10400000000001,0
0,5982,5088,3,0,191.59200000000001,0
0,5983,5096,3,0,188.595,0
0,5984,5104,3,0,184.29499999999999,0
0,5985,5112,3,0,181.893,0
0,5986,5120,3,0,198.893,0
0,5987,5128,3,0,131.44200000000001,0
0,5988,5136,3,0,201.74600000000001,0
0,5989,5144,3,0,150.27199999999999,0
0,5990,5152,3,0,191.25,0
0,5991,5160,3,0,186.679,0
0,5992,5168,3,0,182.202,0
0,5993,5176,3,0,186.13499999999999,0
0,5994,5184,3,0,186.79900000000001,0
0,5995,5192,3,0,220.238,0
0,5996,5200,3,0,196.13300000000001,0
0,5997,5208,3,0,144.94200000000001,0
0,5998,5216,3,0,173.91900000000001,0
0,5999,5224,3,0,160.779,0
0,6000,5232,3,0,179.22300000000001,0
0,6001,5240,3,0,204.78200000000001,0
0,6002,5248,3,0,193.697,0
0,6003,5256,3,0,192.55500000000001,0
0,6004,5264,3,0,205.79400000000001,0
0,6005,5272,3,0,207.703,0
0,6006,5280,3,0,195.75999999999999,0
0,6007,5288,3,0,160.65600000000001,0
0,6008,5296,3,0,170.08500000000001,0
0,6009,5304,3,0,210.95400000000001,0
0,6010,5312,3,0,168.62899999999999,0
0,6011,5320,3,0,220.434,0
0,6012,5328,3,0,164.76499999999999,0
0,6013,5336,3,0,200.93700000000001,0
0,6014,5344,3,0,194.196,0
0,6015,5352,3,0,161.43700000000001,0
0,6016,5360,3,0,197.25700000000001,0
0,6017,5368,3,0,192.64099999999999,0
0,6018,5376,3,0,199.678,0
0,6019,5384,3,0,152.589,0
0,6020,5392,3,0,196.828,0
0,6021,5400,3,0,179.76900000000001,0
0,6022,5408,3,0,202.77000000000001,0
0,6023,5416,3,0,175.892,0
0,6024,5424,3,0,197.47300000000001,0
0,6025,5432,3,0,171.5,0
0,6026,5440,3,0,196.51300000000001,0
0,6027,5448,3,0,168.86699999999999,0
0,6028,5456,3,0,173.24700000000001,0
0,6029,5464,3,0,176.99799999999999,0
0,6030,5472,3,0,200.595,0
0,6031,5480,3,0,192.982,0
0,6032,5488,3,0,183.15899999999999,0
0,6033,5496,3,0,191.09999999999999,0
0,6034,5504,3,0,189.28200000000001,0
0,6035,5512,3,0,174.14400000000001,0
0,6036,5520,3,0,188.066,0
0,6037,5528,3,0,181.43000000000001,0
0,6038,5536,3,0,224.52600000000001,0
0,6039,5544,3,0,130.37299999999999,0
0,6040,5552,3,0,168.48400000000001,0
0,6041,5560,3,0,202.94399999999999,0
0,6042,5568,3,0,141.197,0
0,6043,5576,3,0,175.94800000000001,0
0,6044,5584,3,0,177.72999999999999,0
0,6045,5592,3,0,135.09700000000001,0
0,6046,5600,3,0,132.13999999999999,0
0,6047,5608,3,0,172.46199999999999,0
0,6048,5616,3,0,169.56700000000001,0
0,6049,5624,3,0,190.994,0
0,6050,5632,3,0,181.43100000000001,0
0,6051,5640,3,0,181.446,0
0,6052,5648,3,0,158.85499999999999,0
0,6053,5656,3,0,160.96600000000001,0
0,6054,5664,3,0,191.053,0
0,6055,5672,3,0,165.76300000000001,0
0,6056,5680,3,0,151.47800000000001,0
0,6057,5688,3,0,195.16300000000001,0
0,6058,5696,3,0,199.999,0
0,6059,5704,3,0,159.25899999999999,0
0,6060,5712,3,0,164.98599999999999,0
0,6061,5720,3,0,183.726,0
0,6062,5728,3,0,208.06100000000001,0
0,6063,5736,3,0,139.70099999999999,0
0,6064,5744,3,0,175.077,0
0,6065,5752,3,0,160.768,0
0,6066,5760,3,0,184.828,0
0,6067,5768,3,0,152.42099999999999,0
0,6068,5776,3,0,173.83699999999999,0
0,6069,5784,3,0,152.02600000000001,0
0,6070,5792,3,0,135.97999999999999,0
0,6071,5800,3,0,183.83099999999999,0
0,6072,5808,3,0,187.03999999999999,0
0,6073,5816,3,0,175.61099999999999,0
0,6074,5824,3,0,182.499,0
0,6075,5832,3,0,186.221,0
0,6076,5840,3,0,189.88399999999999,0
0,6077,5848,3,0,168.83699999999999,0
0,6078,5856,3,0,184.33000000000001,0
0,6079,5864,3,0,171.37299999999999,0
0,6080,5872,3,0,148.78800000000001,0
0,6081,5880,3,0,182.05000000000001,0
0,6082,5888,3,0,144.613,0
0,6083,5896,3,0,185.96600000000001,0
0,6084,5904,3,0,128.351,0
0,6085,5912,3,0,156.05000000000001,0
0,6086,5920,3,0,154.59100000000001,0
0,6087,5928,3,0,145.56800000000001,0
0,6088,5936,3,0,173.68799999999999,0
0,6089,5944,3,0,204.08600000000001,0
0,6090,5952,3,0,140.52500000000001,0
0,6091,5960,3,0,209.393,0
0,6092,5968,3,0,158.523,0
0,6093,5976,3,0,171.39699999999999,0
0,6094,5984,3,0,186.85599999999999,0
0,6095,5992,3,0,151.346,0
0,6096,6000,3,0,176.315,0
0,6097,6008,3,0,184.16300000000001,0
0,6098,6016,3,0,197.89500000000001,0
0,6099,6024,3,0,178.83199999999999,0
0,6100,6032,3,0,131.94399999999999,0
0,6101,6040,3,0,162.58000000000001,0
0,6102,6048,3,0,179.97,0
0,6103,6056,3,0,169.56399999999999,0
0,6104,6064,3,0,185.80799999999999,0
0,6105,6072,3,0,143.767,0
0,6106,6080,3,0,158.65600000000001,0
0,6107,6088,3,0,171.94999999999999,0
0,6108,6096,3,0,162.839,0
0,6109,6104,3,0,145.17099999999999,0
0,6110,6112,3,0,200.114,0
0,6111,6120,3,0,124.79900000000001,0
0,6112,6128,3,0,165.81999999999999,0
0,6113,6136,3,0,188.006,0
0,6114,6144,3,0,183.559,0
0,6115,6152,3,0,191.35900000000001,0
0,6116,6160,3,0,156.43600000000001,0
0,6117,6168,3,0,163.59299999999999,0
0,6118,6176,3,0,204.99000000000001,0
0,6119,6184,3,0,126.807,0
0,6120,6192,3,0,175.17599999999999,0
0,6121,6200,3,0,147.77699999999999,0
0,6122,6208,3,0,178.55600000000001,0
0,6123,6216,3,0,165.14599999999999,0
0,6124,6224,3,0,216.059,0
0,6125,6232,3,0,208.386,0
0,6126,6240,3,0,191.816,0
0,6127,6248,3,0,160.98500000000001,0
0,6128,6256,3,0,182.06,0
0,6129,6264,3,0,191.22800000000001,0
0,6130,6272,3,0,180.62,0
0,6131,6280,3,0,205.91800000000001,0
0,6132,6288,3,0,177.85300000000001,0
0,6133,6296,3,0,153.96799999999999,0
0,6134,6304,3,0,135.27600000000001,0
0,6135,6312,3,0,181.375,0
0,6136,6320,3,0,187.684,0
0,6137,6328,3,0,187.50999999999999,0
0,6138,6336,3,0,154.184,0
0,6139,6344,3,0,195.47499999999999,0
0,6140,6352,3,0,192.38800000000001,0
0,6141,6360,3,0,153.81999999999999,0
0,6142,6368,3,0,178.65199999999999,0
0,6143,6376,3,0,118.931,0
0,6144,6384,3,0,177.309,0
0,6145,6392,3,0,179.13399999999999,0
0,6146,6400,3,0,163.953,0
0,6147,6408,3,0,150.31399999999999,0
0,6148,6416,3,0,158.435,0
0,6149,6424,3,0,157.28999999999999,0
0,6150,6432,3,0,177.48500000000001,0
0,6151,6440,3,0,176.90899999999999,0
0,6152,6448,3,0,155.27199999999999,0
0,6153,6456,3,0,165.67699999999999,0
0,6154,6464,3,0,132.578,0
0,6155,6472,3,0,186.43100000000001,0
0,6156,6480,3,0,197.23599999999999,0
0,6157,6488,3,0,165.00299999999999,0
0,6158,6496,3,0,216.76400000000001,0
0,6159,6504,3,0,180.108,0
0,6160,6512,3,0,159.43000000000001,0
0,6161,6520,3,0,170.18700000000001,0
0,6162,6528,3,0,164.21199999999999,0
0,6163,6536,3,0,181.63200000000001,0
0,6164,6544,3,0,141.16300000000001,0
0,6165,6552,3,0,200.98500000000001,0
0,6166,6560,3,0,187.16399999999999,0
0,6167,6568,3,0,178.27600000000001,0
0,6168,6576,3,0,193.798,0
0,6169,6584,3,0,159.50299999999999,0
0,6170,6592,3,0,175.315,0
0,6171,6600,3,0,181.59800000000001,0
0,6172,6608,3,0,174.327,0
0,6173,6616,3,0,186.155,0
0,6174,6624,3,0,192.76900000000001,0
0,6175,6632,3,0,194.99700000000001,0
0,6176,6640,3,0,209.03100000000001,0
0,6177,6648,3,0,168.39599999999999,0
0,6178,6656,3,0,164.78399999999999,0
0,6179,6664,3,0,159.14500000000001,0
0,6180,6672,3,0,190.95500000000001,0
0,6181,6680,3,0,192.97200000000001,0
0,6182,6688,3,0,148.083,0
0,6183,6696,3,0,152.214,0
0,6184,6704,3,0,161.76400000000001,0
0,6185,6712,3,0,193.06999999999999,0
0,6186,6720,3,0,187.28299999999999,0
0,6187,6728,3,0,155.81299999999999,0
0,6188,6736,3,0,179.79499999999999,0
0,6189,6744,3,0,192.005,0
0,6190,6752,3,0,195.434,0
0,6191,6760,3,0,192.624,0
0,6192,6768,3,0,216.40600000000001,0
0,6193,6776,3,0,175.54300000000001,0
0,6194,6784,3,0,196.43199999999999,0
0,6195,6792,3,0,190.64099999999999,0
0,6196,6800,3,0,189.45699999999999,0
0,6197,6808,3,0,169.68700000000001,0
0,6198,6816,3,0,179.499,0
0,6199,6824,3,0,151.922,0
0,6200,6832,3,0,172.631,0
0,6201,6840,3,0,126.47799999999999,0
0,6202,6848,3,0,190.90299999999999,0
0,6203,6856,3,0,170.59700000000001,0
0,6204,6864,3,0,132.49000000000001,0
0,6205,6872,3,0,190.19,0
0,6206,6880,3,0,177.08099999999999,0
0,6207,6888,3,0,170.37,0
0,6208,6896,3,0,156.279,0
0,6209,6904,3,0,195.143,0
0,6210,6912,3,0,163.738,0
0,6211,6920,3,0,177.09200000000001,0
0,6212,6928,3,0,175.28200000000001,0
0,6213,6936,3,0,170.78999999999999,0
0,6214,6944,3,0,153.09800000000001,0
0,6215,6952,3,0,177.98599999999999,0
0,6216,6960,3,0,168.96299999999999,0
0,6217,6968,3,0,169.251,0
0,6218,6976,3,0,193.40199999999999,0
0,6219,6984,3,0,166.36199999999999,0
0,6220,6992,3,0,178.15799999999999,0
0,6221,7000,3,0,163.34999999999999,0
0,6222,7008,3,0,168.56700000000001,0
0,6223,7016,3,0,184.126,0
0,6224,7024,3,0,187.88999999999999,0
0,6225,7032,3,0,171.90799999999999,0
0,6226,7040,3,0,215.30199999999999,0
0,6227,7048,3,0,193.59399999999999,0
0,6228,7056,3,0,189.15600000000001,0
0,6229,7064,3,0,184.10400000000001,0
0,6230,7072,3,0,183.68899999999999,0
0,6231,7080,3,0,183.69800000000001,0
0,6232,7088,3,0,170.15100000000001,0
0,6233,7096,3,0,182.476,0
0,6234,7104,3,0,195.721,0
0,6235,7112,3,0,138.22900000000001,0
0,6236,7120,3,0,178.453,0
0,6237,7128,3,0,199.774,0
0,6238,7136,3,0,159.82400000000001,0
0,6239,7144,3,0,162.375,0
0,6240,7152,3,0,126.544,0
0,6241,7160,3,0,172.89599999999999,0
0,6242,7168,3,0,187.32499999999999,0
0,6243,7176,3,0,156.32300000000001,0
0,6244,7184,3,0,182.27699999999999,0
0,6245,7192,3,0,152.89400000000001,0
0,6246,7200,3,0,142.77799999999999,0
0,6247,7208,3,0,180.101,0
0,6248,7216,3,0,165.798,0
0,6249,7224,3,0,168.577,0
0,6250,7232,3,0,123.157,0
0,6251,7240,3,0,150.91900000000001,0
0,6252,7248,3,0,193.489,0
0,6253,7256,3,0,192.06800000000001,0
0,6254,7264,3,0,158.34299999999999,0
0,6255,7272,3,0,190.11000000000001,0
0,6256,7280,3,0,195.70400000000001,0
0,6257,7288,3,0,158.797,0
0,6258,7296,3,0,181.28299999999999,0
0,6259,7304,3,0,202.02000000000001,0
0,6260,7312,3,0,217.66900000000001,0
0,6261,7320,3,0,177.53,0
0,6262,7328,3,0,185.67400000000001,0
0,6263,7336,3,0,203.16200000000001,0
0,6264,7344,3,0,166.54499999999999,0
0,6265,7352,3,0,161.08500000000001,0
0,6266,7360,3,0,189.91300000000001,0
0,6267,7368,3,0,152.76900000000001,0
0,6268,7376,3,0,168.172,0
0,6269,7384,3,0,206.52500000000001,0
0,6270,7392,3,0,181.57300000000001,0
0,6271,7400,3,0,197.68299999999999,0
0,6272,7408,3,0,178.62200000000001,0
0,6273,7416,3,0,190.02699999999999,0
0,6274,7424,3,0,203.512,0
0,6275,7432,3,0,195.21799999999999,0
0,6276,7440,3,0,186.39699999999999,0
0,6277,7448,3,0,163.81,0
0,6278,7456,3,0,186.13200000000001,0
0,6279,7464,3,0,201.154,0
0,6280,7472,3,0,205.08600000000001,0
0,6281,7480,3,0,189.00800000000001,0
0,6282,7488,3,0,198.00399999999999,0
0,6283,7496,3,0,150.34100000000001,0
0,6284,7504,3,0,188.43799999999999,0
0,6285,7512,3,0,167.00999999999999,0
0,6286,7520,3,0,169.80799999999999,0
0,6287,7528,3,0,191.06200000000001,0
0,6288,7536,3,0,183.375,0
0,6289,7544,3,0,171.32599999999999,0
0,6290,7552,3,0,147.929,0
0,6291,7560,3,0,184.185,0
0,6292,7568,3,0,142.221,0
0,6293,7576,3,0,188.756,0
0,6294,7584,3,0,172.68299999999999,0
0,6295,7592,3,0,175.19800000000001,0
0,6296,7600,3,0,182.03,0
0,6297,7608,3,0,138.65100000000001,0
0,6298,7616,3,0,183.369,0
0,6299,7624,3,0,177.14400000000001,0
0,6300,7632,3,0,201.53200000000001,0
0,6301,7640,3,0,136.13300000000001,0
0,6302,7648,3,0,184.06700000000001,0
0,6303,7656,3,0,177.47399999999999,0
0,6304,7664,3,0,188.73099999999999,0
0,6305,7672,3,0,192.30600000000001,0
0,6306,7680,3,0,182.363,0
0,6307,7688,3,0,204.316,0
0,6308,7696,3,0,166.74600000000001,0
0,6309,7704,3,0,129.42699999999999,0
0,6310,7712,3,0,185.39099999999999,0
0,6311,7720,3,0,143.46799999999999,0
0,6312,7728,3,0,230.952,0
0,6313,7736,3,0,209.44900000000001,0
0,6314,7744,3,0,173.602,0
0,6315,7752,3,0,161.989,0
0,6316,7760,3,0,196.91300000000001,0
0,6317,7768,3,0,143.78999999999999,0
0,6318,7776,3,0,168.851,0
0,6319,7784,3,0,189.584,0
0,6320,7792,3,0,199.86000000000001,0
0,6321,7800,3,0,175.709,0
0,6322,7808,3,0,161.12799999999999,0
0,6323,7816,3,0,177.65299999999999,0
0,6324,7824,3,0,176.851,0
0,6325,7832,3,0,166.41200000000001,0
0,6326,7840,3,0,182.81399999999999,0
0,6327,7848,3,0,170.88499999999999,0
0,6328,7856,3,0,190.977,0
0,6329,7864,3,0,147.06700000000001,0
0,6330,7872,3,0,158.10300000000001,0
0,6331,7880,3,0,174.298,0
0,6332,7888,3,0,167.095,0
0,6333,7896,3,0,194.352,0
0,6334,7904,3,0,175.55099999999999,0
0,6335,7912,3,0,183.399,0
0,6336,7920,3,0,169.489,0
0,6337,7928,3,0,177.55799999999999,0
0,6338,7936,3,0,175.90600000000001,0
0,6339,7944,3,0,216.14599999999999,0
0,6340,7952,3,0,181.33500000000001,0
0,6341,7960,3,0,194.78700000000001,0
0,6342,7968,3,0,171.92699999999999,0
0,6343,7976,3,0,171.405,0
0,6344,7984,3,0,155.66800000000001,0
0,6345,7992,3,0,207.435,0
0,6346,8000,3,0,177.797,0
0,6347,8008,3,0,166.22399999999999,0
0,6348,8016,3,0,177.34100000000001,0
0,6349,8024,3,0,171.55000000000001,0
0,6350,8032,3,0,196.672,0
0,6351,8040,3,0,172.47800000000001,0
0,6352,8048,3,0,136.38200000000001,0
0,6353,8056,3,0,191.58500000000001,0
0,6354,8064,3,0,157.83500000000001,0
0,6355,8072,3,0,201.90899999999999,0
0,6356,8080,3,0,188.571,0
0,6357,8088,3,0,179.06399999999999,0
0,6358,8096,3,0,158.983,0
0,6359,8104,3,0,192.19499999999999,0
0,6360,8112,3,0,168.93299999999999,0
0,6361,8120,3,0,183.47399999999999,0
0,6362,8128,3,0,187.05600000000001,0
0,6363,8136,3,0,181.761,0
0,6364,8144,3,0,182.399,0
0,6365,8152,3,0,192.702,0
0,6366,8160,3,0,185.89099999999999,0
0,6367,8168,3,0,179.262,0
0,6368,8176,3,0,173.334,0
0,6369,8184,3,0,168.511,0
0,6370,8192,3,0,170.36799999999999,0
0,6371,8200,3,0,126.92700000000001,0
0,6372,8208,3,0,154.30099999999999,0
0,6373,8216,3,0,184.273,0
0,6374,8224,3,0,209.369,0
0,6375,8232,3,0,148.97999999999999,0
0,6376,8240,3,0,179.36500000000001,0
0,6377,8248,3,0,197.857,0
0,6378,8256,3,0,189.77000000000001,0
0,6379,8264,3,0,153.16200000000001,0
0,6380,8272,3,0,165.89400000000001,0
0,6381,8280,3,0,195.417,0
0,6382,8288,3,0,179.52799999999999,0
0,6383,8296,3,0,138.08000000000001,0
0,6384,8304,3,0,182.297,0
0,6385,8312,3,0,189.16300000000001,0
0,6386,8320,3,0,171.31999999999999,0
0,6387,8328,3,0,145.13,0
0,6388,8336,3,0,156.464,0
0,6389,8344,3,0,201.50899999999999,0
0,6390,8352,3,0,158.65799999999999,0
0,6391,8360,3,0,186.499,0
0,6392,8368,3,0,143.32499999999999,0
0,6393,8376,3,0,151.774,0
0,6394,8384,3,0,204.85900000000001,0
0,6395,8392,3,0,128.99199999999999,0
0,6396,8400,3,0,173.91200000000001,0
0,6397,8408,3,0,174.542,0
0,6398,8416,3,0,201.114,0
0,6399,8424,3,0,177.62299999999999,0
0,6400,8432,3,0,177.37899999999999,0
0,6401,8440,3,0,184.11500000000001,0
0,6402,8448,3,0,208.30199999999999,0
0,6403,8456,3,0,172.12700000000001,0
0,6404,8464,3,0,182.61500000000001,0
0,6405,8472,3,0,152.60900000000001,0
0,6406,8480,3,0,182.291,0
0,6407,8488,3,0,209.489,0
0,6408,8496,3,0,163.31899999999999,0
0,6409,8504,3,0,180.375,0
0,6410,8512,3,0,197.208,0
0,6411,8520,3,0,193.44999999999999,0
0,6412,8528,3,0,188.57599999999999,0
0,6413,8536,3,0,185.548,0
0,6414,8544,3,0,169.43100000000001,0
0,6415,8552,3,0,170.935,0
0,6416,8560,3,0,164.49600000000001,0
0,6417,8568,3,0,169.447,0
0,6418,8576,3,0,208.155,0
0,6419,8584,3,0,179.01400000000001,0
0,6420,8592,3,0,183.30699999999999,0
0,6421,8600,3,0,191.69399999999999,0
0,6422,8608,3,0,213.11799999999999,0
0,6423,8616,3,0,194.804,0
0,6424,8624,3,0,187.96299999999999,0
0,6425,8632,3,0,193.37299999999999,0
0,6426,8640,3,0,190.178,0
0,6427,8648,3,0,174.46899999999999,0
0,6428,8656,3,0,136.10900000000001,0
0,6429,8664,3,0,147.59800000000001,0
0,6430,8672,3,0,225.38900000000001,0
0,6431,8680,3,0,173.97399999999999,0
0,6432,8688,3,0,174.74600000000001,0
0,6433,8696,3,0,190.69,0
0,6434,8704,3,0,160.02099999999999,0
0,6435,8712,3,0,135.107,0
0,6436,8720,3,0,189.58500000000001,0
0,6437,8728,3,0,179.72,0
0,6438,8736,3,0,166.959,0
0,6439,8744,3,0,175.84,0
0,6440,8752,3,0,192.26599999999999,0
0,6441,8760,3,0,170.94800000000001,0
0,6442,8768,3,0,195.80099999999999,0
0,6443,8776,3,0,180.19999999999999,0
0,6444,8784,3,0,151.66300000000001,0
0,6445,8792,3,0,186.26499999999999,0
0,6446,8800,3,0,204.75999999999999,0
0,6447,8808,3,0,172.297,0
0,6448,8816,3,0,162.316,0
0,6449,8824,3,0,175.59200000000001,0
0,6450,8832,3,0,174.376,0
0,6451,8840,3,0,164.59800000000001,0
0,6452,8848,3,0,201.10300000000001,0
0,6453,8856,3,0,149.982,0
0,6454,8864,3,0,203.548,0
0,6455,8872,3,0,150.40899999999999,0
0,6456,8880,3,0,180.95400000000001,0
0,6457,8888,3,0,197.48099999999999,0
0,6458,8896,3,0,173.42400000000001,0
0,6459,8904,3,0,154.52799999999999,0
0,6460,8912,3,0,137.16300000000001,0
0,6461,8920,3,0,189.476,0
0,6462,8928,3,0,156.703,0
0,6463,8936,3,0,143.27699999999999,0
0,6464,8944,3,0,136.755,0
0,6465,8952,3,0,193.55699999999999,0
0,6466,8960,3,0,130.71799999999999,0
0,6467,8968,3,0,201.59800000000001,0
0,6468,8976,3,0,169.00800000000001,0
0,6469,8984,3,0,198.78200000000001,0
0,6470,8992,3,0,188.637,0
0,6471,9000,3,0,171.887,0
0,6472,9008,3,0,174.154,0
0,6473,9016,3,0,171.65299999999999,0
0,6474,9024,3,0,201.53399999999999,0
0,6475,9032,3,0,148.77600000000001,0
0,6476,9040,3,0,138.673,0
0,6477,9048,3,0,194.761,0
0,6478,9056,3,0,192.91200000000001,0
0,6479,9064,3,0,160.125,0
0,6480,9072,3,0,164.23500000000001,0
0,6481,9080,3,0,182.255,0
0,6482,9088,3,0,143.87,0
0,6483,9096,3,0,170.72900000000001,0
0,6484,9104,3,0,134.95500000000001,0
0,6485,9112,3,0,182.87200000000001,0
0,6486,9120,3,0,207.14500000000001,0
0,6487,9128,3,0,228.512,0
0,6488,9136,3,0,165.24799999999999,0
0,6489,9144,3,0,175.547,0
0,6490,9152,3,0,184.56399999999999,0
0,6491,9160,3,0,170.15899999999999,0
0,6492,9168,3,0,187.69200000000001,0
0,6493,9176,3,0,175.16499999999999,0
0,6494,9184,3,0,153.035,0
0,6495,9192,3,0,183.739,0
0,6496,9200,3,0,158.46199999999999,0
0,6497,9208,3,0,139.02199999999999,0
0,6498,9216,3,0,225.089,0
0,6499,9224,3,0,179.40000000000001,0
0,6500,9232,3,0,174.797,0
0,6501,9240,3,0,180.68799999999999,0
0,6502,9248,3,0,117.30800000000001,0
0,6503,9256,3,0,165.185,0
0,6504,9264,3,0,182.52500000000001,0
0,6505,9272,3,0,160.749,0
0,6506,9280,3,0,127.768,0
0,6507,9288,3,0,157.47,0
0,6508,9296,3,0,176.50999999999999,0
0,6509,9304,3,0,190.50899999999999,0
0,6510,9312,3,0,187.15899999999999,0
0,6511,9320,3,0,152.92599999999999,0
0,6512,9328,3,0,176.78800000000001,0
0,6513,9336,3,0,183.80600000000001,0
0,6514,9344,3,0,182.18899999999999,0
0,6515,9352,3,0,167.35599999999999,0
0,6516,9360,3,0,151.01400000000001,0
0,6517,9368,3,0,168.68299999999999,0
0,6518,9376,3,0,160.57599999999999,0
0,6519,9384,3,0,180.214,0
0,6520,9392,3,0,190.81200000000001,0
0,6521,9400,3,0,197.71100000000001,0
0,6522,9408,3,0,123.723,0
0,6523,9416,3,0,186.03299999999999,0
0,6524,9424,3,0,177.53800000000001,0
0,6525,9432,3,0,175.81,0
0,6526,9440,3,0,165.834,0
0,6527,9448,3,0,164.339,0
0,6528,9456,3,0,172.393,0
0,6529,9464,3,0,161.66499999999999,0
0,6530,9472,3,0,173.047,0
0,6531,9480,3,0,162.70400000000001,0
0,6532,9488,3,0,176.06800000000001,0
0,6533,9496,3,0,174.26300000000001,0
0,6534,9504,3,0,170.81,0
0,6535,9512,3,0,166.24199999999999,0
0,6536,9520,3,0,181.48699999999999,0
0,6537,9528,3,0,182.63999999999999,0
0,6538,9536,3,0,167.81700000000001,0
0,6539,9544,3,0,202.70599999999999,0
0,6540,9552,3,0,191.27099999999999,0
0,6541,9560,3,0,181.16900000000001,0
0,6542,9568,3,0,157.179,0
0,6543,9576,3,0,139.41999999999999,0
0,6544,9584,3,0,203.5,0
0,6545,9592,3,0,173.94300000000001,0
0,6546,9600,3,0,135.351,0
0,6547,9608,3,0,159.727,0
0,6548,9616,3,0,168.352,0
0,6549,9624,3,0,197.73400000000001,0
0,6550,9632,3,0,165.17599999999999,0
0,6551,9640,3,0,201.56100000000001,0
0,6552,9648,3,0,166.46100000000001,0
0,6553,9656,3,0,169.28899999999999,0
0,6554,9664,3,0,173.21000000000001,0
0,6555,9672,3,0,188.13900000000001,0
0,6556,9680,3,0,156.63300000000001,0
0,6557,9688,3,0,185.72200000000001,0
0,6558,9696,3,0,130.547,0
0,6559,9704,3,0,162.67099999999999,0
0,6560,9712,3,0,142.62200000000001,0
0,6561,9720,3,0,124.61199999999999,0
0,6562,9728,3,0,157.76599999999999,0
0,6563,9736,3,0,176.27099999999999,0
0,6564,9744,3,0,190.054,0
0,6565,9752,3,0,181.35300000000001,0
0,6566,9760,3,0,185.56999999999999,0
0,6567,9768,3,0,207.83500000000001,0
0,6568,9776,3,0,182.84899999999999,0
0,6569,9784,3,0,162.05500000000001,0
0,6570,9792,3,0,187.642,0
0,6571,9800,3,0,168.101,0
0,6572,9808,3,0,161.41399999999999,0
0,6573,9816,3,0,164.91300000000001,0
0,6574,9824,3,0,191.529,0
0,6575,9832,3,0,184.13,0
0,6576,9840,3,0,148.971,0
0,6577,9848,3,0,174.596,0
0,6578,9856,3,0,202.655,0
0,6579,9864,3,0,160.03100000000001,0
0,6580,9872,3,0,187.83600000000001,0
0,6581,9880,3,0,167.864,0
0,6582,9888,3,0,145.70599999999999,0
0,6583,9896,3,0,167.37,0
0,6584,9904,3,0,197.47499999999999,0
0,6585,9912,3,0,184.29499999999999,0
0,6586,9920,3,0,193.79900000000001,0
0,6587,9928,3,0,165.482,0
0,6588,9936,3,0,182.53899999999999,0
0,6589,9944,3,0,164.75700000000001,0
0,6590,9952,3,0,188.97399999999999,0
0,6591,9960,3,0,177.31299999999999,0
0,6592,9968,3,0,196.28299999999999,0
0,6593,9976,3,0,183.90199999999999,0
0,6594,9984,3,0,135.29599999999999,0
0,6595,9992,3,0,167.05099999999999,0
0,6596,10000,3,0,137.93700000000001,0
0,6597,10008,3,0,185.81800000000001,0
0,6598,10016,3,0,175.84299999999999,0
0,6599,10024,3,0,198.97300000000001,0
0,6600,10032,3,0,159.16800000000001,0
0,6601,10040,3,0,160.37899999999999,0
0,6602,10048,3,0,151.72900000000001,0
0,6603,10056,3,0,197.65600000000001,0
0,6604,10064,3,0,179.197,0
0,6605,10072,3,0,172.70699999999999,0
0,6606,10080,3,0,178.64599999999999,0
0,6607,10088,3,0,135.875,0
0,6608,10096,3,0,194.11600000000001,0
0,6609,10104,3,0,189.70599999999999,0
0,6610,10112,3,0,189.298,0
0,6611,10120,3,0,208.136,0
0,6612,10128,3,0,197.577,0
0,6613,10136,3,0,166.43000000000001,0
0,6614,10144,3,0,202.08799999999999,0
0,6615,10152,3,0,118.31699999999999,0
0,6616,10160,3,0,188.35400000000001,0
0,6617,10168,3,0,162.35900000000001,0
0,6618,10176,3,0,143.43100000000001,0
0,6619,10184,3,0,188.935,0
0,6620,10192,3,0,202.75899999999999,0
0,6621,10200,3,0,206.83500000000001,0
0,6622,10208,3,0,211.011,0
0,6623,10216,3,0,175.47300000000001,0
0,6624,10224,3,0,178.131,0
0,6625,10232,3,0,187.40899999999999,0
0,6626,10240,3,0,166.22800000000001,0
0,6627,10248,3,0,192.50899999999999,0
0,6628,10256,3,0,183.334,0
0,6629,10264,3,0,196.22999999999999,0
0,6630,10272,3,0,221.00399999999999,0
0,6631,10280,3,0,196.91200000000001,0
0,6632,10288,3,0,183.602,0
0,6633,10296,3,0,177.49299999999999,0
0,6634,10304,3,0,191.49000000000001,0
0,6635,10312,3,0,150.18000000000001,0
0,6636,10320,3,0,198.55500000000001,0
0,6637,10328,3,0,195.19,0
0,6638,10336,3,0,178.041,0
0,6639,10344,3,0,189.82499999999999,0
0,6640,10352,3,0,184.36799999999999,0
0,6641,10360,3,0,209.47499999999999,0
0,6642,10368,3,0,163.57400000000001,0
0,6643,10376,3,0,174.28299999999999,0
0,6644,10384,3,0,216.40799999999999,0
0,6645,10392,3,0,165.34,0
0,6646,10400,3,0,188.095,0
0,6647,10408,3,0,165.845,0
0,6648,10416,3,0,195.06,0
0,6649,10424,3,0,178.155,0
0,6650,10432,3,0,153.22800000000001,0
0,6651,10440,3,0,175.40700000000001,0
0,6652,10448,3,0,141.99799999999999,0
0,6653,10456,3,0,176.67500000000001,0
0,6654,10464,3,0,175.233,0
0,6655,10472,3,0,184.63900000000001,0
0,6656,10480,3,0,193.095,0
0,6657,10488,3,0,174.57499999999999,0
0,6658,10496,3,0,182.84999999999999,0
0,6659,10504,3,0,153.74100000000001,0
0,6660,10512,3,0,204.833,0
0,6661,10520,3,0,162.68000000000001,0
0,6662,10528,3,0,180.001,0
0,6663,10536,3,0,193.83199999999999,0
0,6664,10544,3,0,178.965,0
0,6665,10552,3,0,156.46700000000001,0
0,6666,10560,3,0,183.36799999999999,0
0,6667,10568,3,0,171.655,0
0,6668,10576,3,0,177.39699999999999,0
0,6669,10584,3,0,161.917,0
0,6670,10592,3,0,141.36799999999999,0
0,6671,10600,3,0,170.23500000000001,0
0,6672,10608,3,0,192.07400000000001,0
0,6673,10616,3,0,170.85400000000001,0
0,6674,10624,3,0,191.78700000000001,0
0,6675,10632,3,0,192.34,0
0,6676,10640,3,0,173.28100000000001,0
0,6677,10648,3,0,184.316,0
0,6678,10656,3,0,191.32300000000001,0
0,6679,10664,3,0,196.06700000000001,0
0,6680,10672,3,0,191.267,0
0,6681,10680,3,0,203.36600000000001,0
0,6682,10688,3,0,173.08199999999999,0
0,6683,10696,3,0,196.77799999999999,0
0,6684,10704,3,0,213.29400000000001,0
0,6685,10712,3,0,172.696,0
0,6686,10720,3,0,126.52,0
0,6687,10728,3,0,181.31399999999999,0
0,6688,10736,3,0,125.268,0
0,6689,10744,3,0,178.49299999999999,0
0,6690,10752,3,0,180.87799999999999,0
0,6691,10760,3,0,159.404,0
0,6692,10768,3,0,183.11799999999999,0
0,6693,10776,3,0,178.83000000000001,0
0,6694,10784,3,0,144.12899999999999,0
0,6695,10792,3,0,179.87,0
0,6696,10800,3,0,162.535,0
0,6697,10808,3,0,183.36500000000001,0
0,6698,10816,3,0,166.30199999999999,0
0,6699,10824,3,0,200.624,0
0,6700,10832,3,0,167.32499999999999,0
0,6701,10840,3,0,183.44999999999999,0
0,6702,10848,3,0,195.93799999999999,0
0,6703,10856,3,0,181.56700000000001,0
0,6704,10864,3,0,158.309,0
0,6705,10872,3,0,184.14599999999999,0
0,6706,10880,3,0,213.46199999999999,0
0,6707,10888,3,0,172.33099999999999,0
0,6708,10896,3,0,179.17599999999999,0
0,6709,10904,3,0,190.46700000000001,0
0,6710,10912,3,0,188.09999999999999,0
0,6711,10920,3,0,195.84999999999999,0
0,6712,10928,3,0,190.416,0
0,6713,10936,3,0,171.447,0
0,6714,10944,3,0,165.92699999999999,0
0,6715,10952,3,0,148.017,0
0,6716,10960,3,0,186.57900000000001,0
0,6717,10968,3,0,196.77000000000001,0
0,6718,10976,3,0,163.66399999999999,0
0,6719,10984,3,0,158.52699999999999,0
0,6720,10992,3,0,172.63999999999999,0
0,6721,11000,3,0,157.68299999999999,0
0,6722,11008,3,0,176.459,0
0,6723,11016,3,0,171.95599999999999,0
0,6724,11024,3,0,162.06399999999999,0
0,6725,11032,3,0,164.154,0
0,6726,11040,3,0,159.023,0
0,6727,11048,3,0,191.839,0
0,6728,11056,3,0,183.93700000000001,0
0,6729,11064,3,0,211.90899999999999,0
0,6730,11072,3,0,172.21299999999999,0
0,6731,11080,3,0,195.00299999999999,0
0,6732,11088,3,0,195.88900000000001,0
0,6733,11096,3,0,151.375,0
0,6734,11104,3,0,191.06399999999999,0
0,6735,11112,3,0,193.12899999999999,0
0,6736,11120,3,0,196.22399999999999,0
0,6737,11128,3,0,181.779,0
0,6738,11136,3,0,193.74100000000001,0
0,6739,11144,3,0,200.41300000000001,0
0,6740,11152,3,0,183.511,0
0,6741,11160,3,0,164.68600000000001,0
0,6742,11168,3,0,201.06200000000001,0
0,6743,11176,3,0,173.48500000000001,0
0,6744,11184,3,0,153.839,0
0,6745,11192,3,0,169.179,0
0,6746,11200,3,0,193.88499999999999,0
0,6747,11208,3,0,212.72300000000001,0
0,6748,11216,3,0,156.38300000000001,0
0,6749,11224,3,0,175.47900000000001,0
0,6750,11232,3,0,189.88900000000001,0
0,6751,11240,3,0,172.863,0
0,6752,11248,3,0,163.387,0
0,6753,11256,3,0,158.84100000000001,0
0,6754,11264,3,0,187.13300000000001,0
0,6755,11272,3,0,179.53999999999999,0
0,6756,11280,3,0,167.29599999999999,0
0,6757,11288,3,0,166.995,0
0,6758,11296,3,0,214.68600000000001,0
0,6759,11304,3,0,167.97499999999999,0
0,6760,11312,3,0,186.958,0
0,6761,11320,3,0,171.375,0
0,6762,11328,3,0,146.89400000000001,0
0,6763,11336,3,0,163.54400000000001,0
0,6764,11344,3,0,191.96000000000001,0
0,6765,11352,3,0,130.452,0
0,6766,11360,3,0,178.28800000000001,0
0,6767,11368,3,0,180.38300000000001,0
0,6768,11376,3,0,203.16,0
0,6769,11384,3,0,142.928,0
0,6770,11392,3,0,184.43299999999999,0
0,6771,11400,3,0,156.06700000000001,0
0,6772,11408,3,0,183.548,0
0,6773,11416,3,0,158.61199999999999,0
0,6774,11424,3,0,160.291,0
0,6775,11432,3,0,134.154,0
0,6776,11440,3,0,206.97300000000001,0
0,6777,11448,3,0,188.809,0
0,6778,11456,3,0,159.34200000000001,0
0,6779,11464,3,0,192.01499999999999,0
0,6780,11472,3,0,188.85400000000001,0
0,6781,11480,3,0,173.12100000000001,0
0,6782,11488,3,0,199.095,0
0,6783,11496,3,0,184.512,0
0,6784,11504,3,0,154.583,0
0,6785,11512,3,0,159.86699999999999,0
0,6786,11520,3,0,155.50200000000001,0
0,6787,11528,3,0,127.711,0
0,6788,11536,3,0,127.82899999999999,0
0,6789,11544,3,0,175.334,0
0,6790,11552,3,0,184.071,0
0,6791,11560,3,0,173.34299999999999,0
0,6792,11568,3,0,148.99299999999999,0
0,6793,11576,3,0,172.65100000000001,0
0,6794,11584,3,0,179.96299999999999,0
0,6795,11592,3,0,191.50200000000001,0
0,6796,11600,3,0,188.88999999999999,0
0,6797,11608,3,0,204.04599999999999,0
0,6798,11616,3,0,126.03100000000001,0
0,6799,11624,3,0,210.06700000000001,0
0,6800,11632,3,0,173.37200000000001,0
0,6801,11640,3,0,167.649,0
0,6802,11648,3,0,183.393,0
0,6803,11656,3,0,163.98099999999999,0
0,6804,11664,3,0,184.172,0
0,6805,11672,3,0,180.31,0
0,6806,11680,3,0,166,0
0,6807,11688,3,0,194.00200000000001,0
0,6808,11696,3,0,174.91499999999999,0
0,6809,11704,3,0,179.76900000000001,0
0,6810,11712,3,0,184.60300000000001,0
0,6811,11720,3,0,184.61799999999999,0
0,6812,11728,3,0,159.364,0
0,6813,11736,3,0,154.178,0
0,6814,11744,3,0,146.536,0
0,6815,11752,3,0,127.98099999999999,0
0,6816,11760,3,0,188.52600000000001,0
0,6817,11768,3,0,179.30699999999999,0
0,6818,11776,3,0,169.422,0
0,6819,11784,3,0,174.36000000000001,0
0,6820,11792,3,0,147.62200000000001,0
0,6821,11800,3,0,187.08099999999999,0
0,6822,11808,3,0,185.02099999999999,0
0,6823,11816,3,0,182.548,0
0,6824,11824,3,0,179.768,0
0,6825,11832,3,0,187.62200000000001,0
0,6826,11840,3,0,172.49299999999999,0
0,6827,11848,3,0,185.66,0
0,6828,11856,3,0,198.37,0
0,6829,11864,3,0,184.22800000000001,0
0,6830,11872,3,0,172.69200000000001,0
0,6831,11880,3,0,197.12299999999999,0
0,6832,11888,3,0,165.00399999999999,0
0,6833,11896,3,0,185.393,0
0,6834,11904,3,0,191.72800000000001,0
0,6835,11912,3,0,169.69999999999999,0
0,6836,11920,3,0,162.99100000000001,0
0,6837,11928,3,0,166.63999999999999,0
0,6838,11936,3,0,177.00999999999999,0
0,6839,11944,3,0,157.511,0
0,6840,11952,3,0,174.429,0
0,6841,11960,3,0,181.04499999999999,0
0,6842,11968,3,0,171.28800000000001,0
0,6843,11976,3,0,156.58500000000001,0
0,6844,11984,3,0,149.923,0
0,6845,11992,3,0,191.98400000000001,0
0,6846,12000,3,0,203.82400000000001,0
0,6847,12008,3,0,190.77600000000001,0
0,6848,12016,3,0,198.99100000000001,0
0,6849,12024,3,0,183.67699999999999,0
0,6850,12032,3,0,131.73599999999999,0
0,6851,12040,3,0,214.97499999999999,0
0,6852,12048,3,0,183.119,0
0,6853,12056,3,0,220.44399999999999,0
0,6854,12064,3,0,115.01000000000001,0
0,6855,12072,3,0,178.36799999999999,0
0,6856,12080,3,0,171.92599999999999,0
0,6857,12088,3,0,177.726,0
0,6858,12096,3,0,183.58600000000001,0
0,6859,12104,3,0,167.018,0
0,6860,12112,3,0,156.477,0
0,6861,12120,3,0,165.12,0
0,6862,12128,3,0,200.86099999999999,0
0,6863,12136,3,0,170.85400000000001,0
0,6864,12144,3,0,163.505,0
0,6865,12152,3,0,169.24299999999999,0
0,6866,12160,3,0,138.702,0
0,6867,12168,3,0,163.29599999999999,0
0,6868,12176,3,0,157.18299999999999,0
0,6869,12184,3,0,176.96600000000001,0
0,6870,12192,3,0,186.06800000000001,0
0,6871,12200,3,0,165.92699999999999,0
0,6872,12208,3,0,185.37799999999999,0
0,6873,12216,3,0,187.85499999999999,0
0,6874,12224,3,0,177.524,0
0,6875,12232,3,0,185.995,0
0,6876,12240,3,0,198.81700000000001,0
0,6877,12248,3,0,197.34999999999999,0
0,6878,12256,3,0,189.01400000000001,0
0,6879,12264,3,0,155.054,0
0,6880,12272,3,0,178.202,0
0,6881,12280,3,0,180.75399999999999,0
0,6882,12288,3,0,197.80799999999999,0
0,6883,12296,3,0,158.57599999999999,0
0,6884,12304,3,0,154.477,0
0,6885,12312,3,0,164.28899999999999,0
0,6886,12320,3,0,199.17599999999999,0
0,6887,12328,3,0,140.20599999999999,0
0,6888,12336,3,0,128.58699999999999,0
0,6889,12344,3,0,195.84,0
0,6890,12352,3,0,194.16800000000001,0
0,6891,12360,3,0,195.96199999999999,0
0,6892,12368,3,0,171.745,0
0,6893,12376,3,0,189.75800000000001,0
0,6894,12384,3,0,166.208,0
0,6895,12392,3,0,188.82499999999999,0
0,6896,12400,3,0,172.29900000000001,0
0,6897,12408,3,0,168.09399999999999,0
0,6898,12416,3,0,156.73599999999999,0
0,6899,12424,3,0,182.37799999999999,0
0,6900,12432,3,0,189.881,0
0,6901,12440,3,0,134.76300000000001,0
0,6902,12448,3,0,152.13900000000001,0
0,6903,12456,3,0,149.34700000000001,0
0,6904,12464,3,0,178.58600000000001,0
0,6905,12472,3,0,179.68799999999999,0
0,6906,12480,3,0,168.571,0
0,6907,12488,3,0,175.50700000000001,0
0,6908,12496,3,0,148.006,0
0,6909,12504,3,0,188.03100000000001,0
0,6910,12512,3,0,184.375,0
0,6911,12520,3,0,172.779,0
0,6912,12528,3,0,184.672,0
0,6913,12536,3,0,172.78899999999999,0
0,6914,12544,3,0,170.93899999999999,0
0,6915,12552,3,0,219.13900000000001,0
0,6916,12560,3,0,190.31800000000001,0
0,6917,12568,3,0,184.01599999999999,0
0,6918,12576,3,0,180.988,0
0,6919,12584,3,0,163.369,0
0,6920,12592,3,0,152.84,0
0,6921,12600,3,0,178.626,0
0,6922,12608,3,0,174.27699999999999,0
0,6923,12616,3,0,178.52500000000001,0
0,6924,12624,3,0,190.68799999999999,0
0,6925,12632,3,0,185.245,0
0,6926,12640,3,0,139.93799999999999,0
0,6927,12648,3,0,195.84200000000001,0
0,6928,12656,3,0,156.36600000000001,0
0,6929,12664,3,0,185.94300000000001,0
0,6930,12672,3,0,162.15600000000001,0
0,6931,12680,3,0,165.08199999999999,0
0,6932,12688,3,0,182.518,0
0,6933,12696,3,0,183.75299999999999,0
0,6934,12704,3,0,182.93700000000001,0
0,6935,12712,3,0,177.779,0
0,6936,12720,3,0,188.185,0
0,6937,12728,3,0,159.989,0
0,6938,12736,3,0,208.10900000000001,0
0,6939,12744,3,0,164.00299999999999,0
0,6940,12752,3,0,167.11600000000001,0
0,6941,12760,3,0,172.45599999999999,0
0,6942,12768,3,0,195.57900000000001,0
0,6943,12776,3,0,172.88300000000001,0
0,6944,12784,3,0,149.292,0
0,6945,12792,3,0,180.458,0
0,6946,12800,3,0,172.405,0
0,6947,12808,3,0,157.28800000000001,0
0,6948,12816,3,0,184.87100000000001,0
0,6949,12824,3,0,147.51900000000001,0
0,6950,12832,3,0,191.84399999999999,0
0,6951,12840,3,0,181.69200000000001,0
0,6952,12848,3,0,189.53,0
0,6953,12856,3,0,144.941,0
0,6954,12864,3,0,193.56399999999999,0
0,6955,12872,3,0,177.636,0
0,6956,12880,3,0,172.86699999999999,0
0,6957,12888,3,0,172.92099999999999,0
0,6958,12896,3,0,162.642,0
0,6959,12904,3,0,191.87,0
0,6960,12912,3,0,200.41,0
0,6961,12920,3,0,183.655,0
0,6962,12928,3,0,188.40299999999999,0
0,6963,12936,3,0,129.81200000000001,0
0,6964,12944,3,0,169.95599999999999,0
0,6965,12952,3,0,198.49600000000001,0
0,6966,12960,3,0,174.86500000000001,0
0,6967,12968,3,0,180.637,0
0,6968,12976,3,0,147.696,0
0,6969,12984,3,0,194.286,0
0,6970,12992,3,0,137.30199999999999,0
0,6971,13000,3,0,155.44499999999999,0
0,6972,13008,3,0,168.78299999999999,0
0,6973,13016,3,0,186.37,0
0,6974,13024,3,0,161.02199999999999,0
0,6975,13032,3,0,132.69999999999999,0
0,6976,13040,3,0,138.03,0
0,6977,13048,3,0,212.45099999999999,0
0,6978,13056,3,0,177.81100000000001,0
0,6979,13064,3,0,181.43899999999999,0
0,6980,13072,3,0,139.78100000000001,0
0,6981,13080,3,0,182.82599999999999,0
0,6982,13088,3,0,199.465,0
0,6983,13096,3,0,199.82400000000001,0
0,6984,13104,3,0,191.45099999999999,0
0,6985,13112,3,0,164.709,0
0,6986,13120,3,0,151.434,0
0,6987,13128,3,0,188.93000000000001,0
0,6988,13136,3,0,202.33000000000001,0
0,6989,13144,3,0,166.07300000000001,0
0,6990,13152,3,0,176.27099999999999,0
0,6991,13160,3,0,130.94800000000001,0
0,6992,13168,3,0,158.16900000000001,0
0,6993,13176,3,0,186.49100000000001,0
0,6994,13184,3,0,167.83000000000001,0
0,6995,13192,3,0,197.13399999999999,0
0,6996,13200,3,0,158.74600000000001,0
0,6997,13208,3,0,182.79499999999999,0
0,6998,13216,3,0,180.286,0
0,6999,13224,3,0,202.13900000000001,0
0,7000,13232,3,0,174.78700000000001,0
0,7001,13240,3,0,173.393,0
0,7002,13248,3,0,173.941,0
0,7003,13256,3,0,181.87,0
0,7004,13264,3,0,172.041,0
0,7005,13272,3,0,184.67400000000001,0
0,7006,13280,3,0,154.78,0
0,7007,13288,3,0,152.84700000000001,0
0,7008,13296,3,0,197.71600000000001,0
0,7009,13304,3,0,178.00999999999999,0
0,7010,13312,3,0,149.58199999999999,0
0,7011,13320,3,0,153.202,0
0,7012,13328,3,0,198.49600000000001,0
0,7013,13336,3,0,213.197,0
0,7014,13344,3,0,177.96199999999999,0
0,7015,13352,3,0,172.69900000000001,0
0,7016,13360,3,0,152.09999999999999,0
0,7017,13368,3,0,139.19200000000001,0
0,7018,13376,3,0,141.399,0
0,7019,13384,3,0,190.214,0
0,7020,13392,3,0,169.816,0
0,7021,13400,3,0,197.37700000000001,0
0,7022,13408,3,0,195.91,0
0,7023,13416,3,0,157.19999999999999,0
0,7024,13424,3,0,193.54400000000001,0
0,7025,13432,3,0,157.87799999999999,0
0,7026,13440,3,0,168.65899999999999,0
0,7027,13448,3,0,165.92099999999999,0
0,7028,13456,3,0,175.83199999999999,0
0,7029,13464,3,0,156.255,0
0,7030,13472,3,0,192.34899999999999,0
0,7031,13480,3,0,138.584,0
0,7032,13488,3,0,206.434,0
0,7033,13496,3,0,186.25999999999999,0
0,7034,13504,3,0,198.71700000000001,0
0,7035,13512,3,0,182.11099999999999,0
0,7036,13520,3,0,148.40700000000001,0
0,7037,13528,3,0,163.941,0
0,7038,13536,3,0,176.73400000000001,0
0,7039,13544,3,0,202.703,0
0,7040,13552,3,0,172.09800000000001,0
0,7041,13560,3,0,194.905,0
0,7042,13568,3,0,176.756,0
0,7043,13576,3,0,148.179,0
0,7044,13584,3,0,178.071,0
0,7045,13592,3,0,191.684,0
0,7046,13600,3,0,190.58500000000001,0
0,7047,13608,3,0,153.203,0
0,7048,13616,3,0,165.87799999999999,0
0,7049,13624,3,0,180.239,0
0,7050,13632,3,0,180.256,0
0,7051,13640,3,0,172.494,0
0,7052,13648,3,0,207,0
0,7053,13656,3,0,167.548,0
0,7054,13664,3,0,172.12,0
0,7055,13672,3,0,164.977,0
0,7056,13680,3,0,172.262,0
0,7057,13688,3,0,152.50200000000001,0
0,7058,13696,3,0,167.03999999999999,0
0,7059,13704,3,0,164.464,0
0,7060,13712,3,0,141.95099999999999,0
0,7061,13720,3,0,131.423,0
0,7062,13728,3,0,198.67500000000001,0
0,7063,13736,3,0,146.63999999999999,0
0,7064,13744,3,0,170.756,0
0,7065,13752,3,0,158.256,0
0,7066,13760,3,0,123.214,0
0,7067,13768,3,0,163.244,0
0,7068,13776,3,0,142.767,0
0,7069,13784,3,0,192.715,0
0,7070,13792,3,0,194.21600000000001,0
0,7071,13800,3,0,170.71199999999999,0
0,7072,13808,3,0,142.137,0
0,7073,13816,3,0,129.03700000000001,0
0,7074,13824,3,0,174.97800000000001,0
0,7075,13832,3,0,140.572,0
0,7076,13840,3,0,202.27500000000001,0
0,7077,13848,3,0,189.23599999999999,0
0,7078,13856,3,0,184.66800000000001,0
0,7079,13864,3,0,191.80000000000001,0
0,7080,13872,3,0,184.673,0
0,7081,13880,3,0,191.607,0
0,7082,13888,3,0,202.41800000000001,0
0,7083,13896,3,0,197.36699999999999,0
0,7084,13904,3,0,207.624,0
0,7085,13912,3,0,183.09299999999999,0
0,7086,13920,3,0,192.91499999999999,0
0,7087,13928,3,0,174.34299999999999,0
0,7088,13936,3,0,119.869,0
0,7089,13944,3,0,162.99700000000001,0
0,7090,13952,3,0,182.048,0
0,7091,13960,3,0,171.16,0
0,7092,13968,3,0,193.13999999999999,0
0,7093,13976,3,0,169.376,0
0,7094,13984,3,0,175.96700000000001,0
0,7095,13992,3,0,154.21299999999999,0
0,7096,14000,3,0,143.14099999999999,0
0,7097,14008,3,0,175.643,0
0,7098,14016,3,0,200.72900000000001,0
0,7099,14024,3,0,201.249,0
0,7100,14032,3,0,149.88,0
0,7101,14040,3,0,169.749,0
0,7102,14048,3,0,186.46600000000001,0
0,7103,14056,3,0,155.59800000000001,0
0,7104,14064,3,0,179.08500000000001,0
0,7105,14072,3,0,169.35499999999999,0
0,7106,14080,3,0,183.83699999999999,0
0,7107,14088,3,0,176.95699999999999,0
0,7108,14096,3,0,142.51400000000001,0
0,7109,14104,3,0,179.30699999999999,0
0,7110,14112,3,0,163.07499999999999,0
0,7111,14120,3,0,190.85599999999999,0
0,7112,14128,3,0,143.816,0
0,7113,14136,3,0,172.947,0
0,7114,14144,3,0,142.44300000000001,0
0,7115,14152,3,0,161.35900000000001,0
0,7116,14160,3,0,189.21199999999999,0
0,7117,14168,3,0,218.42500000000001,0
0,7118,14176,3,0,184.55500000000001,0
0,7119,14184,3,0,149.34299999999999,0
0,7120,14192,3,0,120.199,0
0,7121,14200,3,0,187.00800000000001,0
0,7122,14208,3,0,183.06899999999999,0
0,7123,14216,3,0,142.88800000000001,0
0,7124,14224,3,0,169.33500000000001,0
0,7125,14232,3,0,174.88800000000001,0
0,7126,14240,3,0,171.697,0
0,7127,14248,3,0,179.45099999999999,0
1,0,1,0,0,208.46100000000001,0
1,1,9,0,0,165.74600000000001,0
1,2,17,0,0,171.18700000000001,0
1,3,25,0,0,180.77600000000001,0
1,4,33,0,0,167.19200000000001,0
1,5,41,0,0,152.173,0
1,6,49,0,0,142.108,0
1,7,57,0,0,159.63399999999999,0
1,8,65,0,0,171.934,0
1,9,73,0,0,166.184,0
1,10,81,0,0,192.02500000000001,0
1,11,89,0,0,189.62700000000001,0
1,12,97,0,0,203.88,0
1,13,105,0,0,186.72499999999999,0
1,14,113,0,0,141.48599999999999,0
1,15,121,0,0,197.376,0
1,16,129,0,0,194.553,0
1,17,137,0,0,133.501,0
1,18,145,0,0,150.81999999999999,0
1,19,153,0,0,180.53399999999999,0
1,20,161,0,0,183.977,0
1,21,169,0,0,192.81299999999999,0
1,22,177,0,0,166.02600000000001,0
1,23,185,0,0,164.43000000000001,0
1,24,193,0,0,141.34100000000001,0
1,25,201,0,0,141.27000000000001,0
1,26,209,0,0,184.02699999999999,0
1,27,217,0,0,180.81299999999999,0
1,28,225,0,0,177.32499999999999,0
1,29,233,0,0,184.88399999999999,0
1,30,241,0,0,122.182,0
1,31,249,0,0,164.31700000000001,0
1,32,257,0,0,177.76499999999999,0
1,33,265,0,0,185.364,0
1,34,273,0,0,153.637,0
1,35,281,0,0,202.41499999999999,0
1,36,289,0,0,179.011,0
1,37,297,0,0,191.08699999999999,0
1,38,305,0,0,189.42099999999999,0
1,39,313,0,0,143.16,0
1,40,321,0,0,218.851,0
1,41,329,0,0,179.21199999999999,0
1,42,337,0,0,186.79599999999999,0
1,43,345,0,0,169.785,0
1,44,353,0,0,180.41200000000001,0
1,45,361,0,0,197.066,0
1,46,369,0,0,204.916,0
1,47,377,0,0,154.03399999999999,0
1,48,385,0,0,185.84299999999999,0
1,49,393,0,0,180.07499999999999,0
1,50,401,0,0,162.256,0
1,51,409,0,0,137.92500000000001,0
1,52,417,0,0,165.03399999999999,0
1,53,425,0,0,160.11699999999999,0
1,54,433,0,0,186.79900000000001,0
1,55,441,0,0,174.297,0
1,56,449,0,0,153.56899999999999,0
1,57,457,0,0,183.566,0
1,58,465,0,0,144.20699999999999,0
1,59,473,0,0,179.048,0
1,60,481,0,0,200.29499999999999,0
1,61,489,0,0,183.221,0
1,62,497,0,0,189.815,0
1,63,505,0,0,180.20400000000001,0
1,64,513,0,0,173.321,0
1,65,521,0,0,164.93700000000001,0
1,66,529,0,0,166.52199999999999,0
1,67,537,0,0,178.01499999999999,0
1,68,545,0,0,160.14400000000001,0
1,69,553,0,0,164.65700000000001,0
1,70,561,0,0,182.47300000000001,0
1,71,569,0,0,173.95599999999999,0
1,72,577,0,0,192.34299999999999,0
1,73,585,0,0,197.57599999999999,0
1,74,593,0,0,173.05699999999999,0
1,75,601,0,0,188.256,0
1,76,609,0,0,179.84299999999999,0
1,77,617,0,0,175.38300000000001,0
1,78,625,0,0,153.482,0
1,79,633,0,0,136.52799999999999,0
1,80,641,0,0,212.06999999999999,0
1,81,649,0,0,153.15299999999999,0
1,82,657,0,0,135.405,0
1,83,665,0,0,120.383,0
1,84,673,0,0,174.65299999999999,0
1,85,681,0,0,200.40700000000001,0
1,86,689,0,0,167.88399999999999,0
1,87,697,0,0,176.04599999999999,0
1,88,705,0,0,193.078,0
1,89,713,0,0,170.85400000000001,0
1,90,721,0,0,171.55099999999999,0
1,91,729,0,0,179.00299999999999,0
1,92,737,0,0,152.97900000000001,0
1,93,745,0,0,202.41900000000001,0
1,94,753,0,0,130.22800000000001,0
1,95,761,0,0,193.30500000000001,0
1,96,769,0,0,161.81700000000001,0
1,97,777,0,0,141.625,0
1,98,785,0,0,177.74700000000001,0
1,99,793,0,0,207.50399999999999,0
1,100,801,0,0,172.23400000000001,0
1,101,809,0,0,202.50700000000001,0
1,102,817,0,0,152.08099999999999,0
1,103,825,0,0,181.39400000000001,0
1,104,833,0,0,184.636,0
1,105,841,0,0,198.19800000000001,0
1,106,849,0,0,177.82300000000001,0
1,107,857,0,0,155.708,0
1,108,865,0,0,174.57599999999999,0
1,109,873,0,0,130.00800000000001,0
1,110,881,0,0,176.15199999999999,0
1,111,889,0,0,162.82400000000001,0
1,112,897,0,0,140.529,0
1,113,905,0,0,167.81399999999999,0
1,114,913,0,0,125.48699999999999,0
1,115,921,0,0,204.84399999999999,0
1,116,929,0,0,204.60300000000001,0
1,117,937,0,0,164.489,0
1,118,945,0,0,155.75,0
1,119,953,0,0,166.77600000000001,0
1,120,961,0,0,166.71600000000001,0
1,121,969,0,0,206.32599999999999,0
1,122,977,0,0,148.59899999999999,0
1,123,985,0,0,177.49600000000001,0
1,124,993,0,0,155.67599999999999,0
1,125,1001,0,0,194.53399999999999,0
1,126,1009,0,0,195.67699999999999,0
1,127,1017,0,0,195.233,0
1,128,1025,0,0,165.41800000000001,0
1,129,1033,0,0,193.18799999999999,0
1,130,1041,0,0,189.79900000000001,0
1,131,1049,0,0,179.36099999999999,0
1,132,1057,0,0,163.80500000000001,0
1,133,1065,0,0,145.833,0
1,134,1073,0,0,143.93700000000001,0
1,135,1081,0,0,172.786,0
1,136,1089,0,0,176.54900000000001,0
1,137,1097,0,0,171.251,0
1,138,1105,0,0,154.80199999999999,0
1,139,1113,0,0,205.96299999999999,0
1,140,1121,0,0,174.94800000000001,0
1,141,1129,0,0,176.06700000000001,0
1,142,1137,0,0,174.09800000000001,0
1,143,1145,0,0,148.27500000000001,0
1,144,1153,0,0,186.05000000000001,0
1,145,1161,0,0,193.81200000000001,0
1,146,1169,0,0,183.15100000000001,0
1,147,1177,0,0,143.94999999999999,0
1,148,1185,0,0,185.05600000000001,0
1,149,1193,0,0,176.86000000000001,0
1,150,1201,0,0,176.50899999999999,0
1,151,1209,0,0,176.05699999999999,0
1,152,1217,0,0,158.31899999999999,0
1,153,1225,0,0,183.809,0
1,154,1233,0,0,197.16999999999999,0
1,155,1241,0,0,186.28800000000001,0
1,156,1249,0,0,143.441,0
1,157,1257,0,0,185.28700000000001,0
1,158,1265,0,0,174.56100000000001,0
1,159,1273,0,0,147.733,0
1,160,1281,0,0,176.30600000000001,0
1,161,1289,0,0,162.87700000000001,0
1,162,1297,0,0,180.59299999999999,0
1,163,1305,0,0,147.33600000000001,0
1,164,1313,0,0,194.86199999999999,0
1,165,1321,0,0,193.88800000000001,0
1,166,1329,0,0,146.41499999999999,0
1,167,1337,0,0,166.59999999999999,0
1,168,1345,0,0,185.458,0
1,169,1353,0,0,182.61000000000001,0
1,170,1361,0,0,204.21899999999999,0
1,171,1369,0,0,174.124,0
1,172,1377,0,0,199.67500000000001,0
1,173,1385,0,0,136.923,0
1,174,1393,0,0,120.503,0
1,175,1401,0,0,156.58799999999999,0
1,176,1409,0,0,170.67699999999999,0
1,177,1417,0,0,158.137,0
1,178,1425,0,0,172.53299999999999,0
1,179,1433,0,0,143.39699999999999,0
1,180,1441,0,0,184.61699999999999,0
1,181,1449,0,0,184.82499999999999,0
1,182,1457,0,0,167.143,0
1,183,1465,0,0,183.142,0
1,184,1473,0,0,185.25800000000001,0
1,185,1481,0,0,195.77199999999999,0
1,186,1489,0,0,186.77500000000001,0
1,187,1497,0,0,182.983,0
1,188,1505,0,0,201.16999999999999,0
1,189,1513,0,0,171.65199999999999,0
1,190,1521,0,0,187.91399999999999,0
1,191,1529,0,0,146.625,0
1,192,1537,0,0,143.09899999999999,0
1,193,1545,0,0,165.76900000000001,0
1,194,1553,0,0,133.84100000000001,0
1,195,1561,0,0,120.14100000000001,0
1,196,1569,0,0,185.50399999999999,0
1,197,1577,0,0,187.06299999999999,0
1,198,1585,0,0,181.23099999999999,0
1,199,1593,0,0,147.845,0
1,200,1601,0,0,204.09700000000001,0
1,201,1609,0,0,185.03100000000001,0
1,202,1617,0,0,194.54400000000001,0
1,203,1625,0,0,177.45500000000001,0
1,204,1633,0,0,161.61199999999999,0
1,205,1641,0,0,189.17500000000001,0
1,206,1649,0,0,155.44200000000001,0
1,207,1657,0,0,161.399,0
1,208,1665,0,0,176.06399999999999,0
1,209,1673,0,0,165.71600000000001,0
1,210,1681,0,0,123.715,0
1,211,1689,0,0,172.55600000000001,0
1,212,1697,0,0,184.03800000000001,0
1,213,1705,0,0,164.84700000000001,0
1,214,1713,0,0,193.91999999999999,0
1,215,1721,0,0,187.053,0
1,216,1729,0,0,182.99100000000001,0
1,217,1737,0,0,172.661,0
1,218,1745,0,0,191.45500000000001,0
1,219,1753,0,0,156.43899999999999,0
1,220,1761,0,0,149.93299999999999,0
1,221,1769,0,0,154.489,0
1,222,1777,0,0,174.411,0
1,223,1785,0,0,177.001,0
1,224,1793,0,0,132.67400000000001,0
1,225,1801,0,0,189.47900000000001,0
1,226,1809,0,0,170.79900000000001,0
1,227,1817,0,0,179.68799999999999,0
1,228,1825,0,0,141.398,0
1,229,1833,0,0,177.94200000000001,0
1,230,1841,0,0,204.43000000000001,0
1,231,1849,0,0,168.10400000000001,0
1,232,1857,0,0,182.55699999999999,0
1,233,1865,0,0,197.06100000000001,0
1,234,1873,0,0,170.25700000000001,0
1,235,1881,0,0,138.64699999999999,0
1,236,1889,0,0,172.54900000000001,0
1,237,1897,0,0,182.304,0
1,238,1905,0,0,185.749,0
1,239,1913,0,0,180.607,0
1,240,1921,0,0,161.619,0
1,241,1929,0,0,169.37299999999999,0
1,242,1937,0,0,177.339,0
1,243,1945,0,0,176.154,0
1,244,1953,0,0,184.87899999999999,0
1,245,1961,0,0,193.83699999999999,0
1,246,1969,0,0,189.238,0
1,247,1977,0,0,173.755,0
1,248,1985,0,0,183.29499999999999,0
1,249,1993,0,0,233.887,0
1,250,2001,0,0,189.732,0
1,251,2009,0,0,154.66,0
1,252,2017,0,0,183.172,0
1,253,2025,0,0,154.19300000000001,0
1,254,2033,0,0,130.81,0
1,255,2041,0,0,183.08699999999999,0
1,256,2049,0,0,157.13200000000001,0
1,257,2057,0,0,181.136,0
1,258,2065,0,0,189.774,0
1,259,2073,0,0,186.15299999999999,0
1,260,2081,0,0,172.798,0
1,261,2089,0,0,178.68000000000001,0
1,262,2097,0,0,165.38,0
1,263,2105,0,0,177.56100000000001,0
1,264,2113,0,0,170.35900000000001,0
1,265,2121,0,0,192.08000000000001,0
1,266,2129,0,0,214.06999999999999,0
1,267,2137,0,0,181.79300000000001,0
1,268,2145,0,0,184.32300000000001,0
1,269,2153,0,0,193.30500000000001,0
1,270,2161,0,0,117.098,0
1,271,2169,0,0,195.15299999999999,0
1,272,2177,0,0,179.63999999999999,0
1,273,2185,0,0,191.63,0
1,274,2193,0,0,176.167,0
1,275,2201,0,0,153.679,0
1,276,2209,0,0,188.79900000000001,0
1,277,2217,0,0,131.608,0
1,278,2225,0,0,160.422,0
1,279,2233,0,0,184.971,0
1,280,2241,0,0,176.52000000000001,0
1,281,2249,0,0,196.24100000000001,0
1,282,2257,0,0,194.673,0
1,283,2265,0,0,162.66200000000001,0
1,284,2273,0,0,189.81200000000001,0
1,285,2281,0,0,180.511,0
1,286,2289,0,0,195.03399999999999,0
1,287,2297,0,0,183.47800000000001,0
1,288,2305,0,0,202.066,0
1,289,2313,0,0,176.27099999999999,0
1,290,2321,0,0,158.08000000000001,0
1,291,2329,0,0,158.64599999999999,0
1,292,2337,0,0,189.012,0
1,293,2345,0,0,152.66499999999999,0
1,294,2353,0,0,168.239,0
1,295,2361,0,0,189.46700000000001,0
1,296,2369,0,0,182.32400000000001,0
1,297,2377,0,0,161.941,0
1,298,2385,0,0,159.52600000000001,0
1,299,2393,0,0,197.52500000000001,0
1,300,2401,0,0,228.739,0
1,301,2409,0,0,172.583,0
1,302,2417,0,0,189.90100000000001,0
1,303,2425,0,0,156.953,0
1,304,2433,0,0,174.697,0
1,305,2441,0,0,175.56800000000001,0
1,306,2449,0,0,154.82900000000001,0
1,307,2457,0,0,187.21199999999999,0
1,308,2465,0,0,171.27799999999999,0
1,309,2473,0,0,179.53800000000001,0
1,310,2481,0,0,176.346,0
1,311,2489,0,0,181.184,0
1,312,2497,0,0,171.935,0
1,313,2505,0,0,190.53700000000001,0
1,314,2513,0,0,171.596,0
1,315,2521,0,0,171.97900000000001,0
1,316,2529,0,0,190.11699999999999,0
1,317,2537,0,0,197.77099999999999,0
1,318,2545,0,0,195.56899999999999,0
1,319,2553,0,0,191.297,0
1,320,2561,0,0,205.941,0
1,321,2569,0,0,163.40700000000001,0
1,322,2577,0,0,150.53700000000001,0
1,323,2585,0,0,170.233,0
1,324,2593,0,0,167.87799999999999,0
1,325,2601,0,0,148.77600000000001,0
1,326,2609,0,0,179.46299999999999,0
1,327,2617,0,0,186.43100000000001,0
1,328,2625,0,0,159.76900000000001,0
1,329,2633,0,0,164.41200000000001,0
1,330,2641,0,0,177.886,0
1,331,2649,0,0,141.35900000000001,0
1,332,2657,0,0,189.446,0
1,333,2665,0,0,124.68300000000001,0
1,334,2673,0,0,201.70599999999999,0
1,335,2681,0,0,198.82900000000001,0
1,336,2689,0,0,142.166,0
1,337,2697,0,0,198.32599999999999,0
1,338,2705,0,0,178.03700000000001,0
1,339,2713,0,0,158.19499999999999,0
1,340,2721,0,0,169.95599999999999,0
1,341,2729,0,0,174.477,0
1,342,2737,0,0,171.721,0
1,343,2745,0,0,184.77600000000001,0
1,344,2753,0,0,143.74700000000001,0
1,345,2761,0,0,186.05600000000001,0
1,346,2769,0,0,176.75200000000001,0
1,347,2777,0,0,192.53800000000001,0
1,348,2785,0,0,196.304,0
1,349,2793,0,0,171.91,0
1,350,2801,0,0,178.636,0
1,351,2809,0,0,177.79900000000001,0
1,352,2817,0,0,159.75899999999999,0
1,353,2825,0,0,167.69900000000001,0
1,354,2833,0,0,177.41200000000001,0
1,355,2841,0,0,177.78800000000001,0
1,356,2849,0,0,168.27000000000001,0
1,357,2857,0,0,196.20500000000001,0
1,358,2865,0,0,162.09200000000001,0
1,359,2873,0,0,189.03100000000001,0
1,360,2881,0,0,183.28700000000001,0
1,361,2889,0,0,158.69499999999999,0
1,362,2897,0,0,152.22,0
1,363,2905,0,0,181.82499999999999,0
1,364,2913,0,0,184.88300000000001,0
1,365,2921,0,0,152.91999999999999,0
1,366,2929,0,0,142.63800000000001,0
1,367,2937,0,0,174.19200000000001,0
1,368,2945,0,0,190.55000000000001,0
1,369,2953,0,0,203.845,0
1,370,2961,0,0,202.58600000000001,0
1,371,2969,0,0,183.13399999999999,0
1,372,2977,0,0,162.16999999999999,0
1,373,2985,0,0,170.28700000000001,0
1,374,2993,0,0,194.68899999999999,0
1,375,3001,0,0,154.01400000000001,0
1,376,3009,0,0,144.37799999999999,0
1,377,3017,0,0,179.994,0
1,378,3025,0,0,123.48999999999999,0
1,379,3033,0,0,171.11699999999999,0
1,380,3041,0,0,182.33699999999999,0
1,381,3049,0,0,188.27500000000001,0
1,382,3057,0,0,139.65899999999999,0
1,383,3065,0,0,204.46600000000001,0
1,384,3073,0,0,173.56100000000001,0
1,385,3081,0,0,189.41800000000001,0
1,386,3089,0,0,176.91999999999999,0
1,387,3097,0,0,200.73699999999999,0
1,388,3105,0,0,166.69900000000001,0
1,389,3113,0,0,185.68299999999999,0
1,390,3121,0,0,141.47200000000001,0
1,391,3129,0,0,197.63,0
1,392,3137,0,0,204.703,0
1,393,3145,0,0,139.251,0
1,394,3153,0,0,166.46700000000001,0
1,395,3161,0,0,192.11199999999999,0
1,396,3169,0,0,191.744,0
1,397,3177,0,0,181.238,0
1,398,3185,0,0,177.977,0
1,399,3193,0,0,180.43600000000001,0
1,400,3201,0,0,181.09200000000001,0
1,401,3209,0,0,187.92599999999999,0
1,402,3217,0,0,179.82400000000001,0
1,403,3225,0,0,179.83799999999999,0
1,404,3233,0,0,192.19800000000001,0
1,405,3241,0,0,195.464,0
1,406,3249,0,0,177.91999999999999,0
1,407,3257,0,0,174.309,0
1,408,3265,0,0,192.97900000000001,0
1,409,3273,0,0,122.42,0
1,410,3281,0,0,191.71799999999999,0
1,411,3289,0,0,177.666,0
1,412,3297,0,0,157.429,0
1,413,3305,0,0,201.13800000000001,0
1,414,3313,0,0,194.31800000000001,0
1,415,3321,0,0,145.47399999999999,0
1,416,3329,0,0,180.00700000000001,0
1,417,3337,0,0,169.196,0
1,418,3345,0,0,204,0
1,419,3353,0,0,156.29300000000001,0
1,420,3361,0,0,172.816,0
1,421,3369,0,0,179.71899999999999,0
1,422,3377,0,0,175.79400000000001,0
1,423,3385,0,0,169.959,0
1,424,3393,0,0,136.25399999999999,0
1,425,3401,0,0,133.47,0
1,426,3409,0,0,162.22,0
1,427,3417,0,0,147.29499999999999,0
1,428,3425,0,0,164.58099999999999,0
1,429,3433,0,0,198.72,0
1,430,3441,0,0,180.89500000000001,0
1,431,3449,0,0,201.94900000000001,0
1,432,3457,0,0,196.72,0
1,433,3465,0,0,183.11099999999999,0
1,434,3473,0,0,179.91900000000001,0
1,435,3481,0,0,174.44800000000001,0
1,436,3489,0,0,179.70500000000001,0
1,437,3497,0,0,180.251,0
1,438,3505,0,0,140.21299999999999,0
1,439,3513,0,0,211.024,0
1,440,3521,0,0,192.27500000000001,0
1,441,3529,0,0,175.88800000000001,0
1,442,3537,0,0,187.98699999999999,0
1,443,3545,0,0,183.12200000000001,0
1,444,3553,0,0,186.364,0
1,445,3561,0,0,137.08000000000001,0
1,446,3569,0,0,180.72900000000001,0
1,447,3577,0,0,194.185,0
1,448,3585,0,0,183.53100000000001,0
1,449,3593,0,0,165.84299999999999,0
1,450,3601,0,0,166.71600000000001,0
1,451,3609,0,0,194.69,0
1,452,3617,0,0,182.376,0
1,453,3625,0,0,167.50800000000001,0
1,454,3633,0,0,185.87899999999999,0
1,455,3641,0,0,190.87799999999999,0
1,456,3649,0,0,160.708,0
1,457,3657,0,0,150.892,0
1,458,3665,0,0,171.30699999999999,0
1,459,3673,0,0,143.328,0
1,460,3681,0,0,164.84,0
1,461,3689,0,0,176.5,0
1,462,3697,0,0,137.53800000000001,0
1,463,3705,0,0,140.68600000000001,0
1,464,3713,0,0,182.154,0
1,465,3721,0,0,166.12100000000001,0
1,466,3729,0,0,132.80099999999999,0
1,467,3737,0,0,183.08600000000001,0
1,468,3745,0,0,130.227,0
1,469,3753,0,0,180.905,0
1,470,3761,0,0,197.43700000000001,0
1,471,3769,0,0,180.77099999999999,0
1,472,3777,0,0,195.99600000000001,0
1,473,3785,0,0,193.232,0
1,474,3793,0,0,174.166,0
1,475,3801,0,0,184.84800000000001,0
1,476,3809,0,0,189.72800000000001,0
1,477,3817,0,0,182.828,0
1,478,3825,0,0,194.28899999999999,0
1,479,3833,0,0,217.14500000000001,0
1,480,3841,0,0,147.30799999999999,0
1,481,3849,0,0,159.93700000000001,0
1,482,3857,0,0,154.89500000000001,0
1,483,3865,0,0,163.02099999999999,0
1,484,3873,0,0,188.43600000000001,0
1,485,3881,0,0,171.69800000000001,0
1,486,3889,0,0,162.45400000000001,0
1,487,3897,0,0,172.012,0
1,488,3905,0,0,214.90100000000001,0
1,489,3913,0,0,190.52799999999999,0
1,490,3921,0,0,174.39599999999999,0
1,491,3929,0,0,188.15700000000001,0
1,492,3937,0,0,170.33799999999999,0
1,493,3945,0,0,189.03899999999999,0
1,494,3953,0,0,198.25999999999999,0
1,495,3961,0,0,181.58799999999999,0
1,496,3969,0,0,212.113,0
1,497,3977,0,0,158.358,0
1,498,3985,0,0,172.19300000000001,0
1,499,3993,0,0,152.37899999999999,0
1,500,4001,0,0,187.221,0
1,501,4009,0,0,189.619,0
1,502,4017,0,0,198.096,0
1,503,4025,0,0,205.05699999999999,0
1,504,4033,0,0,159.708,0
1,505,4041,0,0,184.98699999999999,0
1,506,4049,0,0,145.43299999999999,0
1,507,4057,0,0,172.43299999999999,0
1,508,4065,0,0,169.797,0
1,509,4073,0,0,155.512,0
1,510,4081,0,0,175.68100000000001,0
1,511,4089,0,0,138.916,0
1,512,4097,0,0,120.095,0
1,513,4105,0,0,163.88,0
1,514,4113,0,0,192.041,0
1,515,4121,0,0,187.77199999999999,0
1,516,4129,0,0,149.27199999999999,0
1,517,4137,0,0,154.45099999999999,0
1,518,4145,0,0,183.00200000000001,0
1,519,4153,0,0,173.51300000000001,0
1,520,4161,0,0,197.17500000000001,0
1,521,4169,0,0,163.84299999999999,0
1,522,4177,0,0,168.65000000000001,0
1,523,4185,0,0,169.94399999999999,0
1,524,4193,0,0,172.33099999999999,0
1,525,4201,0,0,195.93600000000001,0
1,526,4209,0,0,169.95500000000001,0
1,527,4217,0,0,168.99700000000001,0
1,528,4225,0,0,213.21199999999999,0
1,529,4233,0,0,169.34800000000001,0
1,530,4241,0,0,190.27600000000001,0
1,531,4249,0,0,167.03399999999999,0
1,532,4257,0,0,185.244,0
1,533,4265,0,0,182.22,0
1,534,4273,0,0,171.38300000000001,0
1,535,4281,0,0,192.52000000000001,0
1,536,4289,0,0,131.524,0
1,537,4297,0,0,177.221,0
1,538,4305,0,0,141.32499999999999,0
1,539,4313,0,0,180.43600000000001,0
1,540,4321,0,0,126.70099999999999,0
1,541,4329,0,0,141.03299999999999,0
1,542,4337,0,0,163.00299999999999,0
1,543,4345,0,0,199.226,0
1,544,4353,0,0,162.66499999999999,0
1,545,4361,0,0,210.92099999999999,0
1,546,4369,0,0,150.06800000000001,0
1,547,4377,0,0,151.05600000000001,0
1,548,4385,0,0,194.93299999999999,0
1,549,4393,0,0,124.41200000000001,0
1,550,4401,0,0,185.56200000000001,0
1,551,4409,0,0,163.523,0
1,552,4417,0,0,183.96899999999999,0
1,553,4425,0,0,141.21000000000001,0
1,554,4433,0,0,214.31899999999999,0
1,555,4441,0,0,133.09399999999999,0
1,556,4449,0,0,189.18199999999999,0
1,557,4457,0,0,202.63499999999999,0
1,558,4465,0,0,154.04300000000001,0
1,559,4473,0,0,166.137,0
1,560,4481,0,0,180.58500000000001,0
1,561,4489,0,0,135.989,0
1,562,4497,0,0,125.291,0
1,563,4505,0,0,176.32900000000001,0
1,564,4513,0,0,203.49100000000001,0
1,565,4521,0,0,193.797,0
1,566,4529,0,0,152.57400000000001,0
1,567,4537,0,0,156.64699999999999,0
1,568,4545,0,0,155.505,0
1,569,4553,0,0,170.917,0
1,570,4561,0,0,137.715,0
1,571,4569,0,0,150.92699999999999,0
1,572,4577,0,0,198.84700000000001,0
1,573,4585,0,0,226.62799999999999,0
1,574,4593,0,0,170.71299999999999,0
1,575,4601,0,0,173.38399999999999,0
1,576,4609,0,0,198.80199999999999,0
1,577,4617,0,0,196.571,0
1,578,4625,0,0,135.25700000000001,0
1,579,4633,0,0,161.684,0
1,580,4641,0,0,148.535,0
1,581,4649,0,0,195.09999999999999,0
1,582,4657,0,0,177.23699999999999,0
1,583,4665,0,0,207.071,0
1,584,4673,0,0,165.066,0
1,585,4681,0,0,185.715,0
1,586,4689,0,0,162.84899999999999,0
1,587,4697,0,0,167.45400000000001,0
1,588,4705,0,0,213.28700000000001,0
1,589,4713,0,0,195.726,0
1,590,4721,0,0,184.28999999999999,0
1,591,4729,0,0,180.91999999999999,0
1,592,4737,0,0,189.02099999999999,0
1,593,4745,0,0,178.97900000000001,0
1,594,4753,0,0,165.19999999999999,0
1,595,4761,0,0,158.54300000000001,0
1,596,4769,0,0,171.90600000000001,0
1,597,4777,0,0,181.62799999999999,0
1,598,4785,0,0,186.38,0
1,599,4793,0,0,142.06800000000001,0
1,600,4801,0,0,140.78299999999999,0
1,601,4809,0,0,176.35900000000001,0
1,602,4817,0,0,185.994,0
1,603,4825,0,0,191.16399999999999,0
1,604,4833,0,0,151.32599999999999,0
1,605,4841,0,0,189.059,0
1,606,4849,0,0,123.982,0
1,607,4857,0,0,202.52099999999999,0
1,608,4865,0,0,192.541,0
1,609,4873,0,0,160.07400000000001,0
1,610,4881,0,0,170.45099999999999,0
1,611,4889,0,0,199.87299999999999,0
1,612,4897,0,0,188.72499999999999,0
1,613,4905,0,0,160.95500000000001,0
1,614,4913,0,0,220.72399999999999,0
1,615,4921,0,0,173.29400000000001,0
1,616,4929,0,0,174.72399999999999,0
1,617,4937,0,0,148.727,0
1,618,4945,0,0,181.20500000000001,0
1,619,4953,0,0,179.84899999999999,0
1,620,4961,0,0,179.34100000000001,0
1,621,4969,0,0,170.55600000000001,0
1,622,4977,0,0,189.88999999999999,0
1,623,4985,0,0,186.94,0
1,624,4993,0,0,186.02000000000001,0
1,625,5001,0,0,164.07499999999999,0
1,626,5009,0,0,190.53200000000001,0
1,627,5017,0,0,196.947,0
1,628,5025,0,0,164.23599999999999,0
1,629,5033,0,0,182.88499999999999,0
1,630,5041,0,0,187.751,0
1,631,5049,0,0,207.851,0
1,632,5057,0,0,181.28399999999999,0
1,633,5065,0,0,180.87299999999999,0
1,634,5073,0,0,188.065,0
1,635,5081,0,0,180.82400000000001,0
1,636,5089,0,0,136.56800000000001,0
1,637,5097,0,0,151.499,0
1,638,5105,0,0,167.13800000000001,0
1,639,5113,0,0,188.10499999999999,0
1,640,5121,0,0,177.51400000000001,0
1,641,5129,0,0,157.12100000000001,0
1,642,5137,0,0,132.79400000000001,0
1,643,5145,0,0,163.71299999999999,0
1,644,5153,0,0,182.02500000000001,0
1,645,5161,0,0,196.51400000000001,0
1,646,5169,0,0,175.66900000000001,0
1,647,5177,0,0,167.797,0
1,648,5185,0,0,206.583,0
1,649,5193,0,0,169.16999999999999,0
1,650,5201,0,0,155.24799999999999,0
1,651,5209,0,0,172.41,0
1,652,5217,0,0,153.577,0
1,653,5225,0,0,213.57400000000001,0
1,654,5233,0,0,180.37,0
1,655,5241,0,0,175.38200000000001,0
1,656,5249,0,0,183.488,0
1,657,5257,0,0,171.328,0
1,658,5265,0,0,168.27799999999999,0
1,659,5273,0,0,192.416,0
1,660,5281,0,0,185.941,0
1,661,5289,0,0,149.28100000000001,0
1,662,5297,0,0,134.66800000000001,0
1,663,5305,0,0,137.65799999999999,0
1,664,5313,0,0,190.11799999999999,0
1,665,5321,0,0,158.36699999999999,0
1,666,5329,0,0,193.38800000000001,0
1,667,5337,0,0,117.93000000000001,0
1,668,5345,0,0,180.476,0
1,669,5353,0,0,188.488,0
1,670,5361,0,0,193.88800000000001,0
1,671,5369,0,0,178.68199999999999,0
1,672,5377,0,0,222.40199999999999,0
1,673,5385,0,0,167.24299999999999,0
1,674,5393,0,0,171.727,0
1,675,5401,0,0,177.44,0
1,676,5409,0,0,189.608,0
1,677,5417,0,0,149.25700000000001,0
1,678,5425,0,0,183.453,0
1,679,5433,0,0,150.214,0
1,680,5441,0,0,169.15299999999999,0
1,681,5449,0,0,189.83500000000001,0
1,682,5457,0,0,176.196,0
1,683,5465,0,0,168.74100000000001,0
1,684,5473,0,0,183.011,0
1,685,5481,0,0,200.15299999999999,0
1,686,5489,0,0,198.86099999999999,0
1,687,5497,0,0,148.93199999999999,0
1,688,5505,0,0,190.38399999999999,0
1,689,5513,0,0,191.90100000000001,0
1,690,5521,0,0,150.804,0
1,691,5529,0,0,185.80500000000001,0
1,692,5537,0,0,139.90000000000001,0
1,693,5545,0,0,164.88900000000001,0
1,694,5553,0,0,186.81700000000001,0
1,695,5561,0,0,144.577,0
1,696,5569,0,0,134.81299999999999,0
1,697,5577,0,0,202.68899999999999,0
1,698,5585,0,0,192.52500000000001,0
1,699,5593,0,0,167.30799999999999,0
1,700,5601,0,0,172.983,0
1,701,5609,0,0,179.21000000000001,0
1,702,5617,0,0,158.76300000000001,0
1,703,5625,0,0,203.773,0
1,704,5633,0,0,147.399,0
1,705,5641,0,0,187.59100000000001,0
1,706,5649,0,0,158.94,0
1,707,5657,0,0,174.678,0
1,708,5665,0,0,145.88999999999999,0
1,709,5673,0,0,155.512,0
1,710,5681,0,0,144.48599999999999,0
1,711,5689,0,0,131.666,0
1,712,5697,0,0,193.03100000000001,0
1,713,5705,0,0,202.83000000000001,0
1,714,5713,0,0,128.16499999999999,0
1,715,5721,0,0,169.28999999999999,0
1,716,5729,0,0,133.66300000000001,0
1,717,5737,0,0,196.38800000000001,0
1,718,5745,0,0,207.345,0
1,719,5753,0,0,123.705,0
1,720,5761,0,0,196.21700000000001,0
1,721,5769,0,0,128.755,0
1,722,5777,0,0,177.94499999999999,0
1,723,5785,0,0,184.81399999999999,0
1,724,5793,0,0,191.34200000000001,0
1,725,5801,0,0,185.34899999999999,0
1,726,5809,0,0,195.87100000000001,0
1,727,5817,0,0,160.434,0
1,728,5825,0,0,172.011,0
1,729,5833,0,0,166.893,0
1,730,5841,0,0,189.81999999999999,0
1,731,5849,0,0,179.834,0
1,732,5857,0,0,178.71700000000001,0
1,733,5865,0,0,163.31299999999999,0
1,734,5873,0,0,172.60599999999999,0
1,735,5881,0,0,198.846,0
1,736,5889,0,0,180.446,0
1,737,5897,0,0,170.75299999999999,0
1,738,5905,0,0,192.953,0
1,739,5913,0,0,175.63900000000001,0
1,740,5921,0,0,175.28200000000001,0
1,741,5929,0,0,169.29599999999999,0
1,742,5937,0,0,131.96100000000001,0
1,743,5945,0,0,157.56899999999999,0
1,744,5953,0,0,191.23400000000001,0
1,745,5961,0,0,166.78700000000001,0
1,746,5969,0,0,161.881,0
1,747,5977,0,0,185.75700000000001,0
1,748,5985,0,0,151.517,0
1,749,5993,0,0,176.21000000000001,0
1,750,6001,0,0,159.376,0
1,751,6009,0,0,150.673,0
1,752,6017,0,0,191.65000000000001,0
1,753,6025,0,0,180.643,0
1,754,6033,0,0,174.98099999999999,0
1,755,6041,0,0,183.983,0
1,756,6049,0,0,178.95699999999999,0
1,757,6057,0,0,208.03800000000001,0
1,758,6065,0,0,191.49299999999999,0
1,759,6073,0,0,190.72200000000001,0
1,760,6081,0,0,165.517,0
1,761,6089,0,0,177.43100000000001,0
1,762,6097,0,0,173.09,0
1,763,6105,0,0,169.55099999999999,0
1,764,6113,0,0,166.285,0
1,765,6121,0,0,168.11600000000001,0
1,766,6129,0,0,185.59700000000001,0
1,767,6137,0,0,169.07599999999999,0
1,768,6145,0,0,174.91999999999999,0
1,769,6153,0,0,175.97,0
1,770,6161,0,0,191.666,0
1,771,6169,0,0,183.22900000000001,0
1,772,6177,0,0,179.09,0
1,773,6185,0,0,188.011,0
1,774,6193,0,0,206.79499999999999,0
1,775,6201,0,0,175.06299999999999,0
1,776,6209,0,0,195.17699999999999,0
1,777,6217,0,0,169.268,0
1,778,6225,0,0,193.238,0
1,779,6233,0,0,175.31999999999999,0
1,780,6241,0,0,181.27099999999999,0
1,781,6249,0,0,214.179,0
1,782,6257,0,0,131.096,0
1,783,6265,0,0,165.47,0
1,784,6273,0,0,190.59700000000001,0
1,785,6281,0,0,181.797,0
1,786,6289,0,0,167.49299999999999,0
1,787,6297,0,0,155.23099999999999,0
1,788,6305,0,0,158.71199999999999,0
1,789,6313,0,0,186.50700000000001,0
1,790,6321,0,0,174.88399999999999,0
1,791,6329,0,0,175.94800000000001,0
1,792,6337,0,0,175.97800000000001,0
1,793,6345,0,0,192.124,0
1,794,6353,0,0,192.78399999999999,0
1,795,6361,0,0,183.196,0
1,796,6369,0,0,168.852,0
1,797,6377,0,0,157.899,0
1,798,6385,0,0,166.13800000000001,0
1,799,6393,0,0,193.196,0
1,800,6401,0,0,163.50899999999999,0
1,801,6409,0,0,143.72200000000001,0
1,802,6417,0,0,154.45599999999999,0
1,803,6425,0,0,153.85900000000001,0
1,804,6433,0,0,190.624,0
1,805,6441,0,0,166.88200000000001,0
1,806,6449,0,0,156.416,0
1,807,6457,0,0,185.64500000000001,0
1,808,6465,0,0,158.077,0
1,809,6473,0,0,149.971,0
1,810,6481,0,0,170.547,0
1,811,6489,0,0,190.21000000000001,0
1,812,6497,0,0,182.75800000000001,0
1,813,6505,0,0,188.96899999999999,0
1,814,6513,0,0,156.18600000000001,0
1,815,6521,0,0,177.82499999999999,0
1,816,6529,0,0,172.11000000000001,0
1,817,6537,0,0,184.49700000000001,0
1,818,6545,0,0,156.40000000000001,0
1,819,6553,0,0,190.358,0
1,820,6561,0,0,191.63900000000001,0
1,821,6569,0,0,176.29900000000001,0
1,822,6577,0,0,151.24299999999999,0
1,823,6585,0,0,163.38999999999999,0
1,824,6593,0,0,174.15199999999999,0
1,825,6601,0,0,179.29499999999999,0
1,826,6609,0,0,178.84899999999999,0
1,827,6617,0,0,126.986,0
1,828,6625,0,0,172.209,0
1,829,6633,0,0,190.095,0
1,830,6641,0,0,160.22300000000001,0
1,831,6649,0,0,191.804,0
1,832,6657,0,0,190.38499999999999,0
1,833,6665,0,0,178.76599999999999,0
1,834,6673,0,0,199.911,0
1,835,6681,0,0,183.65700000000001,0
1,836,6689,0,0,187.83000000000001,0
1,837,6697,0,0,149.876,0
1,838,6705,0,0,164.09999999999999,0
1,839,6713,0,0,174.245,0
1,840,6721,0,0,164.464,0
1,841,6729,0,0,198.053,0
1,842,6737,0,0,213.53800000000001,0
1,843,6745,0,0,161.65899999999999,0
1,844,6753,0,0,177.76400000000001,0
1,845,6761,0,0,184.53299999999999,0
1,846,6769,0,0,197.56700000000001,0
1,847,6777,0,0,146.136,0
1,848,6785,0,0,168.892,0
1,849,6793,0,0,145.71000000000001,0
1,850,6801,0,0,193.357,0
1,851,6809,0,0,196.16800000000001,0
1,852,6817,0,0,188.32400000000001,0
1,853,6825,0,0,153.88800000000001,0
1,854,6833,0,0,158.10300000000001,0
1,855,6841,0,0,154.684,0
1,856,6849,0,0,203.22200000000001,0
1,857,6857,0,0,184.649,0
1,858,6865,0,0,174.084,0
1,859,6873,0,0,173.786,0
1,860,6881,0,0,184.88399999999999,0
1,861,6889,0,0,199.74799999999999,0
1,862,6897,0,0,175.09999999999999,0
1,863,6905,0,0,186.13300000000001,0
1,864,6913,0,0,129.935,0
1,865,6921,0,0,161.03899999999999,0
1,866,6929,0,0,194.74000000000001,0
1,867,6937,0,0,183.05699999999999,0
1,868,6945,0,0,137.785,0
1,869,6953,0,0,203.36000000000001,0
1,870,6961,0,0,179.63499999999999,0
1,871,6969,0,0,187.071,0
1,872,6977,0,0,206.392,0
1,873,6985,0,0,188.185,0
1,874,6993,0,0,117.035,0
1,875,7001,0,0,160.684,0
1,876,7009,0,0,189.25700000000001,0
1,877,7017,0,0,193.00299999999999,0
1,878,7025,0,0,186.91300000000001,0
1,879,7033,0,0,163.64400000000001,0
1,880,7041,0,0,176.52699999999999,0
1,881,7049,0,0,127.342,0
1,882,7057,0,0,193.61699999999999,0
1,883,7065,0,0,186.005,0
1,884,7073,0,0,194.26300000000001,0
1,885,7081,0,0,154.63200000000001,0
1,886,7089,0,0,188.672,0
1,887,7097,0,0,167.928,0
1,888,7105,0,0,163.066,0
1,889,7113,0,0,175.83000000000001,0
1,890,7121,0,0,203.137,0
1,891,7129,0,0,163.203,0
1,892,7137,0,0,156.934,0
1,893,7145,0,0,143.93899999999999,0
1,894,7153,0,0,150.80699999999999,0
1,895,7161,0,0,179.34899999999999,0
1,896,7169,0,0,166.06999999999999,0
1,897,7177,0,0,183.32300000000001,0
1,898,7185,0,0,167.53200000000001,0
1,899,7193,0,0,190.68000000000001,0
1,900,7201,0,0,153.34399999999999,0
1,901,7209,0,0,186.334,0
1,902,7217,0,0,198.20599999999999,0
1,903,7225,0,0,186.08199999999999,0
1,904,7233,0,0,180.06200000000001,0
1,905,7241,0,0,181.98099999999999,0
1,906,7249,0,0,173.07499999999999,0
1,907,7257,0,0,183.82900000000001,0
1,908,7265,0,0,193.29499999999999,0
1,909,7273,0,0,171.328,0
1,910,7281,0,0,157.81999999999999,0
1,911,7289,0,0,188.83099999999999,0
1,912,7297,0,0,129.00899999999999,0
1,913,7305,0,0,184.22399999999999,0
1,914,7313,0,0,156.458,0
1,915,7321,0,0,188.499,0
1,916,7329,0,0,186.51599999999999,0
1,917,7337,0,0,178.482,0
1,918,7345,0,0,147.93000000000001,0
1,919,7353,0,0,186.535,0
1,920,7361,0,0,151.04300000000001,0
1,921,7369,0,0,152.60599999999999,0
1,922,7377,0,0,189.30000000000001,0
1,923,7385,0,0,196.88300000000001,0
1,924,7393,0,0,196.95699999999999,0
1,925,7401,0,0,189.43700000000001,0
1,926,7409,0,0,188.33799999999999,0
1,927,7417,0,0,143.45400000000001,0
1,928,7425,0,0,114.878,0
1,929,7433,0,0,183.815,0
1,930,7441,0,0,157.34200000000001,0
1,931,7449,0,0,161.08699999999999,0
1,932,7457,0,0,148.173,0
1,933,7465,0,0,182.18799999999999,0
1,934,7473,0,0,149.49600000000001,0
1,935,7481,0,0,129.47300000000001,0
1,936,7489,0,0,172.07400000000001,0
1,937,7497,0,0,174.15299999999999,0
1,938,7505,0,0,129.952,0
1,939,7513,0,0,169.346,0
1,940,7521,0,0,161.779,0
1,941,7529,0,0,203.24600000000001,0
1,942,7537,0,0,135.245,0
1,943,7545,0,0,190.56100000000001,0
1,944,7553,0,0,163.48699999999999,0
1,945,7561,0,0,170.30199999999999,0
1,946,7569,0,0,183.209,0
1,947,7577,0,0,209.524,0
1,948,7585,0,0,195.15799999999999,0
1,949,7593,0,0,170.417,0
1,950,7601,0,0,145.00200000000001,0
1,951,7609,0,0,140.203,0
1,952,7617,0,0,174.16900000000001,0
1,953,7625,0,0,190.886,0
1,954,7633,0,0,186.15000000000001,0
1,955,7641,0,0,186.78200000000001,0
1,956,7649,0,0,191.304,0
1,957,7657,0,0,168.745,0
1,958,7665,0,0,179.06,0
1,959,7673,0,0,129.03899999999999,0
1,960,7681,0,0,169.88300000000001,0
1,961,7689,0,0,182.16999999999999,0
1,962,7697,0,0,181.66200000000001,0
1,963,7705,0,0,180.88300000000001,0
1,964,7713,0,0,177.304,0
1,965,7721,0,0,186.78,0
1,966,7729,0,0,180.63999999999999,0
1,967,7737,0,0,201.31,0
1,968,7745,0,0,129.71199999999999,0
1,969,7753,0,0,183.65000000000001,0
1,970,7761,0,0,177.75899999999999,0
1,971,7769,0,0,168.83199999999999,0
1,972,7777,0,0,179.75200000000001,0
1,973,7785,0,0,187.89099999999999,0
1,974,7793,0,0,126.41800000000001,0
1,975,7801,0,0,187.47499999999999,0
1,976,7809,0,0,200.374,0
1,977,7817,0,0,140.28800000000001,0
1,978,7825,0,0,213.702,0
1,979,7833,0,0,175.01300000000001,0
1,980,7841,0,0,131.65299999999999,0
1,981,7849,0,0,201.38900000000001,0
1,982,7857,0,0,190.05699999999999,0
1,983,7865,0,0,201.52000000000001,0
1,984,7873,0,0,182.916,0
1,985,7881,0,0,167.09700000000001,0
1,986,7889,0,0,142.32400000000001,0
1,987,7897,0,0,165.172,0
1,988,7905,0,0,189.74000000000001,0
1,989,7913,0,0,160.666,0
1,990,7921,0,0,163.166,0
1,991,7929,0,0,165.86199999999999,0
1,992,7937,0,0,186.25800000000001,0
1,993,7945,0,0,159.601,0
1,994,7953,0,0,186.577,0
1,995,7961,0,0,190.93100000000001,0
1,996,7969,0,0,170.23500000000001,0
1,997,7977,0,0,197.52000000000001,0
1,998,7985,0,0,196.113,0
1,999,7993,0,0,150.084,0
1,1000,8001,0,0,175.16999999999999,0
1,1001,8009,0,0,145.88399999999999,0
1,1002,8017,0,0,190.50299999999999,0
1,1003,8025,0,0,161.55799999999999,0
1,1004,8033,0,0,188.90100000000001,0
1,1005,8041,0,0,177.99799999999999,0
1,1006,8049,0,0,172.56700000000001,0
1,1007,8057,0,0,180.77099999999999,0
1,1008,8065,0,0,162.93700000000001,0
1,1009,8073,0,0,180.947,0
1,1010,8081,0,0,195.48699999999999,0
1,1011,8089,0,0,196.53,0
1,1012,8097,0,0,185.887,0
1,1013,8105,0,0,142.792,0
1,1014,8113,0,0,181.11500000000001,0
1,1015,8121,0,0,171.738,0
1,1016,8129,0,0,190.64099999999999,0
1,1017,8137,0,0,147.547,0
1,1018,8145,0,0,199.34899999999999,0
1,1019,8153,0,0,193.994,0
1,1020,8161,0,0,168.363,0
1,1021,8169,0,0,183.79400000000001,0
1,1022,8177,0,0,197.61000000000001,0
1,1023,8185,0,0,165.404,0
1,1024,8193,0,0,159.53100000000001,0
1,1025,8201,0,0,196.804,0
1,1026,8209,0,0,185.96199999999999,0
1,1027,8217,0,0,186.542,0
1,1028,8225,0,0,186.96299999999999,0
1,1029,8233,0,0,175.16200000000001,0
1,1030,8241,0,0,185.185,0
1,1031,8249,0,0,193.173,0
1,1032,8257,0,0,192.80799999999999,0
1,1033,8265,0,0,163.99600000000001,0
1,1034,8273,0,0,180.25700000000001,0
1,1035,8281,0,0,158.797,0
1,1036,8289,0,0,143.37700000000001,0
1,1037,8297,0,0,187.06999999999999,0
1,1038,8305,0,0,162.44,0
1,1039,8313,0,0,150.434,0
1,1040,8321,0,0,195.00200000000001,0
1,1041,8329,0,0,168.56399999999999,0
1,1042,8337,0,0,183.053,0
1,1043,8345,0,0,187.102,0
1,1044,8353,0,0,201.78399999999999,0
1,1045,8361,0,0,188.71899999999999,0
1,1046,8369,0,0,175.48400000000001,0
1,1047,8377,0,0,206.50299999999999,0
1,1048,8385,0,0,173.06700000000001,0
1,1049,8393,0,0,178.39099999999999,0
1,1050,8401,0,0,188.79300000000001,0
1,1051,8409,0,0,188.273,0
1,1052,8417,0,0,155.35599999999999,0
1,1053,8425,0,0,183.47,0
1,1054,8433,0,0,198.46700000000001,0
1,1055,8441,0,0,186.47300000000001,0
1,1056,8449,0,0,137.631,0
1,1057,8457,0,0,171.56299999999999,0
1,1058,8465,0,0,174.428,0
1,1059,8473,0,0,174.547,0
1,1060,8481,0,0,178.447,0
1,1061,8489,0,0,188.39599999999999,0
1,1062,8497,0,0,187.15000000000001,0
1,1063,8505,0,0,134.72200000000001,0
1,1064,8513,0,0,178.715,0
1,1065,8521,0,0,188.44900000000001,0
1,1066,8529,0,0,189.04499999999999,0
1,1067,8537,0,0,172.947,0
1,1068,8545,0,0,209.92699999999999,0
1,1069,8553,0,0,136.97800000000001,0
1,1070,8561,0,0,181.221,0
1,1071,8569,0,0,171.714,0
1,1072,8577,0,0,152.62100000000001,0
1,1073,8585,0,0,183.94399999999999,0
1,1074,8593,0,0,135.99600000000001,0
1,1075,8601,0,0,164.584,0
1,1076,8609,0,0,173.75800000000001,0
1,1077,8617,0,0,184.214,0
1,1078,8625,0,0,182.827,0
1,1079,8633,0,0,203.524,0
1,1080,8641,0,0,181.86500000000001,0
1,1081,8649,0,0,172.821,0
1,1082,8657,0,0,145.44800000000001,0
1,1083,8665,0,0,137.958,0
1,1084,8673,0,0,183.44200000000001,0
1,1085,8681,0,0,182.27600000000001,0
1,1086,8689,0,0,180.12100000000001,0
1,1087,8697,0,0,181.83600000000001,0
1,1088,8705,0,0,147.01900000000001,0
1,1089,8713,0,0,132.072,0
1,1090,8721,0,0,181.428,0
1,1091,8729,0,0,191.249,0
1,1092,8737,0,0,169.47999999999999,0
1,1093,8745,0,0,173.352,0
1,1094,8753,0,0,123.23,0
1,1095,8761,0,0,173.48500000000001,0
1,1096,8769,0,0,209.84899999999999,0
1,1097,8777,0,0,144.535,0
1,1098,8785,0,0,180.143,0
1,1099,8793,0,0,184.00899999999999,0
1,1100,8801,0,0,152.078,0
1,1101,8809,0,0,179.97900000000001,0
1,1102,8817,0,0,193.86799999999999,0
1,1103,8825,0,0,205.53999999999999,0
1,1104,8833,0,0,176.66200000000001,0
1,1105,8841,0,0,175.441,0
1,1106,8849,0,0,192.86600000000001,0
1,1107,8857,0,0,193.31800000000001,0
1,1108,8865,0,0,168.59399999999999,0
1,1109,8873,0,0,189.99600000000001,0
1,1110,8881,0,0,193.15700000000001,0
1,1111,8889,0,0,175.738,0
1,1112,8897,0,0,167.00899999999999,0
1,1113,8905,0,0,184.99700000000001,0
1,1114,8913,0,0,176.26300000000001,0
1,1115,8921,0,0,151.44200000000001,0
1,1116,8929,0,0,182.39699999999999,0
1,1117,8937,0,0,162.845,0
1,1118,8945,0,0,195.34,0
1,1119,8953,0,0,175.24100000000001,0
1,1120,8961,0,0,184.44900000000001,0
1,1121,8969,0,0,181.25,0
1,1122,8977,0,0,160.59399999999999,0
1,1123,8985,0,0,144.977,0
1,1124,8993,0,0,193.71600000000001,0
1,1125,9001,0,0,182.21000000000001,0
1,1126,9009,0,0,140.471,0
1,1127,9017,0,0,189.06999999999999,0
1,1128,9025,0,0,182.66999999999999,0
1,1129,9033,0,0,158.702,0
1,1130,9041,0,0,168.137,0
1,1131,9049,0,0,179.52000000000001,0
1,1132,9057,0,0,169.83000000000001,0
1,1133,9065,0,0,150.66800000000001,0
1,1134,9073,0,0,164.881,0
1,1135,9081,0,0,181.48500000000001,0
1,1136,9089,0,0,171.684,0
1,1137,9097,0,0,166.99700000000001,0
1,1138,9105,0,0,177.63300000000001,0
1,1139,9113,0,0,175.14699999999999,0
1,1140,9121,0,0,173.816,0
1,1141,9129,0,0,188.56,0
1,1142,9137,0,0,194.977,0
1,1143,9145,0,0,190.005,0
1,1144,9153,0,0,170.43199999999999,0
1,1145,9161,0,0,193.01900000000001,0
1,1146,9169,0,0,166.27600000000001,0
1,1147,9177,0,0,133.101,0
1,1148,9185,0,0,137.541,0
1,1149,9193,0,0,176.828,0
1,1150,9201,0,0,184.82400000000001,0
1,1151,9209,0,0,154.505,0
1,1152,9217,0,0,144.66,0
1,1153,9225,0,0,139.446,0
1,1154,9233,0,0,178.53399999999999,0
1,1155,9241,0,0,188.465,0
1,1156,9249,0,0,189.012,0
1,1157,9257,0,0,141.34100000000001,0
1,1158,9265,0,0,168.77099999999999,0
1,1159,9273,0,0,195.601,0
1,1160,9281,0,0,187.637,0
1,1161,9289,0,0,170.495,0
1,1162,9297,0,0,173.34200000000001,0
1,1163,9305,0,0,146.69900000000001,0
1,1164,9313,0,0,182.20500000000001,0
1,1165,9321,0,0,142.47399999999999,0
1,1166,9329,0,0,179.91300000000001,0
1,1167,9337,0,0,158.17699999999999,0
1,1168,9345,0,0,161.99100000000001,0
1,1169,9353,0,0,177.37700000000001,0
1,1170,9361,0,0,178.42500000000001,0
1,1171,9369,0,0,209.21700000000001,0
1,1172,9377,0,0,141.726,0
1,1173,9385,0,0,159.494,0
1,1174,9393,0,0,173.62899999999999,0
1,1175,9401,0,0,174.441,0
1,1176,9409,0,0,182.309,0
1,1177,9417,0,0,162.61199999999999,0
1,1178,9425,0,0,152.298,0
1,1179,9433,0,0,173.00299999999999,0
1,1180,9441,0,0,205.78700000000001,0
1,1181,9449,0,0,173.458,0
1,1182,9457,0,0,188.072,0
1,1183,9465,0,0,181.886,0
1,1184,9473,0,0,192.435,0
1,1185,9481,0,0,173.619,0
1,1186,9489,0,0,182.05099999999999,0
1,1187,9497,0,0,168.10900000000001,0
1,1188,9505,0,0,177.02000000000001,0
1,1189,9513,0,0,155.46700000000001,0
1,1190,9521,0,0,197.029,0
1,1191,9529,0,0,175.56800000000001,0
1,1192,9537,0,0,209.49700000000001,0
1,1193,9545,0,0,174.46799999999999,0
1,1194,9553,0,0,133.01499999999999,0
1,1195,9561,0,0,168.44499999999999,0
1,1196,9569,0,0,194.57900000000001,0
1,1197,9577,0,0,189.32900000000001,0
1,1198,9585,0,0,171.64599999999999,0
1,1199,9593,0,0,180.489,0
1,1200,9601,0,0,170.80799999999999,0
1,1201,9609,0,0,167.935,0
1,1202,9617,0,0,173.77199999999999,0
1,1203,9625,0,0,180.74799999999999,0
1,1204,9633,0,0,189.00899999999999,0
1,1205,9641,0,0,184.209,0
1,1206,9649,0,0,141.24600000000001,0
1,1207,9657,0,0,163.73500000000001,0
1,1208,9665,0,0,148.92099999999999,0
1,1209,9673,0,0,146.27699999999999,0
1,1210,9681,0,0,117.33499999999999,0
1,1211,9689,0,0,182.268,0
1,1212,9697,0,0,174.72900000000001,0
1,1213,9705,0,0,212.50999999999999,0
1,1214,9713,0,0,147.375,0
1,1215,9721,0,0,164.798,0
1,1216,9729,0,0,149.84200000000001,0
1,1217,9737,0,0,161.131,0
1,1218,9745,0,0,173.57599999999999,0
1,1219,9753,0,0,179.839,0
1,1220,9761,0,0,184.684,0
1,1221,9769,0,0,184.28200000000001,0
1,1222,9777,0,0,172.62,0
1,1223,9785,0,0,186.56999999999999,0
1,1224,9793,0,0,178.68299999999999,0
1,1225,9801,0,0,174.95599999999999,0
1,1226,9809,0,0,175.99299999999999,0
1,1227,9817,0,0,183.55099999999999,0
1,1228,9825,0,0,223.52699999999999,0
1,1229,9833,0,0,180.631,0
1,1230,9841,0,0,200.74700000000001,0
1,1231,9849,0,0,191.03299999999999,0
1,1232,9857,0,0,181.44300000000001,0
1,1233,9865,0,0,184.637,0
1,1234,9873,0,0,195.98099999999999,0
1,1235,9881,0,0,195.91900000000001,0
1,1236,9889,0,0,212.85300000000001,0
1,1237,9897,0,0,132.41200000000001,0
1,1238,9905,0,0,127.79000000000001,0
1,1239,9913,0,0,214.13,0
1,1240,9921,0,0,176.685,0
1,1241,9929,0,0,186.13,0
1,1242,9937,0,0,186.34100000000001,0
1,1243,9945,0,0,193.65199999999999,0
1,1244,9953,0,0,179.38399999999999,0
1,1245,9961,0,0,175.89599999999999,0
1,1246,9969,0,0,172.571,0
1,1247,9977,0,0,153.41999999999999,0
1,1248,9985,0,0,185.74000000000001,0
1,1249,9993,0,0,197.44200000000001,0
1,1250,10001,0,0,178.441,0
1,1251,10009,0,0,185.28,0
1,1252,10017,0,0,164.51499999999999,0
1,1253,10025,0,0,162.798,0
1,1254,10033,0,0,177.53,0
1,1255,10041,0,0,178.23099999999999,0
1,1256,10049,0,0,172.17699999999999,0
1,1257,10057,0,0,161.477,0
1,1258,10065,0,0,184.70099999999999,0
1,1259,10073,0,0,148.02000000000001,0
1,1260,10081,0,0,134.68299999999999,0
1,1261,10089,0,0,123.087,0
1,1262,10097,0,0,156.78700000000001,0
1,1263,10105,0,0,196.48500000000001,0
1,1264,10113,0,0,192.494,0
1,1265,10121,0,0,209.83000000000001,0
1,1266,10129,0,0,180.53800000000001,0
1,1267,10137,0,0,170.51499999999999,0
1,1268,10145,0,0,188.13200000000001,0
1,1269,10153,0,0,173.44399999999999,0
1,1270,10161,0,0,204.91800000000001,0
1,1271,10169,0,0,155.429,0
1,1272,10177,0,0,201.49199999999999,0
1,1273,10185,0,0,181.94499999999999,0
1,1274,10193,0,0,173.30600000000001,0
1,1275,10201,0,0,195.44800000000001,0
1,1276,10209,0,0,193.43199999999999,0
1,1277,10217,0,0,194.458,0
1,1278,10225,0,0,159.28,0
1,1279,10233,0,0,149.52099999999999,0
1,1280,10241,0,0,144.887,0
1,1281,10249,0,0,188.923,0
1,1282,10257,0,0,166.88999999999999,0
1,1283,10265,0,0,165.34399999999999,0
1,1284,10273,0,0,178.18700000000001,0
1,1285,10281,0,0,179.05799999999999,0
1,1286,10289,0,0,171.16300000000001,0
1,1287,10297,0,0,189.93799999999999,0
1,1288,10305,0,0,198.22300000000001,0
1,1289,10313,0,0,144.404,0
1,1290,10321,0,0,189.34800000000001,0
1,1291,10329,0,0,174.357,0
1,1292,10337,0,0,157.75899999999999,0
1,1293,10345,0,0,165.84399999999999,0
1,1294,10353,0,0,152.63,0
1,1295,10361,0,0,197.369,0
1,1296,10369,0,0,187.86699999999999,0
1,1297,10377,0,0,178.92500000000001,0
1,1298,10385,0,0,152.78899999999999,0
1,1299,10393,0,0,135.131,0
1,1300,10401,0,0,183.72,0
1,1301,10409,0,0,183.708,0
1,1302,10417,0,0,200.761,0
1,1303,10425,0,0,178.41,0
1,1304,10433,0,0,117.017,0
1,1305,10441,0,0,163.88,0
1,1306,10449,0,0,147.369,0
1,1307,10457,0,0,157.22200000000001,0
1,1308,10465,0,0,155.435,0
1,1309,10473,0,0,163.95500000000001,0
1,1310,10481,0,0,181.541,0
1,1311,10489,0,0,183.40600000000001,0
1,1312,10497,0,0,165.29300000000001,0
1,1313,10505,0,0,120.85299999999999,0
1,1314,10513,0,0,191.84299999999999,0
1,1315,10521,0,0,167.08799999999999,0
1,1316,10529,0,0,153.553,0
1,1317,10537,0,0,184.58699999999999,0
1,1318,10545,0,0,153.63200000000001,0
1,1319,10553,0,0,165.21700000000001,0
1,1320,10561,0,0,185.101,0
1,1321,10569,0,0,170.12200000000001,0
1,1322,10577,0,0,140.203,0
1,1323,10585,0,0,187.04300000000001,0
1,1324,10593,0,0,149.58600000000001,0
1,1325,10601,0,0,175.88800000000001,0
1,1326,10609,0,0,196.58099999999999,0
1,1327,10617,0,0,153.13300000000001,0
1,1328,10625,0,0,134.221,0
1,1329,10633,0,0,181.37799999999999,0
1,1330,10641,0,0,169.03700000000001,0
1,1331,10649,0,0,186.28999999999999,0
1,1332,10657,0,0,180.649,0
1,1333,10665,0,0,167.75299999999999,0
1,1334,10673,0,0,163.423,0
1,1335,10681,0,0,178.113,0
1,1336,10689,0,0,137.803,0
1,1337,10697,0,0,192.184,0
1,1338,10705,0,0,166.166,0
1,1339,10713,0,0,171.16200000000001,0
1,1340,10721,0,0,160.00399999999999,0
1,1341,10729,0,0,196.45599999999999,0
1,1342,10737,0,0,180.315,0
1,1343,10745,0,0,162.994,0
1,1344,10753,0,0,189.571,0
1,1345,10761,0,0,181.446,0
1,1346,10769,0,0,194.749,0
1,1347,10777,0,0,209.24199999999999,0
1,1348,10785,0,0,181.71000000000001,0
1,1349,10793,0,0,183.518,0
1,1350,10801,0,0,200.78399999999999,0
1,1351,10809,0,0,161.298,0
1,1352,10817,0,0,180.578,0
1,1353,10825,0,0,188.834,0
1,1354,10833,0,0,171.947,0
1,1355,10841,0,0,185.30500000000001,0
1,1356,10849,0,0,183.435,0
1,1357,10857,0,0,186.03700000000001,0
1,1358,10865,0,0,131.227,0
1,1359,10873,0,0,189.13499999999999,0
1,1360,10881,0,0,192.27500000000001,0
1,1361,10889,0,0,181.917,0
1,1362,10897,0,0,187.41499999999999,0
1,1363,10905,0,0,190.648,0
1,1364,10913,0,0,172.40299999999999,0
1,1365,10921,0,0,168.988,0
1,1366,10929,0,0,168.74299999999999,0
1,1367,10937,0,0,143.93700000000001,0
1,1368,10945,0,0,152.66,0
1,1369,10953,0,0,160.72399999999999,0
1,1370,10961,0,0,187.08600000000001,0
1,1371,10969,0,0,193.35499999999999,0
1,1372,10977,0,0,152.411,0
1,1373,10985,0,0,153.54400000000001,0
1,1374,10993,0,0,124.77,0
1,1375,11001,0,0,174.048,0
1,1376,11009,0,0,166.11099999999999,0
1,1377,11017,0,0,149.87799999999999,0
1,1378,11025,0,0,175.74799999999999,0
1,1379,11033,0,0,173.09399999999999,0
1,1380,11041,0,0,181.53999999999999,0
1,1381,11049,0,0,162.65899999999999,0
1,1382,11057,0,0,186.45099999999999,0
1,1383,11065,0,0,185.96299999999999,0
1,1384,11073,0,0,184.726,0
1,1385,11081,0,0,147.364,0
1,1386,11089,0,0,183.172,0
1,1387,11097,0,0,165.71799999999999,0
1,1388,11105,0,0,165.40700000000001,0
1,1389,11113,0,0,169.68899999999999,0
1,1390,11121,0,0,145.399,0
1,1391,11129,0,0,182.32599999999999,0
1,1392,11137,0,0,190.27799999999999,0
1,1393,11145,0,0,159.928,0
1,1394,11153,0,0,163.255,0
1,1395,11161,0,0,151.447,0
1,1396,11169,0,0,155.30799999999999,0
1,1397,11177,0,0,186.471,0
1,1398,11185,0,0,185.84200000000001,0
1,1399,11193,0,0,177.292,0
1,1400,11201,0,0,174.136,0
1,1401,11209,0,0,158.45099999999999,0
1,1402,11217,0,0,169.18799999999999,0
1,1403,11225,0,0,158.96899999999999,0
1,1404,11233,0,0,173.803,0
1,1405,11241,0,0,179.10599999999999,0
1,1406,11249,0,0,166.179,0
1,1407,11257,0,0,119.148,0
1,1408,11265,0,0,171.917,0
1,1409,11273,0,0,172.31399999999999,0
1,1410,11281,0,0,140.01499999999999,0
1,1411,11289,0,0,141.90100000000001,0
1,1412,11297,0,0,152.49799999999999,0
1,1413,11305,0,0,175.80099999999999,0
1,1414,11313,0,0,148.55099999999999,0
1,1415,11321,0,0,193.71000000000001,0
1,1416,11329,0,0,183.518,0
1,1417,11337,0,0,182.762,0
1,1418,11345,0,0,195.92400000000001,0
1,1419,11353,0,0,210.88900000000001,0
1,1420,11361,0,0,173.83500000000001,0
1,1421,11369,0,0,191.54499999999999,0
1,1422,11377,0,0,166.43799999999999,0
1,1423,11385,0,0,207.48500000000001,0
1,1424,11393,0,0,176.81200000000001,0
1,1425,11401,0,0,173.934,0
1,1426,11409,0,0,173.97999999999999,0
1,1427,11417,0,0,161.09999999999999,0
1,1428,11425,0,0,194.642,0
1,1429,11433,0,0,175.99100000000001,0
1,1430,11441,0,0,177.559,0
1,1431,11449,0,0,159.905,0
1,1432,11457,0,0,175.214,0
1,1433,11465,0,0,155.56899999999999,0
1,1434,11473,0,0,229.45500000000001,0
1,1435,11481,0,0,190.048,0
1,1436,11489,0,0,149.852,0
1,1437,11497,0,0,191.16499999999999,0
1,1438,11505,0,0,189.571,0
1,1439,11513,0,0,191.41999999999999,0
1,1440,11521,0,0,141.10300000000001,0
1,1441,11529,0,0,166.74100000000001,0
1,1442,11537,0,0,198.845,0
1,1443,11545,0,0,183.42599999999999,0
1,1444,11553,0,0,194.30099999999999,0
1,1445,11561,0,0,119.069,0
1,1446,11569,0,0,171.83000000000001,0
1,1447,11577,0,0,228.119,0
1,1448,11585,0,0,166.21899999999999,0
1,1449,11593,0,0,195.40600000000001,0
1,1450,11601,0,0,163.941,0
1,1451,11609,0,0,193.56899999999999,0
1,1452,11617,0,0,207.02099999999999,0
1,1453,11625,0,0,199.81899999999999,0
1,1454,11633,0,0,204.88499999999999,0
1,1455,11641,0,0,135.76599999999999,0
1,1456,11649,0,0,184.08099999999999,0
1,1457,11657,0,0,195.34999999999999,0
1,1458,11665,0,0,173.922,0
1,1459,11673,0,0,156.637,0
1,1460,11681,0,0,133.119,0
1,1461,11689,0,0,214.45099999999999,0
1,1462,11697,0,0,173.22300000000001,0
1,1463,11705,0,0,185.37100000000001,0
1,1464,11713,0,0,192.947,0
1,1465,11721,0,0,169.483,0
1,1466,11729,0,0,173.52500000000001,0
1,1467,11737,0,0,195.84999999999999,0
1,1468,11745,0,0,198.67500000000001,0
1,1469,11753,0,0,177.245,0
1,1470,11761,0,0,179.14599999999999,0
1,1471,11769,0,0,197.92699999999999,0
1,1472,11777,0,0,179.72399999999999,0
1,1473,11785,0,0,184.27000000000001,0
1,1474,11793,0,0,197.25399999999999,0
1,1475,11801,0,0,182.19900000000001,0
1,1476,11809,0,0,197.458,0
1,1477,11817,0,0,173.48599999999999,0
1,1478,11825,0,0,181.303,0
1,1479,11833,0,0,157.024,0
1,1480,11841,0,0,160.87700000000001,0
1,1481,11849,0,0,133.54900000000001,0
1,1482,11857,0,0,191.00800000000001,0
1,1483,11865,0,0,176.90799999999999,0
1,1484,11873,0,0,200.08000000000001,0
1,1485,11881,0,0,165.87299999999999,0
1,1486,11889,0,0,173.69999999999999,0
1,1487,11897,0,0,179.36199999999999,0
1,1488,11905,0,0,186.05099999999999,0
1,1489,11913,0,0,190.16,0
1,1490,11921,0,0,183.86799999999999,0
1,1491,11929,0,0,153.72800000000001,0
1,1492,11937,0,0,208.959,0
1,1493,11945,0,0,188.357,0
1,1494,11953,0,0,159.47900000000001,0
1,1495,11961,0,0,194.03,0
1,1496,11969,0,0,131.41,0
1,1497,11977,0,0,196.559,0
1,1498,11985,0,0,170.75899999999999,0
1,1499,11993,0,0,186.523,0
1,1500,12001,0,0,135.465,0
1,1501,12009,0,0,167.49000000000001,0
1,1502,12017,0,0,180.429,0
1,1503,12025,0,0,178.75200000000001,0
1,1504,12033,0,0,189.34999999999999,0
1,1505,12041,0,0,175.56899999999999,0
1,1506,12049,0,0,170.614,0
1,1507,12057,0,0,156.643,0
1,1508,12065,0,0,170.72499999999999,0
1,1509,12073,0,0,207.06800000000001,0
1,1510,12081,0,0,189.59899999999999,0
1,1511,12089,0,0,166.18100000000001,0
1,1512,12097,0,0,195.30000000000001,0
1,1513,12105,0,0,184.88200000000001,0
1,1514,12113,0,0,140.96700000000001,0
1,1515,12121,0,0,183.464,0
1,1516,12129,0,0,189.952,0
1,1517,12137,0,0,160.029,0
1,1518,12145,0,0,174.85900000000001,0
1,1519,12153,0,0,222.14699999999999,0
1,1520,12161,0,0,192.76900000000001,0
1,1521,12169,0,0,166.59700000000001,0
1,1522,12177,0,0,178.42500000000001,0
1,1523,12185,0,0,173.35499999999999,0
1,1524,12193,0,0,181.886,0
1,1525,12201,0,0,162.607,0
1,1526,12209,0,0,205.81,0
1,1527,12217,0,0,187.75999999999999,0
1,1528,12225,0,0,168.006,0
1,1529,12233,0,0,160.56800000000001,0
1,1530,12241,0,0,187.19800000000001,0
1,1531,12249,0,0,185.05600000000001,0
1,1532,12257,0,0,198.65899999999999,0
1,1533,12265,0,0,184.80199999999999,0
1,1534,12273,0,0,158.316,0
1,1535,12281,0,0,186.56800000000001,0
1,1536,12289,0,0,129.80600000000001,0
1,1537,12297,0,0,180.34,0
1,1538,12305,0,0,151.108,0
1,1539,12313,0,0,165.691,0
1,1540,12321,0,0,186.892,0
1,1541,12329,0,0,194.74299999999999,0
1,1542,12337,0,0,191.67500000000001,0
1,1543,12345,0,0,171.69800000000001,0
1,1544,12353,0,0,176.40600000000001,0
1,1545,12361,0,0,177.489,0
1,1546,12369,0,0,176.351,0
1,1547,12377,0,0,204.874,0
1,1548,12385,0,0,176.923,0
1,1549,12393,0,0,194.726,0
1,1550,12401,0,0,180.006,0
1,1551,12409,0,0,184.76499999999999,0
1,1552,12417,0,0,176.48699999999999,0
1,1553,12425,0,0,175.869,0
1,1554,12433,0,0,194.322,0
1,1555,12441,0,0,140.548,0
1,1556,12449,0,0,183.90799999999999,0
1,1557,12457,0,0,167.81,0
1,1558,12465,0,0,170.964,0
1,1559,12473,0,0,170.39599999999999,0
1,1560,12481,0,0,174.19200000000001,0
1,1561,12489,0,0,190.005,0
1,1562,12497,0,0,185.40100000000001,0
1,1563,12505,0,0,191.25899999999999,0
1,1564,12513,0,0,179.983,0
1,1565,12521,0,0,174.976,0
1,1566,12529,0,0,166.30500000000001,0
1,1567,12537,0,0,180.96299999999999,0
1,1568,12545,0,0,148.744,0
1,1569,12553,0,0,187.131,0
1,1570,12561,0,0,187.977,0
1,1571,12569,0,0,187.93100000000001,0
1,1572,12577,0,0,170.64099999999999,0
1,1573,12585,0,0,189.28200000000001,0
1,1574,12593,0,0,184.44300000000001,0
1,1575,12601,0,0,163.09899999999999,0
1,1576,12609,0,0,227.55000000000001,0
1,1577,12617,0,0,186.95500000000001,0
1,1578,12625,0,0,205.58600000000001,0
1,1579,12633,0,0,149.37799999999999,0
1,1580,12641,0,0,193.095,0
1,1581,12649,0,0,167.279,0
1,1582,12657,0,0,176.691,0
1,1583,12665,0,0,163.60499999999999,0
1,1584,12673,0,0,197.221,0
1,1585,12681,0,0,181.60599999999999,0
1,1586,12689,0,0,183.32599999999999,0
1,1587,12697,0,0,152.863,0
1,1588,12705,0,0,163.90299999999999,0
1,1589,12713,0,0,190.84800000000001,0
1,1590,12721,0,0,145.53299999999999,0
1,1591,12729,0,0,169.10400000000001,0
1,1592,12737,0,0,168.08500000000001,0
1,1593,12745,0,0,195.75,0
1,1594,12753,0,0,144.679,0
1,1595,12761,0,0,188.94300000000001,0
1,1596,12769,0,0,192.27199999999999,0
1,1597,12777,0,0,190.69900000000001,0
1,1598,12785,0,0,169.55199999999999,0
1,1599,12793,0,0,160.86799999999999,0
1,1600,12801,0,0,179.92599999999999,0
1,1601,12809,0,0,183.49299999999999,0
1,1602,12817,0,0,141.77500000000001,0
1,1603,12825,0,0,181.041,0
1,1604,12833,0,0,167.35599999999999,0
1,1605,12841,0,0,157.292,0
1,1606,12849,0,0,181.49199999999999,0
1,1607,12857,0,0,173.29900000000001,0
1,1608,12865,0,0,121.334,0
1,1609,12873,0,0,192.74000000000001,0
1,1610,12881,0,0,185.69200000000001,0
1,1611,12889,0,0,174.81100000000001,0
1,1612,12897,0,0,164.66,0
1,1613,12905,0,0,181.93199999999999,0
1,1614,12913,0,0,120.336,0
1,1615,12921,0,0,140.37,0
1,1616,12929,0,0,188.42500000000001,0
1,1617,12937,0,0,149.875,0
1,1618,12945,0,0,156.60400000000001,0
1,1619,12953,0,0,175.91,0
1,1620,12961,0,0,167.18600000000001,0
1,1621,12969,0,0,195.02099999999999,0
1,1622,12977,0,0,186.459,0
1,1623,12985,0,0,195.137,0
1,1624,12993,0,0,169.19900000000001,0
1,1625,13001,0,0,198.37700000000001,0
1,1626,13009,0,0,170.22800000000001,0
1,1627,13017,0,0,182.798,0
1,1628,13025,0,0,195.65100000000001,0
1,1629,13033,0,0,143.87799999999999,0
1,1630,13041,0,0,183.417,0
1,1631,13049,0,0,181.05799999999999,0
1,1632,13057,0,0,195.75,0
1,1633,13065,0,0,166.649,0
1,1634,13073,0,0,189.54300000000001,0
1,1635,13081,0,0,187.55000000000001,0
1,1636,13089,0,0,174.84200000000001,0
1,1637,13097,0,0,187.00800000000001,0
1,1638,13105,0,0,160.636,0
1,1639,13113,0,0,189.672,0
1,1640,13121,0,0,183.65700000000001,0
1,1641,13129,0,0,175.52199999999999,0
1,1642,13137,0,0,201.81,0
1,1643,13145,0,0,192.714,0
1,1644,13153,0,0,154.553,0
1,1645,13161,0,0,157.18799999999999,0
1,1646,13169,0,0,149.69999999999999,0
1,1647,13177,0,0,193.95400000000001,0
1,1648,13185,0,0,208.143,0
1,1649,13193,0,0,186.499,0
1,1650,13201,0,0,150.21299999999999,0
1,1651,13209,0,0,179.14599999999999,0
1,1652,13217,0,0,187.63300000000001,0
1,1653,13225,0,0,161.53700000000001,0
1,1654,13233,0,0,189.68799999999999,0
1,1655,13241,0,0,188.39400000000001,0
1,1656,13249,0,0,153.77500000000001,0
1,1657,13257,0,0,182.827,0
1,1658,13265,0,0,160.065,0
1,1659,13273,0,0,187.07400000000001,0
1,1660,13281,0,0,146.339,0
1,1661,13289,0,0,170.35499999999999,0
1,1662,13297,0,0,193.10499999999999,0
1,1663,13305,0,0,190.50899999999999,0
1,1664,13313,0,0,176.85900000000001,0
1,1665,13321,0,0,132.93199999999999,0
1,1666,13329,0,0,230.13900000000001,0
1,1667,13337,0,0,185.56100000000001,0
1,1668,13345,0,0,164.40000000000001,0
1,1669,13353,0,0,172.131,0
1,1670,13361,0,0,170.38399999999999,0
1,1671,13369,0,0,196.24600000000001,0
1,1672,13377,0,0,174.83099999999999,0
1,1673,13385,0,0,139.83799999999999,0
1,1674,13393,0,0,164.62100000000001,0
1,1675,13401,0,0,176.09299999999999,0
1,1676,13409,0,0,190.41999999999999,0
1,1677,13417,0,0,179.83199999999999,0
1,1678,13425,0,0,194.57400000000001,0
1,1679,13433,0,0,164.547,0
1,1680,13441,0,0,189.94300000000001,0
1,1681,13449,0,0,182.97800000000001,0
1,1682,13457,0,0,165.483,0
1,1683,13465,0,0,182.327,0
1,1684,13473,0,0,184.88,0
1,1685,13481,0,0,129.30500000000001,0
1,1686,13489,0,0,191.68899999999999,0
1,1687,13497,0,0,188.44300000000001,0
1,1688,13505,0,0,218.70099999999999,0
1,1689,13513,0,0,194.83000000000001,0
1,1690,13521,0,0,155.15600000000001,0
1,1691,13529,0,0,181.911,0
1,1692,13537,0,0,181.81700000000001,0
1,1693,13545,0,0,145.197,0
1,1694,13553,0,0,182.27199999999999,0
1,1695,13561,0,0,186.74299999999999,0
1,1696,13569,0,0,194.04900000000001,0
1,1697,13577,0,0,175.42500000000001,0
1,1698,13585,0,0,194.58099999999999,0
1,1699,13593,0,0,161.89500000000001,0
1,1700,13601,0,0,139.36500000000001,0
1,1701,13609,0,0,164.75200000000001,0
1,1702,13617,0,0,150.65199999999999,0
1,1703,13625,0,0,167.92699999999999,0
1,1704,13633,0,0,181.523,0
1,1705,13641,0,0,187.702,0
1,1706,13649,0,0,159.673,0
1,1707,13657,0,0,138.27000000000001,0
1,1708,13665,0,0,208.68199999999999,0
1,1709,13673,0,0,188.77799999999999,0
1,1710,13681,0,0,150.69200000000001,0
1,1711,13689,0,0,148.517,0
1,1712,13697,0,0,160.72,0
1,1713,13705,0,0,179.881,0
1,1714,13713,0,0,177.13399999999999,0
1,1715,13721,0,0,143.75999999999999,0
1,1716,13729,0,0,188.86600000000001,0
1,1717,13737,0,0,164.97900000000001,0
1,1718,13745,0,0,177.15799999999999,0
1,1719,13753,0,0,162.47900000000001,0
1,1720,13761,0,0,202.322,0
1,1721,13769,0,0,162.67699999999999,0
1,1722,13777,0,0,162.374,0
1,1723,13785,0,0,131.88300000000001,0
1,1724,13793,0,0,176.51300000000001,0
1,1725,13801,0,0,175.59299999999999,0
1,1726,13809,0,0,190.63399999999999,0
1,1727,13817,0,0,195.71799999999999,0
1,1728,13825,0,0,146.15100000000001,0
1,1729,13833,0,0,179.554,0
1,1730,13841,0,0,140.99000000000001,0
1,1731,13849,0,0,196.786,0
1,1732,13857,0,0,152.798,0
1,1733,13865,0,0,174.83500000000001,0
1,1734,13873,0,0,161.62799999999999,0
1,1735,13881,0,0,181.02500000000001,0
1,1736,13889,0,0,140.44300000000001,0
1,1737,13897,0,0,198.161,0
1,1738,13905,0,0,177.87,0
1,1739,13913,0,0,161.61600000000001,0
1,1740,13921,0,0,198.04900000000001,0
1,1741,13929,0,0,165.70099999999999,0
1,1742,13937,0,0,152.77500000000001,0
1,1743,13945,0,0,215.917,0
1,1744,13953,0,0,195.446,0
1,1745,13961,0,0,180.58699999999999,0
1,1746,13969,0,0,205.50999999999999,0
1,1747,13977,0,0,166.49000000000001,0
1,1748,13985,0,0,147.28999999999999,0
1,1749,13993,0,0,185,0
1,1750,14001,0,0,190.99799999999999,0
1,1751,14009,0,0,177.13,0
1,1752,14017,0,0,160.971,0
1,1753,14025,0,0,191.23500000000001,0
1,1754,14033,0,0,138.81399999999999,0
1,1755,14041,0,0,184.88999999999999,0
1,1756,14049,0,0,148.94900000000001,0
1,1757,14057,0,0,193.554,0
1,1758,14065,0,0,174.435,0
1,1759,14073,0,0,174.352,0
1,1760,14081,0,0,198.18299999999999,0
1,1761,14089,0,0,179.52000000000001,0
1,1762,14097,0,0,207.971,0
1,1763,14105,0,0,142.542,0
1,1764,14113,0,0,181.05799999999999,0
1,1765,14121,0,0,191.18899999999999,0
1,1766,14129,0,0,181.845,0
1,1767,14137,0,0,160.77199999999999,0
1,1768,14145,0,0,178.893,0
1,1769,14153,0,0,202.68899999999999,0
1,1770,14161,0,0,158.03100000000001,0
1,1771,14169,0,0,187.27699999999999,0
1,1772,14177,0,0,148.97,0
1,1773,14185,0,0,219.542,0
1,1774,14193,0,0,107.893,0
1,1775,14201,0,0,192.51400000000001,0
1,1776,14209,0,0,179.03399999999999,0
1,1777,14217,0,0,148.38999999999999,0
1,1778,14225,0,0,166.489,0
1,1779,14233,0,0,146.75800000000001,0
1,1780,14241,0,0,215.78899999999999,0
1,1781,14249,0,0,193.797,0
1,1782,1,1,0,191.90100000000001,0
1,1783,9,1,0,164.25800000000001,0
1,1784,17,1,0,171.82499999999999,0
1,1785,25,1,0,175.34,0
1,1786,33,1,0,171.571,0
1,1787,41,1,0,155.37700000000001,0
1,1788,49,1,0,140.93100000000001,0
1,1789,57,1,0,161.703,0
1,1790,65,1,0,179.94499999999999,0
1,1791,73,1,0,164.26599999999999,0
1,1792,81,1,0,191.26300000000001,0
1,1793,89,1,0,196.91300000000001,0
1,1794,97,1,0,201.19900000000001,0
1,1795,105,1,0,187.767,0
1,1796,113,1,0,142.22800000000001,0
1,1797,121,1,0,205.333,0
1,1798,129,1,0,192.84399999999999,0
1,1799,137,1,0,137.35499999999999,0
1,1800,145,1,0,147.631,0
1,1801,153,1,0,182.654,0
1,1802,161,1,0,182.79599999999999,0
1,1803,169,1,0,191.096,0
1,1804,177,1,0,170.91399999999999,0
1,1805,185,1,0,164.94999999999999,0
1,1806,193,1,0,141.16,0
1,1807,201,1,0,143.49100000000001,0
1,1808,209,1,0,187.30699999999999,0
1,1809,217,1,0,180.12100000000001,0
1,1810,225,1,0,182.51400000000001,0
1,1811,233,1,0,184.34800000000001,0
1,1812,241,1,0,124.129,0
1,1813,249,1,0,166.13900000000001,0
1,1814,257,1,0,177.608,0
1,1815,265,1,0,185.55199999999999,0
1,1816,273,1,0,157.35900000000001,0
1,1817,281,1,0,200.346,0
1,1818,289,1,0,178.61199999999999,0
1,1819,297,1,0,189.85400000000001,0
1,1820,305,1,0,188.41900000000001,0
1,1821,313,1,0,142.29400000000001,0
1,1822,321,1,0,219.387,0
1,1823,329,1,0,179.721,0
1,1824,337,1,0,186.59800000000001,0
1,1825,345,1,0,169.309,0
1,1826,353,1,0,183.995,0
1,1827,361,1,0,196.99199999999999,0
1,1828,369,1,0,199.97399999999999,0
1,1829,377,1,0,155.011,0
1,1830,385,1,0,190.47200000000001,0
1,1831,393,1,0,177.578,0
1,1832,401,1,0,162.953,0
1,1833,409,1,0,142.11799999999999,0
1,1834,417,1,0,162.36699999999999,0
1,1835,425,1,0,161.208,0
1,1836,433,1,0,183.84800000000001,0
1,1837,441,1,0,173.32400000000001,0
1,1838,449,1,0,150.23099999999999,0
1,1839,457,1,0,185.703,0
1,1840,465,1,0,138.48599999999999,0
1,1841,473,1,0,179.93199999999999,0
1,1842,481,1,0,196.44,0
1,1843,489,1,0,185.501,0
1,1844,497,1,0,191.422,0
1,1845,505,1,0,181.654,0
1,1846,513,1,0,171.18899999999999,0
1,1847,521,1,0,164.67599999999999,0
1,1848,529,1,0,167.54499999999999,0
1,1849,537,1,0,180.13499999999999,0
1,1850,545,1,0,165.22900000000001,0
1,1851,553,1,0,163.708,0
1,1852,561,1,0,183.315,0
1,1853,569,1,0,174.32400000000001,0
1,1854,577,1,0,189.124,0
1,1855,585,1,0,192.571,0
1,1856,593,1,0,175.56899999999999,0
1,1857,601,1,0,182.84899999999999,0
1,1858,609,1,0,205.74799999999999,0
1,1859,617,1,0,172.65000000000001,0
1,1860,625,1,0,151.88499999999999,0
1,1861,633,1,0,135.262,0
1,1862,641,1,0,187.255,0
1,1863,649,1,0,146.762,0
1,1864,657,1,0,134.857,0
1,1865,665,1,0,118.203,0
1,1866,673,1,0,173.11699999999999,0
1,1867,681,1,0,201.13300000000001,0
1,1868,689,1,0,168.84200000000001,0
1,1869,697,1,0,174.96299999999999,0
1,1870,705,1,0,192.881,0
1,1871,713,1,0,169.01599999999999,0
1,1872,721,1,0,167.75200000000001,0
1,1873,729,1,0,177.04400000000001,0
1,1874,737,1,0,154.88999999999999,0
1,1875,745,1,0,193.73400000000001,0
1,1876,753,1,0,132.184,0
1,1877,761,1,0,194.11799999999999,0
1,1878,769,1,0,160.56800000000001,0
1,1879,777,1,0,142.28200000000001,0
1,1880,785,1,0,178.51900000000001,0
1,1881,793,1,0,205.05600000000001,0
1,1882,801,1,0,180.80500000000001,0
1,1883,809,1,0,203.43600000000001,0
1,1884,817,1,0,156.83099999999999,0
1,1885,825,1,0,185.25399999999999,0
1,1886,833,1,0,184.255,0
1,1887,841,1,0,196.43799999999999,0
1,1888,849,1,0,179.239,0
1,1889,857,1,0,160.34200000000001,0
1,1890,865,1,0,176.553,0
1,1891,873,1,0,133.21299999999999,0
1,1892,881,1,0,171.75899999999999,0
1,1893,889,1,0,162.80099999999999,0
1,1894,897,1,0,142.31800000000001,0
1,1895,905,1,0,166.78800000000001,0
1,1896,913,1,0,126.27800000000001,0
1,1897,921,1,0,210.14599999999999,0
1,1898,929,1,0,198.66800000000001,0
1,1899,937,1,0,166.04300000000001,0
1,1900,945,1,0,154.107,0
1,1901,953,1,0,167.46100000000001,0
1,1902,961,1,0,165.15700000000001,0
1,1903,969,1,0,206.07499999999999,0
1,1904,977,1,0,143.80099999999999,0
1,1905,985,1,0,179.732,0
1,1906,993,1,0,158.554,0
1,1907,1001,1,0,194.14500000000001,0
1,1908,1009,1,0,198.78700000000001,0
1,1909,1017,1,0,193.95099999999999,0
1,1910,1025,1,0,165.00700000000001,0
1,1911,1033,1,0,193.53,0
1,1912,1041,1,0,188.166,0
1,1913,1049,1,0,180.31800000000001,0
1,1914,1057,1,0,164.75800000000001,0
1,1915,1065,1,0,144.19900000000001,0
1,1916,1073,1,0,149.17699999999999,0
1,1917,1081,1,0,171.55099999999999,0
1,1918,1089,1,0,179.17500000000001,0
1,1919,1097,1,0,170.80500000000001,0
1,1920,1105,1,0,157.31100000000001,0
1,1921,1113,1,0,205.97200000000001,0
1,1922,1121,1,0,173.393,0
1,1923,1129,1,0,172.696,0
1,1924,1137,1,0,170.18600000000001,0
1,1925,1145,1,0,150.44300000000001,0
1,1926,1153,1,0,189.09700000000001,0
1,1927,1161,1,0,192.215,0
1,1928,1169,1,0,183.09999999999999,0
1,1929,1177,1,0,145.143,0
1,1930,1185,1,0,181.33199999999999,0
1,1931,1193,1,0,172.583,0
1,1932,1201,1,0,176.21899999999999,0
1,1933,1209,1,0,175.816,0
1,1934,1217,1,0,164.626,0
1,1935,1225,1,0,183.60499999999999,0
1,1936,1233,1,0,196.45599999999999,0
1,1937,1241,1,0,188.17099999999999,0
1,1938,1249,1,0,139.62,0
1,1939,1257,1,0,182.804,0
1,1940,1265,1,0,170.102,0
1,1941,1273,1,0,149.691,0
1,1942,1281,1,0,204.56200000000001,0
1,1943,1289,1,0,166.833,0
1,1944,1297,1,0,172.91399999999999,0
1,1945,1305,1,0,142.88399999999999,0
1,1946,1313,1,0,165.86199999999999,0
1,1947,1321,1,0,189.02000000000001,0
1,1948,1329,1,0,155.55099999999999,0
1,1949,1337,1,0,170.56200000000001,0
1,1950,1345,1,0,182.69,0
1,1951,1353,1,0,183.24299999999999,0
1,1952,1361,1,0,205.76499999999999,0
1,1953,1369,1,0,173.471,0
1,1954,1377,1,0,200.46299999999999,0
1,1955,1385,1,0,136.09,0
1,1956,1393,1,0,126.146,0
1,1957,1401,1,0,156.798,0
1,1958,1409,1,0,168.06299999999999,0
1,1959,1417,1,0,156.923,0
1,1960,1425,1,0,175.732,0
1,1961,1433,1,0,147.494,0
1,1962,1441,1,0,183.98599999999999,0
1,1963,1449,1,0,186.304,0
1,1964,1457,1,0,169.07900000000001,0
1,1965,1465,1,0,184.84299999999999,0
1,1966,1473,1,0,189.952,0
1,1967,1481,1,0,195.755,0
1,1968,1489,1,0,198.273,0
1,1969,1497,1,0,183.67599999999999,0
1,1970,1505,1,0,206.36600000000001,0
1,1971,1513,1,0,175.35400000000001,0
1,1972,1521,1,0,194.36799999999999,0
1,1973,1529,1,0,146.18000000000001,0
1,1974,1537,1,0,144.286,0
1,1975,1545,1,0,166.55799999999999,0
1,1976,1553,1,0,135.22800000000001,0
1,1977,1561,1,0,123.32299999999999,0
1,1978,1569,1,0,189.47499999999999,0
1,1979,1577,1,0,187.46799999999999,0
1,1980,1585,1,0,192.47200000000001,0
1,1981,1593,1,0,149.30199999999999,0
1,1982,1601,1,0,210.59999999999999,0
1,1983,1609,1,0,194.38999999999999,0
1,1984,1617,1,0,196.87799999999999,0
1,1985,1625,1,0,174.16800000000001,0
1,1986,1633,1,0,165.166,0
1,1987,1641,1,0,193.904,0
1,1988,1649,1,0,157.50399999999999,0
1,1989,1657,1,0,166.608,0
1,1990,1665,1,0,177.989,0
1,1991,1673,1,0,164.44399999999999,0
1,1992,1681,1,0,122.352,0
1,1993,1689,1,0,174.66300000000001,0
1,1994,1697,1,0,187.55799999999999,0
1,1995,1705,1,0,169.22300000000001,0
1,1996,1713,1,0,197.64599999999999,0
1,1997,1721,1,0,187.095,0
1,1998,1729,1,0,184.03299999999999,0
1,1999,1737,1,0,175.465,0
1,2000,1745,1,0,194.47999999999999,0
1,2001,1753,1,0,164.87200000000001,0
1,2002,1761,1,0,150.935,0
1,2003,1769,1,0,156.08099999999999,0
1,2004,1777,1,0,177.68299999999999,0
1,2005,1785,1,0,179.27699999999999,0
1,2006,1793,1,0,133.989,0
1,2007,1801,1,0,189.887,0
1,2008,1809,1,0,171.34700000000001,0
1,2009,1817,1,0,181.78999999999999,0
1,2010,1825,1,0,144.18899999999999,0
1,2011,1833,1,0,182.46299999999999,0
1,2012,1841,1,0,213.33199999999999,0
1,2013,1849,1,0,170.26499999999999,0
1,2014,1857,1,0,181.89500000000001,0
1,2015,1865,1,0,204.78899999999999,0
1,2016,1873,1,0,174.779,0
1,2017,1881,1,0,138.91300000000001,0
1,2018,1889,1,0,174.892,0
1,2019,1897,1,0,185.22999999999999,0
1,2020,1905,1,0,185.58500000000001,0
1,2021,1913,1,0,184.66900000000001,0
1,2022,1921,1,0,165.44399999999999,0
1,2023,1929,1,0,171.71899999999999,0
1,2024,1937,1,0,185.16999999999999,0
1,2025,1945,1,0,171.49600000000001,0
1,2026,1953,1,0,186.81,0
1,2027,1961,1,0,226.721,0
1,2028,1969,1,0,193.26900000000001,0
1,2029,1977,1,0,175.52600000000001,0
1,2030,1985,1,0,181.27199999999999,0
1,2031,1993,1,0,206.86199999999999,0
1,2032,2001,1,0,191.08099999999999,0
1,2033,2009,1,0,155.83699999999999,0
1,2034,2017,1,0,187.94900000000001,0
1,2035,2025,1,0,154.905,0
1,2036,2033,1,0,136.28,0
1,2037,2041,1,0,181.42599999999999,0
1,2038,2049,1,0,159.42500000000001,0
1,2039,2057,1,0,173.78700000000001,0
1,2040,2065,1,0,197.52099999999999,0
1,2041,2073,1,0,187.72,0
1,2042,2081,1,0,175.691,0
1,2043,2089,1,0,182.88999999999999,0
1,2044,2097,1,0,165.417,0
1,2045,2105,1,0,181.626,0
1,2046,2113,1,0,176.34200000000001,0
1,2047,2121,1,0,189.98699999999999,0
1,2048,2129,1,0,211.262,0
1,2049,2137,1,0,185.101,0
1,2050,2145,1,0,190.75399999999999,0
1,2051,2153,1,0,200.43199999999999,0
1,2052,2161,1,0,119.518,0
1,2053,2169,1,0,201.78399999999999,0
1,2054,2177,1,0,179.173,0
1,2055,2185,1,0,194.00899999999999,0
1,2056,2193,1,0,176.958,0
1,2057,2201,1,0,160.148,0
1,2058,2209,1,0,189.53700000000001,0
1,2059,2217,1,0,127.56999999999999,0
1,2060,2225,1,0,163.63499999999999,0
1,2061,2233,1,0,189.571,0
1,2062,2241,1,0,177.614,0
1,2063,2249,1,0,199.63,0
1,2064,2257,1,0,199.26599999999999,0
1,2065,2265,1,0,160.303,0
1,2066,2273,1,0,193.74700000000001,0
1,2067,2281,1,0,183.88499999999999,0
1,2068,2289,1,0,198.892,0
1,2069,2297,1,0,183.083,0
1,2070,2305,1,0,193.25299999999999,0
1,2071,2313,1,0,179.36799999999999,0
1,2072,2321,1,0,166.67500000000001,0
1,2073,2329,1,0,165.309,0
1,2074,2337,1,0,189.81100000000001,0
1,2075,2345,1,0,158.994,0
1,2076,2353,1,0,168.953,0
1,2077,2361,1,0,193.40000000000001,0
1,2078,2369,1,0,184.94200000000001,0
1,2079,2377,1,0,173.65899999999999,0
1,2080,2385,1,0,160.77799999999999,0
1,2081,2393,1,0,200.065,0
1,2082,2401,1,0,231.62100000000001,0
1,2083,2409,1,0,179.75800000000001,0
1,2084,2417,1,0,195.40299999999999,0
1,2085,2425,1,0,161.12899999999999,0
1,2086,2433,1,0,178.69,0
1,2087,2441,1,0,178.155,0
1,2088,2449,1,0,157.69499999999999,0
1,2089,2457,1,0,196.614,0
1,2090,2465,1,0,178.58799999999999,0
1,2091,2473,1,0,179.72499999999999,0
1,2092,2481,1,0,178.48500000000001,0
1,2093,2489,1,0,179.09899999999999,0
1,2094,2497,1,0,171.37200000000001,0
1,2095,2505,1,0,194.55199999999999,0
1,2096,2513,1,0,176.13499999999999,0
1,2097,2521,1,0,179.56100000000001,0
1,2098,2529,1,0,185.58600000000001,0
1,2099,2537,1,0,201.61699999999999,0
1,2100,2545,1,0,196.38399999999999,0
1,2101,2553,1,0,197.964,0
1,2102,2561,1,0,209.078,0
1,2103,2569,1,0,166.06100000000001,0
1,2104,2577,1,0,147.636,0
1,2105,2585,1,0,170.96700000000001,0
1,2106,2593,1,0,163.63499999999999,0
1,2107,2601,1,0,155.47900000000001,0
1,2108,2609,1,0,180.42500000000001,0
1,2109,2617,1,0,187.321,0
1,2110,2625,1,0,158.38200000000001,0
1,2111,2633,1,0,167.012,0
1,2112,2641,1,0,209.822,0
1,2113,2649,1,0,139,0
1,2114,2657,1,0,189.286,0
1,2115,2665,1,0,123.38800000000001,0
1,2116,2673,1,0,171.24600000000001,0
1,2117,2681,1,0,202.78200000000001,0
1,2118,2689,1,0,148.87700000000001,0
1,2119,2697,1,0,195.61600000000001,0
1,2120,2705,1,0,180.53700000000001,0
1,2121,2713,1,0,157.964,0
1,2122,2721,1,0,170.24100000000001,0
1,2123,2729,1,0,179.82900000000001,0
1,2124,2737,1,0,175.584,0
1,2125,2745,1,0,189.84,0
1,2126,2753,1,0,148.61500000000001,0
1,2127,2761,1,0,184.565,0
1,2128,2769,1,0,180.07599999999999,0
1,2129,2777,1,0,196.11199999999999,0
1,2130,2785,1,0,200.423,0
1,2131,2793,1,0,173.53200000000001,0
1,2132,2801,1,0,178.64400000000001,0
1,2133,2809,1,0,179.05000000000001,0
1,2134,2817,1,0,163.482,0
1,2135,2825,1,0,172.249,0
1,2136,2833,1,0,184.374,0
1,2137,2841,1,0,180.42099999999999,0
1,2138,2849,1,0,173.03200000000001,0
1,2139,2857,1,0,193.19399999999999,0
1,2140,2865,1,0,163.547,0
1,2141,2873,1,0,195.93000000000001,0
1,2142,2881,1,0,188.863,0
1,2143,2889,1,0,157.85499999999999,0
1,2144,2897,1,0,148.83799999999999,0
1,2145,2905,1,0,186.20500000000001,0
1,2146,2913,1,0,190.375,0
1,2147,2921,1,0,159.81800000000001,0
1,2148,2929,1,0,134.04400000000001,0
1,2149,2937,1,0,175.078,0
1,2150,2945,1,0,189.07300000000001,0
1,2151,2953,1,0,208.607,0
1,2152,2961,1,0,209.38,0
1,2153,2969,1,0,188.756,0
1,2154,2977,1,0,160.95099999999999,0
1,2155,2985,1,0,182.80500000000001,0
1,2156,2993,1,0,199.15299999999999,0
1,2157,3001,1,0,155.97900000000001,0
1,2158,3009,1,0,152.15700000000001,0
1,2159,3017,1,0,182.82400000000001,0
1,2160,3025,1,0,127.81100000000001,0
1,2161,3033,1,0,169.06999999999999,0
1,2162,3041,1,0,181.886,0
1,2163,3049,1,0,191.95699999999999,0
1,2164,3057,1,0,142.89500000000001,0
1,2165,3065,1,0,209.43100000000001,0
1,2166,3073,1,0,172.83799999999999,0
1,2167,3081,1,0,197.32499999999999,0
1,2168,3089,1,0,179.76400000000001,0
1,2169,3097,1,0,206.64400000000001,0
1,2170,3105,1,0,171.66499999999999,0
1,2171,3113,1,0,192.786,0
1,2172,3121,1,0,144.98699999999999,0
1,2173,3129,1,0,194.93899999999999,0
1,2174,3137,1,0,212.22200000000001,0
1,2175,3145,1,0,141.50800000000001,0
1,2176,3153,1,0,170.423,0
1,2177,3161,1,0,193.49700000000001,0
1,2178,3169,1,0,194.13399999999999,0
1,2179,3177,1,0,183.12799999999999,0
1,2180,3185,1,0,180.65899999999999,0
1,2181,3193,1,0,184.464,0
1,2182,3201,1,0,183.63499999999999,0
1,2183,3209,1,0,191.58699999999999,0
1,2184,3217,1,0,179.989,0
1,2185,3225,1,0,187.21600000000001,0
1,2186,3233,1,0,193.74000000000001,0
1,2187,3241,1,0,198.35499999999999,0
1,2188,3249,1,0,179.53700000000001,0
1,2189,3257,1,0,173.19399999999999,0
1,2190,3265,1,0,194.69399999999999,0
1,2191,3273,1,0,125.121,0
1,2192,3281,1,0,195.34,0
1,2193,3289,1,0,178.32400000000001,0
1,2194,3297,1,0,159.376,0
1,2195,3305,1,0,199.72300000000001,0
1,2196,3313,1,0,226.16999999999999,0
1,2197,3321,1,0,147.35499999999999,0
1,2198,3329,1,0,182.56,0
1,2199,3337,1,0,171.74799999999999,0
1,2200,3345,1,0,176.517,0
1,2201,3353,1,0,157.346,0
1,2202,3361,1,0,175.803,0
1,2203,3369,1,0,181.19800000000001,0
1,2204,3377,1,0,176.84,0
1,2205,3385,1,0,169.82300000000001,0
1,2206,3393,1,0,137.63900000000001,0
1,2207,3401,1,0,131.755,0
1,2208,3409,1,0,162.12799999999999,0
1,2209,3417,1,0,147.56299999999999,0
1,2210,3425,1,0,166.87,0
1,2211,3433,1,0,200.125,0
1,2212,3441,1,0,173.262,0
1,2213,3449,1,0,201.393,0
1,2214,3457,1,0,202.233,0
1,2215,3465,1,0,186.102,0
1,2216,3473,1,0,180.93899999999999,0
1,2217,3481,1,0,177.22399999999999,0
1,2218,3489,1,0,176.65199999999999,0
1,2219,3497,1,0,181.017,0
1,2220,3505,1,0,133.858,0
1,2221,3513,1,0,210.535,0
1,2222,3521,1,0,193.26400000000001,0
1,2223,3529,1,0,176.07400000000001,0
1,2224,3537,1,0,184.78399999999999,0
1,2225,3545,1,0,184.852,0
1,2226,3553,1,0,189.21700000000001,0
1,2227,3561,1,0,136.49700000000001,0
1,2228,3569,1,0,182.90199999999999,0
1,2229,3577,1,0,194.065,0
1,2230,3585,1,0,185.19,0
1,2231,3593,1,0,166.93899999999999,0
1,2232,3601,1,0,167.43100000000001,0
1,2233,3609,1,0,199.45599999999999,0
1,2234,3617,1,0,173.94900000000001,0
1,2235,3625,1,0,157.53100000000001,0
1,2236,3633,1,0,182.774,0
1,2237,3641,1,0,191.911,0
1,2238,3649,1,0,161.50899999999999,0
1,2239,3657,1,0,153.06,0
1,2240,3665,1,0,181.535,0
1,2241,3673,1,0,143.88,0
1,2242,3681,1,0,167.483,0
1,2243,3689,1,0,174.83099999999999,0
1,2244,3697,1,0,135.60900000000001,0
1,2245,3705,1,0,141.429,0
1,2246,3713,1,0,181.18700000000001,0
1,2247,3721,1,0,163.37200000000001,0
1,2248,3729,1,0,134.56999999999999,0
1,2249,3737,1,0,184.96100000000001,0
1,2250,3745,1,0,129.904,0
1,2251,3753,1,0,178.374,0
1,2252,3761,1,0,195.49600000000001,0
1,2253,3769,1,0,175.511,0
1,2254,3777,1,0,202.661,0
1,2255,3785,1,0,187.95699999999999,0
1,2256,3793,1,0,175.80099999999999,0
1,2257,3801,1,0,183.58500000000001,0
1,2258,3809,1,0,190.113,0
1,2259,3817,1,0,181.39699999999999,0
1,2260,3825,1,0,196.30799999999999,0
1,2261,3833,1,0,214.49000000000001,0
1,2262,3841,1,0,148.31999999999999,0
1,2263,3849,1,0,161.084,0
1,2264,3857,1,0,154.08099999999999,0
1,2265,3865,1,0,163.517,0
1,2266,3873,1,0,192.982,0
1,2267,3881,1,0,166.74600000000001,0
1,2268,3889,1,0,164.78,0
1,2269,3897,1,0,171.12299999999999,0
1,2270,3905,1,0,212.351,0
1,2271,3913,1,0,194.11199999999999,0
1,2272,3921,1,0,176.363,0
1,2273,3929,1,0,188.571,0
1,2274,3937,1,0,169.00200000000001,0
1,2275,3945,1,0,184.77199999999999,0
1,2276,3953,1,0,202.697,0
1,2277,3961,1,0,176.86099999999999,0
1,2278,3969,1,0,212.93700000000001,0
1,2279,3977,1,0,158.53100000000001,0
1,2280,3985,1,0,173.34800000000001,0
1,2281,3993,1,0,182.68899999999999,0
1,2282,4001,1,0,187.404,0
1,2283,4009,1,0,185.22200000000001,0
1,2284,4017,1,0,199.90600000000001,0
1,2285,4025,1,0,175.16399999999999,0
1,2286,4033,1,0,155.21000000000001,0
1,2287,4041,1,0,189.56,0
1,2288,4049,1,0,145.82300000000001,0
1,2289,4057,1,0,179.98400000000001,0
1,2290,4065,1,0,169.911,0
1,2291,4073,1,0,156.96700000000001,0
1,2292,4081,1,0,172.38999999999999,0
1,2293,4089,1,0,137.214,0
1,2294,4097,1,0,125.127,0
1,2295,4105,1,0,163.01300000000001,0
1,2296,4113,1,0,192.75399999999999,0
1,2297,4121,1,0,188.28700000000001,0
1,2298,4129,1,0,151.85400000000001,0
1,2299,4137,1,0,154.05500000000001,0
1,2300,4145,1,0,188.779,0
1,2301,4153,1,0,175.32400000000001,0
1,2302,4161,1,0,196.65899999999999,0
1,2303,4169,1,0,166.53299999999999,0
1,2304,4177,1,0,163.995,0
1,2305,4185,1,0,175.77099999999999,0
1,2306,4193,1,0,174.16200000000001,0
1,2307,4201,1,0,198.798,0
1,2308,4209,1,0,169.261,0
1,2309,4217,1,0,167.47900000000001,0
1,2310,4225,1,0,213.22300000000001,0
1,2311,4233,1,0,172.61199999999999,0
1,2312,4241,1,0,190.44200000000001,0
1,2313,4249,1,0,166.10900000000001,0
1,2314,4257,1,0,186.95599999999999,0
1,2315,4265,1,0,182.65299999999999,0
1,2316,4273,1,0,175.298,0
1,2317,4281,1,0,190.65000000000001,0
1,2318,4289,1,0,134.55500000000001,0
1,2319,4297,1,0,179.71899999999999,0
1,2320,4305,1,0,142.376,0
1,2321,4313,1,0,177.089,0
1,2322,4321,1,0,125.229,0
1,2323,4329,1,0,137.67699999999999,0
1,2324,4337,1,0,163.79900000000001,0
1,2325,4345,1,0,197.096,0
1,2326,4353,1,0,159.39599999999999,0
1,2327,4361,1,0,205.37100000000001,0
1,2328,4369,1,0,150.09399999999999,0
1,2329,4377,1,0,155.41200000000001,0
1,2330,4385,1,0,193.92500000000001,0
1,2331,4393,1,0,124.883,0
1,2332,4401,1,0,186.49700000000001,0
1,2333,4409,1,0,161.739,0
1,2334,4417,1,0,185.90700000000001,0
1,2335,4425,1,0,146.65600000000001,0
1,2336,4433,1,0,206.208,0
1,2337,4441,1,0,141.24100000000001,0
1,2338,4449,1,0,188.352,0
1,2339,4457,1,0,201.387,0
1,2340,4465,1,0,153.345,0
1,2341,4473,1,0,167.011,0
1,2342,4481,1,0,181.429,0
1,2343,4489,1,0,136.08500000000001,0
1,2344,4497,1,0,126.032,0
1,2345,4505,1,0,173.917,0
1,2346,4513,1,0,204.86099999999999,0
1,2347,4521,1,0,190.63,0
1,2348,4529,1,0,150.208,0
1,2349,4537,1,0,157.10599999999999,0
1,2350,4545,1,0,155.41800000000001,0
1,2351,4553,1,0,166.547,0
1,2352,4561,1,0,134.08500000000001,0
1,2353,4569,1,0,152.595,0
1,2354,4577,1,0,200.24199999999999,0
1,2355,4585,1,0,224.065,0
1,2356,4593,1,0,171.44300000000001,0
1,2357,4601,1,0,170.54599999999999,0
1,2358,4609,1,0,201.41200000000001,0
1,2359,4617,1,0,210.21799999999999,0
1,2360,4625,1,0,137.92699999999999,0
1,2361,4633,1,0,162.93100000000001,0
1,2362,4641,1,0,150.64699999999999,0
1,2363,4649,1,0,197.191,0
1,2364,4657,1,0,181.84299999999999,0
1,2365,4665,1,0,208.25899999999999,0
1,2366,4673,1,0,192.136,0
1,2367,4681,1,0,186.29599999999999,0
1,2368,4689,1,0,160.05199999999999,0
1,2369,4697,1,0,169.30099999999999,0
1,2370,4705,1,0,185.23699999999999,0
1,2371,4713,1,0,198.88800000000001,0
1,2372,4721,1,0,185.18600000000001,0
1,2373,4729,1,0,182.691,0
1,2374,4737,1,0,187.79599999999999,0
1,2375,4745,1,0,184.02600000000001,0
1,2376,4753,1,0,166.38900000000001,0
1,2377,4761,1,0,155.268,0
1,2378,4769,1,0,172.15100000000001,0
1,2379,4777,1,0,173.37100000000001,0
1,2380,4785,1,0,190.02699999999999,0
1,2381,4793,1,0,143.941,0
1,2382,4801,1,0,138.49600000000001,0
1,2383,4809,1,0,176.47999999999999,0
1,2384,4817,1,0,188.80500000000001,0
1,2385,4825,1,0,190.59999999999999,0
1,2386,4833,1,0,155.28999999999999,0
1,2387,4841,1,0,190.12700000000001,0
1,2388,4849,1,0,122.142,0
1,2389,4857,1,0,202.83000000000001,0
1,2390,4865,1,0,192.922,0
1,2391,4873,1,0,158.63399999999999,0
1,2392,4881,1,0,175.37299999999999,0
1,2393,4889,1,0,202.68700000000001,0
1,2394,4897,1,0,189.01300000000001,0
1,2395,4905,1,0,164.27500000000001,0
1,2396,4913,1,0,214.91200000000001,0
1,2397,4921,1,0,176.137,0
1,2398,4929,1,0,175.589,0
1,2399,4937,1,0,148.565,0
1,2400,4945,1,0,179.453,0
1,2401,4953,1,0,181.065,0
1,2402,4961,1,0,174.27199999999999,0
1,2403,4969,1,0,173.261,0
1,2404,4977,1,0,188.21799999999999,0
1,2405,4985,1,0,188.24700000000001,0
1,2406,4993,1,0,186.17400000000001,0
1,2407,5001,1,0,161.20500000000001,0
1,2408,5009,1,0,189.10499999999999,0
1,2409,5017,1,0,203.55799999999999,0
1,2410,5025,1,0,163.10400000000001,0
1,2411,5033,1,0,191.13800000000001,0
1,2412,5041,1,0,186.852,0
1,2413,5049,1,0,203.84100000000001,0
1,2414,5057,1,0,186.43899999999999,0
1,2415,5065,1,0,182.577,0
1,2416,5073,1,0,187.821,0
1,2417,5081,1,0,179.31999999999999,0
1,2418,5089,1,0,135.17599999999999,0
1,2419,5097,1,0,146.52500000000001,0
1,2420,5105,1,0,168.089,0
1,2421,5113,1,0,188.09700000000001,0
1,2422,5121,1,0,179.81700000000001,0
1,2423,5129,1,0,156.643,0
1,2424,5137,1,0,132.28299999999999,0
1,2425,5145,1,0,160.334,0
1,2426,5153,1,0,189.38499999999999,0
1,2427,5161,1,0,188.55799999999999,0
1,2428,5169,1,0,171.20699999999999,0
1,2429,5177,1,0,166.50399999999999,0
1,2430,5185,1,0,196.33199999999999,0
1,2431,5193,1,0,169.67400000000001,0
1,2432,5201,1,0,159.09899999999999,0
1,2433,5209,1,0,172.82900000000001,0
1,2434,5217,1,0,151.053,0
1,2435,5225,1,0,212.14099999999999,0
1,2436,5233,1,0,175.40799999999999,0
1,2437,5241,1,0,176.24799999999999,0
1,2438,5249,1,0,183.51400000000001,0
1,2439,5257,1,0,171.94200000000001,0
1,2440,5265,1,0,164.91,0
1,2441,5273,1,0,190.46299999999999,0
1,2442,5281,1,0,180.059,0
1,2443,5289,1,0,151.87799999999999,0
1,2444,5297,1,0,135.40600000000001,0
1,2445,5305,1,0,138.36500000000001,0
1,2446,5313,1,0,192.45400000000001,0
1,2447,5321,1,0,148.91900000000001,0
1,2448,5329,1,0,189.851,0
1,2449,5337,1,0,118.89400000000001,0
1,2450,5345,1,0,209.40000000000001,0
1,2451,5353,1,0,189.39599999999999,0
1,2452,5361,1,0,190.02500000000001,0
1,2453,5369,1,0,176.12299999999999,0
1,2454,5377,1,0,188.14400000000001,0
1,2455,5385,1,0,169.429,0
1,2456,5393,1,0,172.98099999999999,0
1,2457,5401,1,0,173.54300000000001,0
1,2458,5409,1,0,190.28200000000001,0
1,2459,5417,1,0,147.72200000000001,0
1,2460,5425,1,0,187.761,0
1,2461,5433,1,0,149.15100000000001,0
1,2462,5441,1,0,173.95500000000001,0
1,2463,5449,1,0,192.93299999999999,0
1,2464,5457,1,0,177.19499999999999,0
1,2465,5465,1,0,164.089,0
1,2466,5473,1,0,184.42599999999999,0
1,2467,5481,1,0,200.93299999999999,0
1,2468,5489,1,0,198.262,0
1,2469,5497,1,0,148.078,0
1,2470,5505,1,0,187.095,0
1,2471,5513,1,0,196.72200000000001,0
1,2472,5521,1,0,153.971,0
1,2473,5529,1,0,183.05099999999999,0
1,2474,5537,1,0,139.15199999999999,0
1,2475,5545,1,0,165.82599999999999,0
1,2476,5553,1,0,181.81,0
1,2477,5561,1,0,144.16300000000001,0
1,2478,5569,1,0,140.328,0
1,2479,5577,1,0,202.78100000000001,0
1,2480,5585,1,0,191.86600000000001,0
1,2481,5593,1,0,170.62799999999999,0
1,2482,5601,1,0,170.649,0
1,2483,5609,1,0,181.684,0
1,2484,5617,1,0,157.43799999999999,0
1,2485,5625,1,0,205.636,0
1,2486,5633,1,0,157.10300000000001,0
1,2487,5641,1,0,188.928,0
1,2488,5649,1,0,154.27500000000001,0
1,2489,5657,1,0,177.67099999999999,0
1,2490,5665,1,0,145.804,0
1,2491,5673,1,0,154.334,0
1,2492,5681,1,0,144.983,0
1,2493,5689,1,0,132.98599999999999,0
1,2494,5697,1,0,188.142,0
1,2495,5705,1,0,205.13900000000001,0
1,2496,5713,1,0,128.86199999999999,0
1,2497,5721,1,0,172.923,0
1,2498,5729,1,0,133.416,0
1,2499,5737,1,0,196.46700000000001,0
1,2500,5745,1,0,205.71100000000001,0
1,2501,5753,1,0,123.14700000000001,0
1,2502,5761,1,0,204.78299999999999,0
1,2503,5769,1,0,130.333,0
1,2504,5777,1,0,180.50200000000001,0
1,2505,5785,1,0,184.54900000000001,0
1,2506,5793,1,0,188.10400000000001,0
1,2507,5801,1,0,192.92400000000001,0
1,2508,5809,1,0,196.108,0
1,2509,5817,1,0,160.262,0
1,2510,5825,1,0,170.905,0
1,2511,5833,1,0,168.73500000000001,0
1,2512,5841,1,0,183.97300000000001,0
1,2513,5849,1,0,182.203,0
1,2514,5857,1,0,179.11699999999999,0
1,2515,5865,1,0,162.511,0
1,2516,5873,1,0,169.70099999999999,0
1,2517,5881,1,0,199.28399999999999,0
1,2518,5889,1,0,183.578,0
1,2519,5897,1,0,166.05600000000001,0
1,2520,5905,1,0,192.65100000000001,0
1,2521,5913,1,0,174.87700000000001,0
1,2522,5921,1,0,175.43000000000001,0
1,2523,5929,1,0,167.31800000000001,0
1,2524,5937,1,0,133.97399999999999,0
1,2525,5945,1,0,160.16,0
1,2526,5953,1,0,191.46799999999999,0
1,2527,5961,1,0,164.19200000000001,0
1,2528,5969,1,0,165.95500000000001,0
1,2529,5977,1,0,186.02699999999999,0
1,2530,5985,1,0,155.31,0
1,2531,5993,1,0,178.98699999999999,0
1,2532,6001,1,0,161.21899999999999,0
1,2533,6009,1,0,152.45599999999999,0
1,2534,6017,1,0,192.852,0
1,2535,6025,1,0,205.858,0
1,2536,6033,1,0,177.05500000000001,0
1,2537,6041,1,0,182.923,0
1,2538,6049,1,0,178.52600000000001,0
1,2539,6057,1,0,179.91800000000001,0
1,2540,6065,1,0,196.74100000000001,0
1,2541,6073,1,0,196.14099999999999,0
1,2542,6081,1,0,169.024,0
1,2543,6089,1,0,187.63,0
1,2544,6097,1,0,172.465,0
1,2545,6105,1,0,166.935,0
1,2546,6113,1,0,161.75999999999999,0
1,2547,6121,1,0,171.72900000000001,0
1,2548,6129,1,0,186.43899999999999,0
1,2549,6137,1,0,169.92500000000001,0
1,2550,6145,1,0,177.32400000000001,0
1,2551,6153,1,0,180.411,0
1,2552,6161,1,0,192.35499999999999,0
1,2553,6169,1,0,186.77199999999999,0
1,2554,6177,1,0,179.88,0
1,2555,6185,1,0,185.55600000000001,0
1,2556,6193,1,0,204.41800000000001,0
1,2557,6201,1,0,178.21899999999999,0
1,2558,6209,1,0,204.58699999999999,0
1,2559,6217,1,0,173.82400000000001,0
1,2560,6225,1,0,195.792,0
1,2561,6233,1,0,176.21000000000001,0
1,2562,6241,1,0,179.49799999999999,0
1,2563,6249,1,0,215.56200000000001,0
1,2564,6257,1,0,130.91,0
1,2565,6265,1,0,166.88399999999999,0
1,2566,6273,1,0,190.59700000000001,0
1,2567,6281,1,0,181.02699999999999,0
1,2568,6289,1,0,162.76400000000001,0
1,2569,6297,1,0,157.31,0
1,2570,6305,1,0,160.387,0
1,2571,6313,1,0,194.773,0
1,2572,6321,1,0,175.49700000000001,0
1,2573,6329,1,0,172.917,0
1,2574,6337,1,0,175.47300000000001,0
1,2575,6345,1,0,195.63499999999999,0
1,2576,6353,1,0,193.874,0
1,2577,6361,1,0,179.62799999999999,0
1,2578,6369,1,0,167.96600000000001,0
1,2579,6377,1,0,159.33799999999999,0
1,2580,6385,1,0,167.63999999999999,0
1,2581,6393,1,0,192.91900000000001,0
1,2582,6401,1,0,164.14400000000001,0
1,2583,6409,1,0,148.505,0
1,2584,6417,1,0,158.65700000000001,0
1,2585,6425,1,0,150.19800000000001,0
1,2586,6433,1,0,180.90799999999999,0
1,2587,6441,1,0,165.99700000000001,0
1,2588,6449,1,0,153.43000000000001,0
1,2589,6457,1,0,186.214,0
1,2590,6465,1,0,159.72300000000001,0
1,2591,6473,1,0,151.73699999999999,0
1,2592,6481,1,0,171.43199999999999,0
1,2593,6489,1,0,192.07900000000001,0
1,2594,6497,1,0,184.84899999999999,0
1,2595,6505,1,0,191.15299999999999,0
1,2596,6513,1,0,160.50399999999999,0
1,2597,6521,1,0,175.54400000000001,0
1,2598,6529,1,0,173.27000000000001,0
1,2599,6537,1,0,184.87799999999999,0
1,2600,6545,1,0,158.922,0
1,2601,6553,1,0,190.03800000000001,0
1,2602,6561,1,0,188.815,0
1,2603,6569,1,0,173.47499999999999,0
1,2604,6577,1,0,153.27000000000001,0
1,2605,6585,1,0,163.31800000000001,0
1,2606,6593,1,0,176.459,0
1,2607,6601,1,0,180.87299999999999,0
1,2608,6609,1,0,181.066,0
1,2609,6617,1,0,125.72499999999999,0
1,2610,6625,1,0,175.697,0
1,2611,6633,1,0,193.68799999999999,0
1,2612,6641,1,0,160.98500000000001,0
1,2613,6649,1,0,188.31399999999999,0
1,2614,6657,1,0,188.47800000000001,0
1,2615,6665,1,0,177.17599999999999,0
1,2616,6673,1,0,204.47,0
1,2617,6681,1,0,181.02600000000001,0
1,2618,6689,1,0,194.953,0
1,2619,6697,1,0,144.93199999999999,0
1,2620,6705,1,0,188.489,0
1,2621,6713,1,0,174.779,0
1,2622,6721,1,0,161.49100000000001,0
1,2623,6729,1,0,197.203,0
1,2624,6737,1,0,184.44200000000001,0
1,2625,6745,1,0,157.72900000000001,0
1,2626,6753,1,0,177.483,0
1,2627,6761,1,0,185.297,0
1,2628,6769,1,0,195.10300000000001,0
1,2629,6777,1,0,145.58799999999999,0
1,2630,6785,1,0,164.26400000000001,0
1,2631,6793,1,0,146.892,0
1,2632,6801,1,0,194.80600000000001,0
1,2633,6809,1,0,196.35599999999999,0
1,2634,6817,1,0,188.822,0
1,2635,6825,1,0,150.565,0
1,2636,6833,1,0,158.179,0
1,2637,6841,1,0,147.75999999999999,0
1,2638,6849,1,0,207.601,0
1,2639,6857,1,0,182.17699999999999,0
1,2640,6865,1,0,169.39599999999999,0
1,2641,6873,1,0,172.36799999999999,0
1,2642,6881,1,0,182.107,0
1,2643,6889,1,0,196.09,0
1,2644,6897,1,0,180.02799999999999,0
1,2645,6905,1,0,186.94999999999999,0
1,2646,6913,1,0,130.22399999999999,0
1,2647,6921,1,0,159.88,0
1,2648,6929,1,0,194.63999999999999,0
1,2649,6937,1,0,178.67599999999999,0
1,2650,6945,1,0,142.756,0
1,2651,6953,1,0,194.75299999999999,0
1,2652,6961,1,0,182.42400000000001,0
1,2653,6969,1,0,191.137,0
1,2654,6977,1,0,200.16399999999999,0
1,2655,6985,1,0,193.56800000000001,0
1,2656,6993,1,0,121.389,0
1,2657,7001,1,0,160.184,0
1,2658,7009,1,0,188.02199999999999,0
1,2659,7017,1,0,191.36600000000001,0
1,2660,7025,1,0,184.18100000000001,0
1,2661,7033,1,0,163.709,0
1,2662,7041,1,0,178.001,0
1,2663,7049,1,0,128.79499999999999,0
1,2664,7057,1,0,191.05699999999999,0
1,2665,7065,1,0,187.31299999999999,0
1,2666,7073,1,0,193.69800000000001,0
1,2667,7081,1,0,153.28800000000001,0
1,2668,7089,1,0,185.25800000000001,0
1,2669,7097,1,0,164.93700000000001,0
1,2670,7105,1,0,163.88300000000001,0
1,2671,7113,1,0,170.62,0
1,2672,7121,1,0,205.19,0
1,2673,7129,1,0,162.27500000000001,0
1,2674,7137,1,0,157.786,0
1,2675,7145,1,0,142.429,0
1,2676,7153,1,0,148.81700000000001,0
1,2677,7161,1,0,179.55199999999999,0
1,2678,7169,1,0,167.512,0
1,2679,7177,1,0,180.37200000000001,0
1,2680,7185,1,0,171.685,0
1,2681,7193,1,0,193.61199999999999,0
1,2682,7201,1,0,151.97999999999999,0
1,2683,7209,1,0,184.114,0
1,2684,7217,1,0,200.37299999999999,0
1,2685,7225,1,0,189.65799999999999,0
1,2686,7233,1,0,178.90299999999999,0
1,2687,7241,1,0,181.22800000000001,0
1,2688,7249,1,0,172.18100000000001,0
1,2689,7257,1,0,190.666,0
1,2690,7265,1,0,191.08600000000001,0
1,2691,7273,1,0,174.55699999999999,0
1,2692,7281,1,0,160.86500000000001,0
1,2693,7289,1,0,194.02799999999999,0
1,2694,7297,1,0,127.54000000000001,0
1,2695,7305,1,0,190.17699999999999,0
1,2696,7313,1,0,156.74199999999999,0
1,2697,7321,1,0,187.654,0
1,2698,7329,1,0,186.143,0
1,2699,7337,1,0,175.613,0
1,2700,7345,1,0,144.63900000000001,0
1,2701,7353,1,0,186.744,0
1,2702,7361,1,0,158.75700000000001,0
1,2703,7369,1,0,155.185,0
1,2704,7377,1,0,215.72200000000001,0
1,2705,7385,1,0,196.74299999999999,0
1,2706,7393,1,0,193.87700000000001,0
1,2707,7401,1,0,189.25399999999999,0
1,2708,7409,1,0,159.66399999999999,0
1,2709,7417,1,0,144.09899999999999,0
1,2710,7425,1,0,115.971,0
1,2711,7433,1,0,180.37200000000001,0
1,2712,7441,1,0,158.85499999999999,0
1,2713,7449,1,0,164.61099999999999,0
1,2714,7457,1,0,148.09700000000001,0
1,2715,7465,1,0,182.852,0
1,2716,7473,1,0,148.15799999999999,0
1,2717,7481,1,0,130.31299999999999,0
1,2718,7489,1,0,169.88,0
1,2719,7497,1,0,178.77099999999999,0
1,2720,7505,1,0,131.51300000000001,0
1,2721,7513,1,0,168.55000000000001,0
1,2722,7521,1,0,160.93000000000001,0
1,2723,7529,1,0,204.47999999999999,0
1,2724,7537,1,0,132.06700000000001,0
1,2725,7545,1,0,190.62200000000001,0
1,2726,7553,1,0,165.20099999999999,0
1,2727,7561,1,0,171.876,0
1,2728,7569,1,0,186.07499999999999,0
1,2729,7577,1,0,211.07900000000001,0
1,2730,7585,1,0,196.49600000000001,0
1,2731,7593,1,0,174.02099999999999,0
1,2732,7601,1,0,145.81299999999999,0
1,2733,7609,1,0,135.874,0
1,2734,7617,1,0,176.435,0
1,2735,7625,1,0,191.72,0
1,2736,7633,1,0,187.625,0
1,2737,7641,1,0,199.083,0
1,2738,7649,1,0,195.67699999999999,0
1,2739,7657,1,0,167.02699999999999,0
1,2740,7665,1,0,178.113,0
1,2741,7673,1,0,130.39699999999999,0
1,2742,7681,1,0,171.47399999999999,0
1,2743,7689,1,0,183.749,0
1,2744,7697,1,0,183.435,0
1,2745,7705,1,0,184.79599999999999,0
1,2746,7713,1,0,179.42599999999999,0
1,2747,7721,1,0,184.41300000000001,0
1,2748,7729,1,0,184.50200000000001,0
1,2749,7737,1,0,190.52099999999999,0
1,2750,7745,1,0,134.74799999999999,0
1,2751,7753,1,0,187.911,0
1,2752,7761,1,0,181.06200000000001,0
1,2753,7769,1,0,170.53200000000001,0
1,2754,7777,1,0,183.06399999999999,0
1,2755,7785,1,0,190.24700000000001,0
1,2756,7793,1,0,125.633,0
1,2757,7801,1,0,189.41399999999999,0
1,2758,7809,1,0,198.27099999999999,0
1,2759,7817,1,0,142.77699999999999,0
1,2760,7825,1,0,217.03100000000001,0
1,2761,7833,1,0,174.10400000000001,0
1,2762,7841,1,0,130.15199999999999,0
1,2763,7849,1,0,204.881,0
1,2764,7857,1,0,189.21000000000001,0
1,2765,7865,1,0,199.77099999999999,0
1,2766,7873,1,0,176.36099999999999,0
1,2767,7881,1,0,167.54400000000001,0
1,2768,7889,1,0,148.65199999999999,0
1,2769,7897,1,0,164.01499999999999,0
1,2770,7905,1,0,186.82400000000001,0
1,2771,7913,1,0,166.47800000000001,0
1,2772,7921,1,0,168.61099999999999,0
1,2773,7929,1,0,165.27199999999999,0
1,2774,7937,1,0,185.51900000000001,0
1,2775,7945,1,0,161.881,0
1,2776,7953,1,0,187.072,0
1,2777,7961,1,0,189.995,0
1,2778,7969,1,0,170.274,0
1,2779,7977,1,0,195.422,0
1,2780,7985,1,0,195.74199999999999,0
1,2781,7993,1,0,146.971,0
1,2782,8001,1,0,176.351,0
1,2783,8009,1,0,144.76900000000001,0
1,2784,8017,1,0,190.85900000000001,0
1,2785,8025,1,0,161.887,0
1,2786,8033,1,0,190.303,0
1,2787,8041,1,0,181.12,0
1,2788,8049,1,0,173.13900000000001,0
1,2789,8057,1,0,210.68100000000001,0
1,2790,8065,1,0,162.59899999999999,0
1,2791,8073,1,0,184.084,0
1,2792,8081,1,0,190.83799999999999,0
1,2793,8089,1,0,164.92599999999999,0
1,2794,8097,1,0,186.49100000000001,0
1,2795,8105,1,0,144.173,0
1,2796,8113,1,0,182.20400000000001,0
1,2797,8121,1,0,173.18199999999999,0
1,2798,8129,1,0,180.876,0
1,2799,8137,1,0,148.39500000000001,0
1,2800,8145,1,0,200.88399999999999,0
1,2801,8153,1,0,195.67699999999999,0
1,2802,8161,1,0,170.56100000000001,0
1,2803,8169,1,0,181.59999999999999,0
1,2804,8177,1,0,187.93100000000001,0
1,2805,8185,1,0,169.03899999999999,0
1,2806,8193,1,0,161.43899999999999,0
1,2807,8201,1,0,190.602,0
1,2808,8209,1,0,186.346,0
1,2809,8217,1,0,174.52600000000001,0
1,2810,8225,1,0,187.155,0
1,2811,8233,1,0,169.86600000000001,0
1,2812,8241,1,0,183.453,0
1,2813,8249,1,0,188.149,0
1,2814,8257,1,0,187.739,0
1,2815,8265,1,0,163.78800000000001,0
1,2816,8273,1,0,178.977,0
1,2817,8281,1,0,156.60900000000001,0
1,2818,8289,1,0,142.23400000000001,0
1,2819,8297,1,0,186.71299999999999,0
1,2820,8305,1,0,159.13499999999999,0
1,2821,8313,1,0,148.035,0
1,2822,8321,1,0,199.27199999999999,0
1,2823,8329,1,0,177.82300000000001,0
1,2824,8337,1,0,184.60599999999999,0
1,2825,8345,1,0,185.93799999999999,0
1,2826,8353,1,0,199.464,0
1,2827,8361,1,0,191.18700000000001,0
1,2828,8369,1,0,176.369,0
1,2829,8377,1,0,204.91,0
1,2830,8385,1,0,171.535,0
1,2831,8393,1,0,178.16,0
1,2832,8401,1,0,187.637,0
1,2833,8409,1,0,189.37,0
1,2834,8417,1,0,154.904,0
1,2835,8425,1,0,184.88200000000001,0
1,2836,8433,1,0,197.97499999999999,0
1,2837,8441,1,0,184.50999999999999,0
1,2838,8449,1,0,141.43799999999999,0
1,2839,8457,1,0,171.66999999999999,0
1,2840,8465,1,0,177.02600000000001,0
1,2841,8473,1,0,175.28,0
1,2842,8481,1,0,175.87100000000001,0
1,2843,8489,1,0,183.23400000000001,0
1,2844,8497,1,0,190.09899999999999,0
1,2845,8505,1,0,137.548,0
1,2846,8513,1,0,180.142,0
1,2847,8521,1,0,188.791,0
1,2848,8529,1,0,189.05600000000001,0
1,2849,8537,1,0,172.447,0
1,2850,8545,1,0,213.12,0
1,2851,8553,1,0,138.41,0
1,2852,8561,1,0,181.684,0
1,2853,8569,1,0,173.80000000000001,0
1,2854,8577,1,0,153.93000000000001,0
1,2855,8585,1,0,186.02099999999999,0
1,2856,8593,1,0,138.48099999999999,0
1,2857,8601,1,0,164.78100000000001,0
1,2858,8609,1,0,170.94499999999999,0
1,2859,8617,1,0,184.05699999999999,0
1,2860,8625,1,0,179.142,0
1,2861,8633,1,0,210.065,0
1,2862,8641,1,0,178.00700000000001,0
1,2863,8649,1,0,175.36199999999999,0
1,2864,8657,1,0,156.52000000000001,0
1,2865,8665,1,0,146.047,0
1,2866,8673,1,0,186.81299999999999,0
1,2867,8681,1,0,187.53,0
1,2868,8689,1,0,179.02699999999999,0
1,2869,8697,1,0,180.803,0
1,2870,8705,1,0,148.572,0
1,2871,8713,1,0,130.71899999999999,0
1,2872,8721,1,0,178.154,0
1,2873,8729,1,0,199.46299999999999,0
1,2874,8737,1,0,197.46000000000001,0
1,2875,8745,1,0,171.59700000000001,0
1,2876,8753,1,0,123.98,0
1,2877,8761,1,0,169.327,0
1,2878,8769,1,0,183.32400000000001,0
1,2879,8777,1,0,146.62799999999999,0
1,2880,8785,1,0,180.517,0
1,2881,8793,1,0,185.982,0
1,2882,8801,1,0,150.75899999999999,0
1,2883,8809,1,0,182.03999999999999,0
1,2884,8817,1,0,196.79599999999999,0
1,2885,8825,1,0,204.37299999999999,0
1,2886,8833,1,0,189.63499999999999,0
1,2887,8841,1,0,175.17599999999999,0
1,2888,8849,1,0,193.43799999999999,0
1,2889,8857,1,0,193.89099999999999,0
1,2890,8865,1,0,167.32900000000001,0
1,2891,8873,1,0,190.38399999999999,0
1,2892,8881,1,0,197.429,0
1,2893,8889,1,0,177.297,0
1,2894,8897,1,0,170.928,0
1,2895,8905,1,0,187.68199999999999,0
1,2896,8913,1,0,174.75,0
1,2897,8921,1,0,155.67599999999999,0
1,2898,8929,1,0,180.886,0
1,2899,8937,1,0,164.774,0
1,2900,8945,1,0,187.75700000000001,0
1,2901,8953,1,0,177.66300000000001,0
1,2902,8961,1,0,183.85400000000001,0
1,2903,8969,1,0,180.85499999999999,0
1,2904,8977,1,0,160.88,0
1,2905,8985,1,0,150.18600000000001,0
1,2906,8993,1,0,192.06800000000001,0
1,2907,9001,1,0,183.44999999999999,0
1,2908,9009,1,0,141.023,0
1,2909,9017,1,0,186.52600000000001,0
1,2910,9025,1,0,182.767,0
1,2911,9033,1,0,159.46600000000001,0
1,2912,9041,1,0,169.94200000000001,0
1,2913,9049,1,0,179.001,0
1,2914,9057,1,0,170.816,0
1,2915,9065,1,0,151.08699999999999,0
1,2916,9073,1,0,165.62899999999999,0
1,2917,9081,1,0,182.209,0
1,2918,9089,1,0,172.95500000000001,0
1,2919,9097,1,0,167.91900000000001,0
1,2920,9105,1,0,174.49299999999999,0
1,2921,9113,1,0,175.28200000000001,0
1,2922,9121,1,0,175.75800000000001,0
1,2923,9129,1,0,188.71799999999999,0
1,2924,9137,1,0,196.803,0
1,2925,9145,1,0,194.58799999999999,0
1,2926,9153,1,0,168.245,0
1,2927,9161,1,0,191.18899999999999,0
1,2928,9169,1,0,166.703,0
1,2929,9177,1,0,131.83199999999999,0
1,2930,9185,1,0,138.459,0
1,2931,9193,1,0,181.422,0
1,2932,9201,1,0,186.922,0
1,2933,9209,1,0,156.67099999999999,0
1,2934,9217,1,0,150.80199999999999,0
1,2935,9225,1,0,140.06299999999999,0
1,2936,9233,1,0,179.10400000000001,0
1,2937,9241,1,0,188.62799999999999,0
1,2938,9249,1,0,193.71000000000001,0
1,2939,9257,1,0,142.31299999999999,0
1,2940,9265,1,0,170.28899999999999,0
1,2941,9273,1,0,196.48699999999999,0
1,2942,9281,1,0,191.06800000000001,0
1,2943,9289,1,0,182.071,0
1,2944,9297,1,0,174.88800000000001,0
1,2945,9305,1,0,147.52799999999999,0
1,2946,9313,1,0,185.756,0
1,2947,9321,1,0,146.40799999999999,0
1,2948,9329,1,0,180.84399999999999,0
1,2949,9337,1,0,158.30000000000001,0
1,2950,9345,1,0,159.94499999999999,0
1,2951,9353,1,0,175.25800000000001,0
1,2952,9361,1,0,178.66200000000001,0
1,2953,9369,1,0,201.19800000000001,0
1,2954,9377,1,0,141.72399999999999,0
1,2955,9385,1,0,160.11099999999999,0
1,2956,9393,1,0,170.10499999999999,0
1,2957,9401,1,0,172.113,0
1,2958,9409,1,0,209.73099999999999,0
1,2959,9417,1,0,164.36099999999999,0
1,2960,9425,1,0,149.15299999999999,0
1,2961,9433,1,0,171.435,0
1,2962,9441,1,0,172.977,0
1,2963,9449,1,0,173.136,0
1,2964,9457,1,0,190.44900000000001,0
1,2965,9465,1,0,181.12299999999999,0
1,2966,9473,1,0,198.27500000000001,0
1,2967,9481,1,0,173.59999999999999,0
1,2968,9489,1,0,185.09100000000001,0
1,2969,9497,1,0,172.64500000000001,0
1,2970,9505,1,0,186.96000000000001,0
1,2971,9513,1,0,160.45400000000001,0
1,2972,9521,1,0,197.03100000000001,0
1,2973,9529,1,0,175.60300000000001,0
1,2974,9537,1,0,207.40799999999999,0
1,2975,9545,1,0,178.30000000000001,0
1,2976,9553,1,0,129.53100000000001,0
1,2977,9561,1,0,176.17099999999999,0
1,2978,9569,1,0,193.51499999999999,0
1,2979,9577,1,0,191,0
1,2980,9585,1,0,173.66,0
1,2981,9593,1,0,179.97999999999999,0
1,2982,9601,1,0,173.23099999999999,0
1,2983,9609,1,0,170.62200000000001,0
1,2984,9617,1,0,175.93100000000001,0
1,2985,9625,1,0,179.06200000000001,0
1,2986,9633,1,0,191.10599999999999,0
1,2987,9641,1,0,182.88399999999999,0
1,2988,9649,1,0,140.755,0
1,2989,9657,1,0,163.44499999999999,0
1,2990,9665,1,0,150.69900000000001,0
1,2991,9673,1,0,147.958,0
1,2992,9681,1,0,119.679,0
1,2993,9689,1,0,183.90199999999999,0
1,2994,9697,1,0,173.19499999999999,0
1,2995,9705,1,0,212.59899999999999,0
1,2996,9713,1,0,146.892,0
1,2997,9721,1,0,165.322,0
1,2998,9729,1,0,146.61799999999999,0
1,2999,9737,1,0,162.57599999999999,0
1,3000,9745,1,0,177.608,0
1,3001,9753,1,0,180.245,0
1,3002,9761,1,0,186.249,0
1,3003,9769,1,0,184.74000000000001,0
1,3004,9777,1,0,170.17599999999999,0
1,3005,9785,1,0,182.09399999999999,0
1,3006,9793,1,0,176.59899999999999,0
1,3007,9801,1,0,174.31999999999999,0
1,3008,9809,1,0,177.34899999999999,0
1,3009,9817,1,0,181.923,0
1,3010,9825,1,0,219.84,0
1,3011,9833,1,0,180.18199999999999,0
1,3012,9841,1,0,192.96600000000001,0
1,3013,9849,1,0,192.416,0
1,3014,9857,1,0,180.40899999999999,0
1,3015,9865,1,0,185.53200000000001,0
1,3016,9873,1,0,187.97300000000001,0
1,3017,9881,1,0,194.339,0
1,3018,9889,1,0,213.61500000000001,0
1,3019,9897,1,0,129.572,0
1,3020,9905,1,0,127.968,0
1,3021,9913,1,0,213.327,0
1,3022,9921,1,0,175.65199999999999,0
1,3023,9929,1,0,184.79499999999999,0
1,3024,9937,1,0,186.428,0
1,3025,9945,1,0,197.41499999999999,0
1,3026,9953,1,0,178.71799999999999,0
1,3027,9961,1,0,178.726,0
1,3028,9969,1,0,175.01300000000001,0
1,3029,9977,1,0,152.905,0
1,3030,9985,1,0,184.20500000000001,0
1,3031,9993,1,0,198.601,0
1,3032,10001,1,0,180.12899999999999,0
1,3033,10009,1,0,182.809,0
1,3034,10017,1,0,163.57300000000001,0
1,3035,10025,1,0,160.94200000000001,0
1,3036,10033,1,0,176.804,0
1,3037,10041,1,0,179.14400000000001,0
1,3038,10049,1,0,172.95599999999999,0
1,3039,10057,1,0,163.17099999999999,0
1,3040,10065,1,0,185.15600000000001,0
1,3041,10073,1,0,154.01400000000001,0
1,3042,10081,1,0,137.03100000000001,0
1,3043,10089,1,0,149.291,0
1,3044,10097,1,0,154.53700000000001,0
1,3045,10105,1,0,190.65899999999999,0
1,3046,10113,1,0,193.16900000000001,0
1,3047,10121,1,0,177.05600000000001,0
1,3048,10129,1,0,178.273,0
1,3049,10137,1,0,171.99199999999999,0
1,3050,10145,1,0,186.24700000000001,0
1,3051,10153,1,0,175.53999999999999,0
1,3052,10161,1,0,205.715,0
1,3053,10169,1,0,155.43000000000001,0
1,3054,10177,1,0,194.101,0
1,3055,10185,1,0,181.04599999999999,0
1,3056,10193,1,0,171.309,0
1,3057,10201,1,0,196.77199999999999,0
1,3058,10209,1,0,195.41999999999999,0
1,3059,10217,1,0,201.535,0
1,3060,10225,1,0,159.02000000000001,0
1,3061,10233,1,0,147.87899999999999,0
1,3062,10241,1,0,145.78,0
1,3063,10249,1,0,189.52600000000001,0
1,3064,10257,1,0,163.358,0
1,3065,10265,1,0,164.40199999999999,0
1,3066,10273,1,0,177.88,0
1,3067,10281,1,0,176.804,0
1,3068,10289,1,0,169.09700000000001,0
1,3069,10297,1,0,188.18700000000001,0
1,3070,10305,1,0,185.12799999999999,0
1,3071,10313,1,0,146.50399999999999,0
1,3072,10321,1,0,188.16300000000001,0
1,3073,10329,1,0,176.58000000000001,0
1,3074,10337,1,0,158.33000000000001,0
1,3075,10345,1,0,164.715,0
1,3076,10353,1,0,151.50200000000001,0
1,3077,10361,1,0,195.56299999999999,0
1,3078,10369,1,0,186.37,0
1,3079,10377,1,0,178.65000000000001,0
1,3080,10385,1,0,155.46299999999999,0
1,3081,10393,1,0,135.36000000000001,0
1,3082,10401,1,0,183.67500000000001,0
1,3083,10409,1,0,181.62,0
1,3084,10417,1,0,201.75899999999999,0
1,3085,10425,1,0,178.56299999999999,0
1,3086,10433,1,0,116.746,0
1,3087,10441,1,0,164.17599999999999,0
1,3088,10449,1,0,148.52099999999999,0
1,3089,10457,1,0,157.874,0
1,3090,10465,1,0,153.50200000000001,0
1,3091,10473,1,0,161.22499999999999,0
1,3092,10481,1,0,180.89500000000001,0
1,3093,10489,1,0,183.75,0
1,3094,10497,1,0,165.88200000000001,0
1,3095,10505,1,0,119.458,0
1,3096,10513,1,0,190.68000000000001,0
1,3097,10521,1,0,167.07900000000001,0
1,3098,10529,1,0,153.749,0
1,3099,10537,1,0,186.94800000000001,0
1,3100,10545,1,0,152.82900000000001,0
1,3101,10553,1,0,167.67400000000001,0
1,3102,10561,1,0,185.88999999999999,0
1,3103,10569,1,0,168.34,0
1,3104,10577,1,0,142.94300000000001,0
1,3105,10585,1,0,187.535,0
1,3106,10593,1,0,149.05699999999999,0
1,3107,10601,1,0,174.99600000000001,0
1,3108,10609,1,0,194.14099999999999,0
1,3109,10617,1,0,153.77099999999999,0
1,3110,10625,1,0,141.78999999999999,0
1,3111,10633,1,0,182.678,0
1,3112,10641,1,0,168.179,0
1,3113,10649,1,0,187.00299999999999,0
1,3114,10657,1,0,180.74700000000001,0
1,3115,10665,1,0,169.672,0
1,3116,10673,1,0,167.62,0
1,3117,10681,1,0,178.136,0
1,3118,10689,1,0,136.27500000000001,0
1,3119,10697,1,0,193.13200000000001,0
1,3120,10705,1,0,165.38,0
1,3121,10713,1,0,173.62700000000001,0
1,3122,10721,1,0,160.274,0
1,3123,10729,1,0,199.827,0
1,3124,10737,1,0,181.90799999999999,0
1,3125,10745,1,0,163.881,0
1,3126,10753,1,0,191.77600000000001,0
1,3127,10761,1,0,177.44800000000001,0
1,3128,10769,1,0,221.81,0
1,3129,10777,1,0,204.12700000000001,0
1,3130,10785,1,0,181.25,0
1,3131,10793,1,0,179.268,0
1,3132,10801,1,0,174.59200000000001,0
1,3133,10809,1,0,164.458,0
1,3134,10817,1,0,181.45500000000001,0
1,3135,10825,1,0,189.43700000000001,0
1,3136,10833,1,0,176.77000000000001,0
1,3137,10841,1,0,187.01599999999999,0
1,3138,10849,1,0,184.53700000000001,0
1,3139,10857,1,0,188.45400000000001,0
1,3140,10865,1,0,129.41499999999999,0
1,3141,10873,1,0,189.244,0
1,3142,10881,1,0,190.07300000000001,0
1,3143,10889,1,0,184,0
1,3144,10897,1,0,188.60900000000001,0
1,3145,10905,1,0,189.22399999999999,0
1,3146,10913,1,0,169.46000000000001,0
1,3147,10921,1,0,169.94999999999999,0
1,3148,10929,1,0,168.65299999999999,0
1,3149,10937,1,0,146.40299999999999,0
1,3150,10945,1,0,151.73699999999999,0
1,3151,10953,1,0,160.804,0
1,3152,10961,1,0,186.70699999999999,0
1,3153,10969,1,0,195.91399999999999,0
1,3154,10977,1,0,152.61600000000001,0
1,3155,10985,1,0,151.06800000000001,0
1,3156,10993,1,0,124.2,0
1,3157,11001,1,0,169.892,0
1,3158,11009,1,0,165.65700000000001,0
1,3159,11017,1,0,148.89400000000001,0
1,3160,11025,1,0,176.63999999999999,0
1,3161,11033,1,0,172.42400000000001,0
1,3162,11041,1,0,176.697,0
1,3163,11049,1,0,163.69399999999999,0
1,3164,11057,1,0,186.124,0
1,3165,11065,1,0,187.095,0
1,3166,11073,1,0,186.81399999999999,0
1,3167,11081,1,0,148.95099999999999,0
1,3168,11089,1,0,180.607,0
1,3169,11097,1,0,164.74600000000001,0
1,3170,11105,1,0,166.31999999999999,0
1,3171,11113,1,0,170.102,0
1,3172,11121,1,0,145.94399999999999,0
1,3173,11129,1,0,179.994,0
1,3174,11137,1,0,189.357,0
1,3175,11145,1,0,164.75399999999999,0
1,3176,11153,1,0,159.834,0
1,3177,11161,1,0,147.042,0
1,3178,11169,1,0,154.876,0
1,3179,11177,1,0,188.01300000000001,0
1,3180,11185,1,0,185.386,0
1,3181,11193,1,0,176.31100000000001,0
1,3182,11201,1,0,173.01900000000001,0
1,3183,11209,1,0,162.94999999999999,0
1,3184,11217,1,0,173.89599999999999,0
1,3185,11225,1,0,159.91300000000001,0
1,3186,11233,1,0,172.94399999999999,0
1,3187,11241,1,0,177.702,0
1,3188,11249,1,0,165.63900000000001,0
1,3189,11257,1,0,120.90000000000001,0
1,3190,11265,1,0,169.197,0
1,3191,11273,1,0,172.81200000000001,0
1,3192,11281,1,0,140.453,0
1,3193,11289,1,0,140.167,0
1,3194,11297,1,0,150.316,0
1,3195,11305,1,0,173.70400000000001,0
1,3196,11313,1,0,145.03299999999999,0
1,3197,11321,1,0,197.744,0
1,3198,11329,1,0,180.92099999999999,0
1,3199,11337,1,0,183.18199999999999,0
1,3200,11345,1,0,195.74000000000001,0
1,3201,11353,1,0,209.82900000000001,0
1,3202,11361,1,0,169.76900000000001,0
1,3203,11369,1,0,188.47399999999999,0
1,3204,11377,1,0,164.655,0
1,3205,11385,1,0,205.85400000000001,0
1,3206,11393,1,0,176.86799999999999,0
1,3207,11401,1,0,175.48500000000001,0
1,3208,11409,1,0,174.28,0
1,3209,11417,1,0,152.62700000000001,0
1,3210,11425,1,0,195.21100000000001,0
1,3211,11433,1,0,175.88300000000001,0
1,3212,11441,1,0,207.91,0
1,3213,11449,1,0,160.989,0
1,3214,11457,1,0,175.315,0
1,3215,11465,1,0,153.78899999999999,0
1,3216,11473,1,0,201.184,0
1,3217,11481,1,0,190.61699999999999,0
1,3218,11489,1,0,151.005,0
1,3219,11497,1,0,189.77699999999999,0
1,3220,11505,1,0,188.54499999999999,0
1,3221,11513,1,0,192.744,0
1,3222,11521,1,0,139.55500000000001,0
1,3223,11529,1,0,165.874,0
1,3224,11537,1,0,201.91200000000001,0
1,3225,11545,1,0,183.41900000000001,0
1,3226,11553,1,0,185.209,0
1,3227,11561,1,0,117.696,0
1,3228,11569,1,0,172.76300000000001,0
1,3229,11577,1,0,226.41,0
1,3230,11585,1,0,168.328,0
1,3231,11593,1,0,195.749,0
1,3232,11601,1,0,166.69800000000001,0
1,3233,11609,1,0,195.565,0
1,3234,11617,1,0,204.77699999999999,0
1,3235,11625,1,0,203.387,0
1,3236,11633,1,0,202.96299999999999,0
1,3237,11641,1,0,139.51300000000001,0
1,3238,11649,1,0,185.67099999999999,0
1,3239,11657,1,0,193.88999999999999,0
1,3240,11665,1,0,169.97,0
1,3241,11673,1,0,155.05699999999999,0
1,3242,11681,1,0,132.58099999999999,0
1,3243,11689,1,0,214.99600000000001,0
1,3244,11697,1,0,177.196,0
1,3245,11705,1,0,186.297,0
1,3246,11713,1,0,192.029,0
1,3247,11721,1,0,168.48599999999999,0
1,3248,11729,1,0,173.22499999999999,0
1,3249,11737,1,0,193.917,0
1,3250,11745,1,0,199.03,0
1,3251,11753,1,0,179.52000000000001,0
1,3252,11761,1,0,180.745,0
1,3253,11769,1,0,201.36199999999999,0
1,3254,11777,1,0,178.83699999999999,0
1,3255,11785,1,0,184.667,0
1,3256,11793,1,0,197.54499999999999,0
1,3257,11801,1,0,182.84999999999999,0
1,3258,11809,1,0,198.44800000000001,0
1,3259,11817,1,0,175.06800000000001,0
1,3260,11825,1,0,180.41399999999999,0
1,3261,11833,1,0,156.84399999999999,0
1,3262,11841,1,0,160.523,0
1,3263,11849,1,0,131.61699999999999,0
1,3264,11857,1,0,190.49799999999999,0
1,3265,11865,1,0,176.27699999999999,0
1,3266,11873,1,0,198.38200000000001,0
1,3267,11881,1,0,167.922,0
1,3268,11889,1,0,175.49700000000001,0
1,3269,11897,1,0,180.423,0
1,3270,11905,1,0,186.33799999999999,0
1,3271,11913,1,0,187.309,0
1,3272,11921,1,0,187.249,0
1,3273,11929,1,0,151.63900000000001,0
1,3274,11937,1,0,207.93600000000001,0
1,3275,11945,1,0,188.417,0
1,3276,11953,1,0,160.43299999999999,0
1,3277,11961,1,0,198.083,0
1,3278,11969,1,0,128.286,0
1,3279,11977,1,0,197.035,0
1,3280,11985,1,0,171.40299999999999,0
1,3281,11993,1,0,180.83199999999999,0
1,3282,12001,1,0,136.54400000000001,0
1,3283,12009,1,0,170.81100000000001,0
1,3284,12017,1,0,180.976,0
1,3285,12025,1,0,179.42599999999999,0
1,3286,12033,1,0,188.697,0
1,3287,12041,1,0,177.04900000000001,0
1,3288,12049,1,0,169.38900000000001,0
1,3289,12057,1,0,156.596,0
1,3290,12065,1,0,170.53800000000001,0
1,3291,12073,1,0,195.34899999999999,0
1,3292,12081,1,0,190.26900000000001,0
1,3293,12089,1,0,167.82499999999999,0
1,3294,12097,1,0,194.52199999999999,0
1,3295,12105,1,0,185.75399999999999,0
1,3296,12113,1,0,143.982,0
1,3297,12121,1,0,212.018,0
1,3298,12129,1,0,188.54499999999999,0
1,3299,12137,1,0,158.05799999999999,0
1,3300,12145,1,0,176.303,0
1,3301,12153,1,0,191.22800000000001,0
1,3302,12161,1,0,190.64599999999999,0
1,3303,12169,1,0,169.108,0
1,3304,12177,1,0,189.18799999999999,0
1,3305,12185,1,0,174.90199999999999,0
1,3306,12193,1,0,187.58699999999999,0
1,3307,12201,1,0,159.57300000000001,0
1,3308,12209,1,0,207.31800000000001,0
1,3309,12217,1,0,187.136,0
1,3310,12225,1,0,169.57400000000001,0
1,3311,12233,1,0,158.05000000000001,0
1,3312,12241,1,0,188.52000000000001,0
1,3313,12249,1,0,191.02000000000001,0
1,3314,12257,1,0,200.232,0
1,3315,12265,1,0,181.81299999999999,0
1,3316,12273,1,0,160.43000000000001,0
1,3317,12281,1,0,189.97499999999999,0
1,3318,12289,1,0,128.36199999999999,0
1,3319,12297,1,0,183.16499999999999,0
1,3320,12305,1,0,152.102,0
1,3321,12313,1,0,168.03399999999999,0
1,3322,12321,1,0,189.827,0
1,3323,12329,1,0,196.02799999999999,0
1,3324,12337,1,0,192.87,0
1,3325,12345,1,0,170.88900000000001,0
1,3326,12353,1,0,175.51499999999999,0
1,3327,12361,1,0,179.27600000000001,0
1,3328,12369,1,0,173.33699999999999,0
1,3329,12377,1,0,206.03200000000001,0
1,3330,12385,1,0,174.953,0
1,3331,12393,1,0,195.971,0
1,3332,12401,1,0,181.66399999999999,0
1,3333,12409,1,0,186.17599999999999,0
1,3334,12417,1,0,176.49000000000001,0
1,3335,12425,1,0,175.92099999999999,0
1,3336,12433,1,0,193.80600000000001,0
1,3337,12441,1,0,139.16800000000001,0
1,3338,12449,1,0,183.126,0
1,3339,12457,1,0,170.56200000000001,0
1,3340,12465,1,0,170.14599999999999,0
1,3341,12473,1,0,172.46299999999999,0
1,3342,12481,1,0,175.51400000000001,0
1,3343,12489,1,0,189.65199999999999,0
1,3344,12497,1,0,185.68600000000001,0
1,3345,12505,1,0,193.95099999999999,0
1,3346,12513,1,0,183.20099999999999,0
1,3347,12521,1,0,169.48599999999999,0
1,3348,12529,1,0,161.846,0
1,3349,12537,1,0,181.69900000000001,0
1,3350,12545,1,0,146.589,0
1,3351,12553,1,0,195.43600000000001,0
1,3352,12561,1,0,188.58099999999999,0
1,3353,12569,1,0,185.39500000000001,0
1,3354,12577,1,0,170.428,0
1,3355,12585,1,0,191.38399999999999,0
1,3356,12593,1,0,182.334,0
1,3357,12601,1,0,165.06399999999999,0
1,3358,12609,1,0,228.13200000000001,0
1,3359,12617,1,0,187.125,0
1,3360,12625,1,0,207.643,0
1,3361,12633,1,0,149.90700000000001,0
1,3362,12641,1,0,193.31399999999999,0
1,3363,12649,1,0,166.143,0
1,3364,12657,1,0,179.303,0
1,3365,12665,1,0,153.529,0
1,3366,12673,1,0,198.21799999999999,0
1,3367,12681,1,0,181.76400000000001,0
1,3368,12689,1,0,182.72999999999999,0
1,3369,12697,1,0,153.03999999999999,0
1,3370,12705,1,0,165.46000000000001,0
1,3371,12713,1,0,189.20699999999999,0
1,3372,12721,1,0,133.51400000000001,0
1,3373,12729,1,0,173.97399999999999,0
1,3374,12737,1,0,168.03700000000001,0
1,3375,12745,1,0,199.029,0
1,3376,12753,1,0,149.297,0
1,3377,12761,1,0,190.25299999999999,0
1,3378,12769,1,0,188.03299999999999,0
1,3379,12777,1,0,186.69499999999999,0
1,3380,12785,1,0,167.94300000000001,0
1,3381,12793,1,0,157.827,0
1,3382,12801,1,0,208.065,0
1,3383,12809,1,0,180.74100000000001,0
1,3384,12817,1,0,138.77500000000001,0
1,3385,12825,1,0,176.024,0
1,3386,12833,1,0,140.16800000000001,0
1,3387,12841,1,0,161.43700000000001,0
1,3388,12849,1,0,182.245,0
1,3389,12857,1,0,172.70599999999999,0
1,3390,12865,1,0,121.27500000000001,0
1,3391,12873,1,0,194.12,0
1,3392,12881,1,0,189.548,0
1,3393,12889,1,0,172.464,0
1,3394,12897,1,0,165.45599999999999,0
1,3395,12905,1,0,182.154,0
1,3396,12913,1,0,122.393,0
1,3397,12921,1,0,140.346,0
1,3398,12929,1,0,190.45699999999999,0
1,3399,12937,1,0,150.518,0
1,3400,12945,1,0,155.63999999999999,0
1,3401,12953,1,0,174.13499999999999,0
1,3402,12961,1,0,165.74199999999999,0
1,3403,12969,1,0,192.44399999999999,0
1,3404,12977,1,0,185.82900000000001,0
1,3405,12985,1,0,194.73699999999999,0
1,3406,12993,1,0,166.29400000000001,0
1,3407,13001,1,0,197.63800000000001,0
1,3408,13009,1,0,170.50399999999999,0
1,3409,13017,1,0,179.15299999999999,0
1,3410,13025,1,0,197.827,0
1,3411,13033,1,0,141.59,0
1,3412,13041,1,0,184.565,0
1,3413,13049,1,0,177.15199999999999,0
1,3414,13057,1,0,196.053,0
1,3415,13065,1,0,165.041,0
1,3416,13073,1,0,192.61600000000001,0
1,3417,13081,1,0,187.625,0
1,3418,13089,1,0,175.124,0
1,3419,13097,1,0,180.077,0
1,3420,13105,1,0,160.74799999999999,0
1,3421,13113,1,0,187.69300000000001,0
1,3422,13121,1,0,181.28100000000001,0
1,3423,13129,1,0,173.59700000000001,0
1,3424,13137,1,0,202.10499999999999,0
1,3425,13145,1,0,192.52699999999999,0
1,3426,13153,1,0,155.34200000000001,0
1,3427,13161,1,0,159.97900000000001,0
1,3428,13169,1,0,149.61000000000001,0
1,3429,13177,1,0,197.32599999999999,0
1,3430,13185,1,0,212.18000000000001,0
1,3431,13193,1,0,177.077,0
1,3432,13201,1,0,148.553,0
1,3433,13209,1,0,177.471,0
1,3434,13217,1,0,188.328,0
1,3435,13225,1,0,158.596,0
1,3436,13233,1,0,190.511,0
1,3437,13241,1,0,185.434,0
1,3438,13249,1,0,156.358,0
1,3439,13257,1,0,183.21600000000001,0
1,3440,13265,1,0,157.36000000000001,0
1,3441,13273,1,0,188.92099999999999,0
1,3442,13281,1,0,144.01400000000001,0
1,3443,13289,1,0,166,0
1,3444,13297,1,0,196.39099999999999,0
1,3445,13305,1,0,193.328,0
1,3446,13313,1,0,174.85499999999999,0
1,3447,13321,1,0,134.38,0
1,3448,13329,1,0,225.90100000000001,0
1,3449,13337,1,0,185.49299999999999,0
1,3450,13345,1,0,162.35599999999999,0
1,3451,13353,1,0,175.596,0
1,3452,13361,1,0,172.35400000000001,0
1,3453,13369,1,0,198.238,0
1,3454,13377,1,0,172.327,0
1,3455,13385,1,0,140.90799999999999,0
1,3456,13393,1,0,163.23599999999999,0
1,3457,13401,1,0,178.453,0
1,3458,13409,1,0,188.57499999999999,0
1,3459,13417,1,0,181.42400000000001,0
1,3460,13425,1,0,191.58500000000001,0
1,3461,13433,1,0,163.59100000000001,0
1,3462,13441,1,0,189.56999999999999,0
1,3463,13449,1,0,183.23500000000001,0
1,3464,13457,1,0,166.11600000000001,0
1,3465,13465,1,0,183.398,0
1,3466,13473,1,0,219.642,0
1,3467,13481,1,0,130.989,0
1,3468,13489,1,0,191.005,0
1,3469,13497,1,0,189.78399999999999,0
1,3470,13505,1,0,188.06,0
1,3471,13513,1,0,192.62899999999999,0
1,3472,13521,1,0,153.55500000000001,0
1,3473,13529,1,0,182.74600000000001,0
1,3474,13537,1,0,181.947,0
1,3475,13545,1,0,146.56,0
1,3476,13553,1,0,179.941,0
1,3477,13561,1,0,187.74299999999999,0
1,3478,13569,1,0,191.95599999999999,0
1,3479,13577,1,0,175.404,0
1,3480,13585,1,0,192.428,0
1,3481,13593,1,0,164.732,0
1,3482,13601,1,0,139.71700000000001,0
1,3483,13609,1,0,164.39500000000001,0
1,3484,13617,1,0,151.37700000000001,0
1,3485,13625,1,0,165.54599999999999,0
1,3486,13633,1,0,180.90899999999999,0
1,3487,13641,1,0,182.886,0
1,3488,13649,1,0,158.61600000000001,0
1,3489,13657,1,0,136.267,0
1,3490,13665,1,0,208.91800000000001,0
1,3491,13673,1,0,192.22900000000001,0
1,3492,13681,1,0,148.90199999999999,0
1,3493,13689,1,0,149.81,0
1,3494,13697,1,0,160.30600000000001,0
1,3495,13705,1,0,181.495,0
1,3496,13713,1,0,167.90199999999999,0
1,3497,13721,1,0,139.18799999999999,0
1,3498,13729,1,0,189.167,0
1,3499,13737,1,0,166.536,0
1,3500,13745,1,0,175.27500000000001,0
1,3501,13753,1,0,163.096,0
1,3502,13761,1,0,204.52099999999999,0
1,3503,13769,1,0,167.37,0
1,3504,13777,1,0,161.964,0
1,3505,13785,1,0,142.524,0
1,3506,13793,1,0,177.524,0
1,3507,13801,1,0,176.02000000000001,0
1,3508,13809,1,0,190.60599999999999,0
1,3509,13817,1,0,194.11199999999999,0
1,3510,13825,1,0,146.53,0
1,3511,13833,1,0,177.45400000000001,0
1,3512,13841,1,0,139.292,0
1,3513,13849,1,0,199.37100000000001,0
1,3514,13857,1,0,155.345,0
1,3515,13865,1,0,179.732,0
1,3516,13873,1,0,162.197,0
1,3517,13881,1,0,181.309,0
1,3518,13889,1,0,138.751,0
1,3519,13897,1,0,202.988,0
1,3520,13905,1,0,179.74100000000001,0
1,3521,13913,1,0,162.565,0
1,3522,13921,1,0,198.10599999999999,0
1,3523,13929,1,0,166.02699999999999,0
1,3524,13937,1,0,156.10400000000001,0
1,3525,13945,1,0,216.44499999999999,0
1,3526,13953,1,0,195.75700000000001,0
1,3527,13961,1,0,179.96299999999999,0
1,3528,13969,1,0,206.12100000000001,0
1,3529,13977,1,0,168.892,0
1,3530,13985,1,0,149.41399999999999,0
1,3531,13993,1,0,183.762,0
1,3532,14001,1,0,196.096,0
1,3533,14009,1,0,182.29400000000001,0
1,3534,14017,1,0,162.298,0
1,3535,14025,1,0,193.75,0
1,3536,14033,1,0,144.06100000000001,0
1,3537,14041,1,0,185.48400000000001,0
1,3538,14049,1,0,145.59999999999999,0
1,3539,14057,1,0,192.15199999999999,0
1,3540,14065,1,0,174.87899999999999,0
1,3541,14073,1,0,175.61600000000001,0
1,3542,14081,1,0,195.79300000000001,0
1,3543,14089,1,0,179.72800000000001,0
1,3544,14097,1,0,210.85900000000001,0
1,3545,14105,1,0,141.38499999999999,0
1,3546,14113,1,0,183.101,0
1,3547,14121,1,0,194.23400000000001,0
1,3548,14129,1,0,177.74000000000001,0
1,3549,14137,1,0,163.53899999999999,0
1,3550,14145,1,0,179.61099999999999,0
1,3551,14153,1,0,224.07400000000001,0
1,3552,14161,1,0,157.816,0
1,3553,14169,1,0,183.02699999999999,0
1,3554,14177,1,0,156.05699999999999,0
1,3555,14185,1,0,187.59200000000001,0
1,3556,14193,1,0,115.441,0
1,3557,14201,1,0,192.726,0
1,3558,14209,1,0,175.006,0
1,3559,14217,1,0,146.92400000000001,0
1,3560,14225,1,0,163.51900000000001,0
1,3561,14233,1,0,142.63300000000001,0
1,3562,14241,1,0,221.69499999999999,0
1,3563,14249,1,0,199.827,0
1,3564,1,2,0,190.40600000000001,0
1,3565,9,2,0,163.739,0
1,3566,17,2,0,171.04499999999999,0
1,3567,25,2,0,175.92099999999999,0
1,3568,33,2,0,170.524,0
1,3569,41,2,0,155.25200000000001,0
1,3570,49,2,0,140.08799999999999,0
1,3571,57,2,0,160.80099999999999,0
1,3572,65,2,0,171.898,0
1,3573,73,2,0,163.512,0
1,3574,81,2,0,187.17500000000001,0
1,3575,89,2,0,192.84100000000001,0
1,3576,97,2,0,201.30099999999999,0
1,3577,105,2,0,187.52500000000001,0
1,3578,113,2,0,136.25800000000001,0
1,3579,121,2,0,197.45500000000001,0
1,3580,129,2,0,192.232,0
1,3581,137,2,0,134.86699999999999,0
1,3582,145,2,0,148.971,0
1,3583,153,2,0,178.71600000000001,0
1,3584,161,2,0,189.988,0
1,3585,169,2,0,190.94800000000001,0
1,3586,177,2,0,168.41800000000001,0
1,3587,185,2,0,165.50399999999999,0
1,3588,193,2,0,137.98500000000001,0
1,3589,201,2,0,142.084,0
1,3590,209,2,0,189.38900000000001,0
1,3591,217,2,0,182.10599999999999,0
1,3592,225,2,0,176.40899999999999,0
1,3593,233,2,0,186.30099999999999,0
1,3594,241,2,0,123.864,0
1,3595,249,2,0,162.80000000000001,0
1,3596,257,2,0,175.53299999999999,0
1,3597,265,2,0,186.17400000000001,0
1,3598,273,2,0,155.49600000000001,0
1,3599,281,2,0,201.69900000000001,0
1,3600,289,2,0,178.917,0
1,3601,297,2,0,189.011,0
1,3602,305,2,0,188.95500000000001,0
1,3603,313,2,0,143.59800000000001,0
1,3604,321,2,0,221.78299999999999,0
1,3605,329,2,0,178.96000000000001,0
1,3606,337,2,0,190.93700000000001,0
1,3607,345,2,0,176.06999999999999,0
1,3608,353,2,0,180.03,0
1,3609,361,2,0,198.155,0
1,3610,369,2,0,200.89400000000001,0
1,3611,377,2,0,154.446,0
1,3612,385,2,0,187.006,0
1,3613,393,2,0,176.99600000000001,0
1,3614,401,2,0,163.34299999999999,0
1,3615,409,2,0,141.096,0
1,3616,417,2,0,163.31899999999999,0
1,3617,425,2,0,162.34100000000001,0
1,3618,433,2,0,185.881,0
1,3619,441,2,0,175.21000000000001,0
1,3620,449,2,0,154.548,0
1,3621,457,2,0,185.94300000000001,0
1,3622,465,2,0,141.87899999999999,0
1,3623,473,2,0,180.18299999999999,0
1,3624,481,2,0,200.16499999999999,0
1,3625,489,2,0,185.73699999999999,0
1,3626,497,2,0,190.84100000000001,0
1,3627,505,2,0,180.90700000000001,0
1,3628,513,2,0,173.072,0
1,3629,521,2,0,162.738,0
1,3630,529,2,0,165.821,0
1,3631,537,2,0,179.376,0
1,3632,545,2,0,158.101,0
1,3633,553,2,0,172.28899999999999,0
1,3634,561,2,0,181.72900000000001,0
1,3635,569,2,0,172.40299999999999,0
1,3636,577,2,0,215.75299999999999,0
1,3637,585,2,0,188.53,0
1,3638,593,2,0,181.38900000000001,0
1,3639,601,2,0,181.66499999999999,0
1,3640,609,2,0,179.19900000000001,0
1,3641,617,2,0,174.49100000000001,0
1,3642,625,2,0,152.15899999999999,0
1,3643,633,2,0,136.05699999999999,0
1,3644,641,2,0,188.197,0
1,3645,649,2,0,150.36500000000001,0
1,3646,657,2,0,133.941,0
1,3647,665,2,0,116.322,0
1,3648,673,2,0,174.59399999999999,0
1,3649,681,2,0,199.25,0
1,3650,689,2,0,168.34800000000001,0
1,3651,697,2,0,174.53999999999999,0
1,3652,705,2,0,195.21000000000001,0
1,3653,713,2,0,170.56399999999999,0
1,3654,721,2,0,169.108,0
1,3655,729,2,0,179.416,0
1,3656,737,2,0,163.38800000000001,0
1,3657,745,2,0,193.34700000000001,0
1,3658,753,2,0,129.511,0
1,3659,761,2,0,193.87700000000001,0
1,3660,769,2,0,161.024,0
1,3661,777,2,0,139.71299999999999,0
1,3662,785,2,0,178.62200000000001,0
1,3663,793,2,0,203.751,0
1,3664,801,2,0,170.917,0
1,3665,809,2,0,204.48500000000001,0
1,3666,817,2,0,154.893,0
1,3667,825,2,0,183.535,0
1,3668,833,2,0,184.297,0
1,3669,841,2,0,196.24700000000001,0
1,3670,849,2,0,178.696,0
1,3671,857,2,0,159.589,0
1,3672,865,2,0,176.13,0
1,3673,873,2,0,134.53999999999999,0
1,3674,881,2,0,170.34999999999999,0
1,3675,889,2,0,162.428,0
1,3676,897,2,0,138.898,0
1,3677,905,2,0,165.93700000000001,0
1,3678,913,2,0,125.836,0
1,3679,921,2,0,208.14699999999999,0
1,3680,929,2,0,208.97,0
1,3681,937,2,0,167.53800000000001,0
1,3682,945,2,0,157.864,0
1,3683,953,2,0,165.249,0
1,3684,961,2,0,164.61600000000001,0
1,3685,969,2,0,206.947,0
1,3686,977,2,0,144.392,0
1,3687,985,2,0,175.86600000000001,0
1,3688,993,2,0,156.84,0
1,3689,1001,2,0,191.62899999999999,0
1,3690,1009,2,0,198.845,0
1,3691,1017,2,0,194.35900000000001,0
1,3692,1025,2,0,164.15700000000001,0
1,3693,1033,2,0,190.87700000000001,0
1,3694,1041,2,0,189.416,0
1,3695,1049,2,0,185.68600000000001,0
1,3696,1057,2,0,167.25,0
1,3697,1065,2,0,147.44800000000001,0
1,3698,1073,2,0,145.05600000000001,0
1,3699,1081,2,0,173.95699999999999,0
1,3700,1089,2,0,177.44,0
1,3701,1097,2,0,171.15199999999999,0
1,3702,1105,2,0,157.29300000000001,0
1,3703,1113,2,0,208.185,0
1,3704,1121,2,0,171.024,0
1,3705,1129,2,0,172.36099999999999,0
1,3706,1137,2,0,175.53899999999999,0
1,3707,1145,2,0,150.393,0
1,3708,1153,2,0,192.76599999999999,0
1,3709,1161,2,0,190.965,0
1,3710,1169,2,0,190.75800000000001,0
1,3711,1177,2,0,143.57300000000001,0
1,3712,1185,2,0,185.316,0
1,3713,1193,2,0,176.864,0
1,3714,1201,2,0,176.33600000000001,0
1,3715,1209,2,0,175.02699999999999,0
1,3716,1217,2,0,162.49799999999999,0
1,3717,1225,2,0,185.14099999999999,0
1,3718,1233,2,0,200.02000000000001,0
1,3719,1241,2,0,190.364,0
1,3720,1249,2,0,167.64500000000001,0
1,3721,1257,2,0,181.24799999999999,0
1,3722,1265,2,0,174.654,0
1,3723,1273,2,0,146.32400000000001,0
1,3724,1281,2,0,174.85400000000001,0
1,3725,1289,2,0,164.43799999999999,0
1,3726,1297,2,0,172.80199999999999,0
1,3727,1305,2,0,143.983,0
1,3728,1313,2,0,167.148,0
1,3729,1321,2,0,193.81299999999999,0
1,3730,1329,2,0,150.09800000000001,0
1,3731,1337,2,0,180.32400000000001,0
1,3732,1345,2,0,185.04300000000001,0
1,3733,1353,2,0,182.328,0
1,3734,1361,2,0,205.07900000000001,0
1,3735,1369,2,0,174.166,0
1,3736,1377,2,0,204.816,0
1,3737,1385,2,0,136.76900000000001,0
1,3738,1393,2,0,125.914,0
1,3739,1401,2,0,158.09800000000001,0
1,3740,1409,2,0,171.523,0
1,3741,1417,2,0,157.89699999999999,0
1,3742,1425,2,0,173.74299999999999,0
1,3743,1433,2,0,147.33500000000001,0
1,3744,1441,2,0,181.21700000000001,0
1,3745,1449,2,0,183.66,0
1,3746,1457,2,0,168.42400000000001,0
1,3747,1465,2,0,182.03399999999999,0
1,3748,1473,2,0,188.816,0
1,3749,1481,2,0,190.97399999999999,0
1,3750,1489,2,0,184.17099999999999,0
1,3751,1497,2,0,181.07599999999999,0
1,3752,1505,2,0,203,0
1,3753,1513,2,0,173.886,0
1,3754,1521,2,0,193.10300000000001,0
1,3755,1529,2,0,146.55199999999999,0
1,3756,1537,2,0,145.977,0
1,3757,1545,2,0,165.56700000000001,0
1,3758,1553,2,0,134.98699999999999,0
1,3759,1561,2,0,122.779,0
1,3760,1569,2,0,186.36199999999999,0
1,3761,1577,2,0,182.35900000000001,0
1,3762,1585,2,0,183.39400000000001,0
1,3763,1593,2,0,150.268,0
1,3764,1601,2,0,204.05699999999999,0
1,3765,1609,2,0,186.07599999999999,0
1,3766,1617,2,0,197.70099999999999,0
1,3767,1625,2,0,175.77000000000001,0
1,3768,1633,2,0,169.26900000000001,0
1,3769,1641,2,0,189.52000000000001,0
1,3770,1649,2,0,157.65600000000001,0
1,3771,1657,2,0,162.90000000000001,0
1,3772,1665,2,0,179.904,0
1,3773,1673,2,0,162.19,0
1,3774,1681,2,0,123.273,0
1,3775,1689,2,0,173.047,0
1,3776,1697,2,0,185.93199999999999,0
1,3777,1705,2,0,166.66,0
1,3778,1713,2,0,194.62799999999999,0
1,3779,1721,2,0,178.27199999999999,0
1,3780,1729,2,0,183.553,0
1,3781,1737,2,0,171.399,0
1,3782,1745,2,0,191.20400000000001,0
1,3783,1753,2,0,159.387,0
1,3784,1761,2,0,148.94200000000001,0
1,3785,1769,2,0,153.95699999999999,0
1,3786,1777,2,0,177.14099999999999,0
1,3787,1785,2,0,178.32400000000001,0
1,3788,1793,2,0,132.27199999999999,0
1,3789,1801,2,0,192.91,0
1,3790,1809,2,0,170.095,0
1,3791,1817,2,0,179.13300000000001,0
1,3792,1825,2,0,143.946,0
1,3793,1833,2,0,182.47,0
1,3794,1841,2,0,206.32300000000001,0
1,3795,1849,2,0,175.69999999999999,0
1,3796,1857,2,0,184.62100000000001,0
1,3797,1865,2,0,197.85499999999999,0
1,3798,1873,2,0,172.70699999999999,0
1,3799,1881,2,0,137.42500000000001,0
1,3800,1889,2,0,171.39500000000001,0
1,3801,1897,2,0,182.971,0
1,3802,1905,2,0,184.75299999999999,0
1,3803,1913,2,0,181.07599999999999,0
1,3804,1921,2,0,161.84899999999999,0
1,3805,1929,2,0,198.86199999999999,0
1,3806,1937,2,0,180.88300000000001,0
1,3807,1945,2,0,169.321,0
1,3808,1953,2,0,184.39699999999999,0
1,3809,1961,2,0,190.69,0
1,3810,1969,2,0,192.32900000000001,0
1,3811,1977,2,0,174.11500000000001,0
1,3812,1985,2,0,180.643,0
1,3813,1993,2,0,200.70599999999999,0
1,3814,2001,2,0,190.87,0
1,3815,2009,2,0,155.875,0
1,3816,2017,2,0,185.00399999999999,0
1,3817,2025,2,0,157.81,0
1,3818,2033,2,0,131.91999999999999,0
1,3819,2041,2,0,180.899,0
1,3820,2049,2,0,161.071,0
1,3821,2057,2,0,172.517,0
1,3822,2065,2,0,194.715,0
1,3823,2073,2,0,187.916,0
1,3824,2081,2,0,173.19800000000001,0
1,3825,2089,2,0,179.32599999999999,0
1,3826,2097,2,0,162.50899999999999,0
1,3827,2105,2,0,177.66,0
1,3828,2113,2,0,170.399,0
1,3829,2121,2,0,194.59899999999999,0
1,3830,2129,2,0,211.25899999999999,0
1,3831,2137,2,0,181.464,0
1,3832,2145,2,0,184.46899999999999,0
1,3833,2153,2,0,192.959,0
1,3834,2161,2,0,130.52699999999999,0
1,3835,2169,2,0,189.09700000000001,0
1,3836,2177,2,0,177.30000000000001,0
1,3837,2185,2,0,187.94200000000001,0
1,3838,2193,2,0,175.191,0
1,3839,2201,2,0,153.928,0
1,3840,2209,2,0,190.33699999999999,0
1,3841,2217,2,0,127.938,0
1,3842,2225,2,0,160.17599999999999,0
1,3843,2233,2,0,188.89400000000001,0
1,3844,2241,2,0,176.999,0
1,3845,2249,2,0,194.86199999999999,0
1,3846,2257,2,0,198.61500000000001,0
1,3847,2265,2,0,159.36699999999999,0
1,3848,2273,2,0,189.15299999999999,0
1,3849,2281,2,0,180.51400000000001,0
1,3850,2289,2,0,195.548,0
1,3851,2297,2,0,183.739,0
1,3852,2305,2,0,192.37200000000001,0
1,3853,2313,2,0,175.47200000000001,0
1,3854,2321,2,0,158.90199999999999,0
1,3855,2329,2,0,160.59800000000001,0
1,3856,2337,2,0,187.33600000000001,0
1,3857,2345,2,0,158.49299999999999,0
1,3858,2353,2,0,174.446,0
1,3859,2361,2,0,192.517,0
1,3860,2369,2,0,183.334,0
1,3861,2377,2,0,164.26900000000001,0
1,3862,2385,2,0,163.477,0
1,3863,2393,2,0,197.81899999999999,0
1,3864,2401,2,0,228.76900000000001,0
1,3865,2409,2,0,177.37,0
1,3866,2417,2,0,191.42500000000001,0
1,3867,2425,2,0,158.327,0
1,3868,2433,2,0,181.58000000000001,0
1,3869,2441,2,0,175.13900000000001,0
1,3870,2449,2,0,156.45699999999999,0
1,3871,2457,2,0,188.43000000000001,0
1,3872,2465,2,0,168.88499999999999,0
1,3873,2473,2,0,186.53100000000001,0
1,3874,2481,2,0,176.071,0
1,3875,2489,2,0,175.892,0
1,3876,2497,2,0,172.70699999999999,0
1,3877,2505,2,0,189.29599999999999,0
1,3878,2513,2,0,173.35599999999999,0
1,3879,2521,2,0,177.20099999999999,0
1,3880,2529,2,0,185.36799999999999,0
1,3881,2537,2,0,199.53899999999999,0
1,3882,2545,2,0,195.11500000000001,0
1,3883,2553,2,0,194.54900000000001,0
1,3884,2561,2,0,213.619,0
1,3885,2569,2,0,165.74700000000001,0
1,3886,2577,2,0,147.15299999999999,0
1,3887,2585,2,0,177.83699999999999,0
1,3888,2593,2,0,163.97999999999999,0
1,3889,2601,2,0,148.48500000000001,0
1,3890,2609,2,0,210.50399999999999,0
1,3891,2617,2,0,186.85400000000001,0
1,3892,2625,2,0,157.715,0
1,3893,2633,2,0,165.61000000000001,0
1,3894,2641,2,0,174.5,0
1,3895,2649,2,0,138.084,0
1,3896,2657,2,0,192.417,0
1,3897,2665,2,0,121.39400000000001,0
1,3898,2673,2,0,168.721,0
1,3899,2681,2,0,202.33699999999999,0
1,3900,2689,2,0,142.80000000000001,0
1,3901,2697,2,0,193.80000000000001,0
1,3902,2705,2,0,181.881,0
1,3903,2713,2,0,155.20699999999999,0
1,3904,2721,2,0,167.16,0
1,3905,2729,2,0,174.50899999999999,0
1,3906,2737,2,0,170.69800000000001,0
1,3907,2745,2,0,187.744,0
1,3908,2753,2,0,146.798,0
1,3909,2761,2,0,179.452,0
1,3910,2769,2,0,180.04300000000001,0
1,3911,2777,2,0,193.803,0
1,3912,2785,2,0,196.29300000000001,0
1,3913,2793,2,0,174.864,0
1,3914,2801,2,0,176.54400000000001,0
1,3915,2809,2,0,175.286,0
1,3916,2817,2,0,160.67099999999999,0
1,3917,2825,2,0,171.797,0
1,3918,2833,2,0,177.94,0
1,3919,2841,2,0,179.71899999999999,0
1,3920,2849,2,0,170.28200000000001,0
1,3921,2857,2,0,193.059,0
1,3922,2865,2,0,159.53299999999999,0
1,3923,2873,2,0,186.24600000000001,0
1,3924,2881,2,0,186.75999999999999,0
1,3925,2889,2,0,160.16499999999999,0
1,3926,2897,2,0,149.00200000000001,0
1,3927,2905,2,0,181.142,0
1,3928,2913,2,0,186.393,0
1,3929,2921,2,0,159.28700000000001,0
1,3930,2929,2,0,131.89500000000001,0
1,3931,2937,2,0,176.92599999999999,0
1,3932,2945,2,0,188.672,0
1,3933,2953,2,0,205.37100000000001,0
1,3934,2961,2,0,202.51599999999999,0
1,3935,2969,2,0,186.72900000000001,0
1,3936,2977,2,0,164.33500000000001,0
1,3937,2985,2,0,175.71000000000001,0
1,3938,2993,2,0,198.63300000000001,0
1,3939,3001,2,0,156.62899999999999,0
1,3940,3009,2,0,144.61500000000001,0
1,3941,3017,2,0,181.72499999999999,0
1,3942,3025,2,0,130.249,0
1,3943,3033,2,0,168.08600000000001,0
1,3944,3041,2,0,180.85900000000001,0
1,3945,3049,2,0,186.589,0
1,3946,3057,2,0,138.98400000000001,0
1,3947,3065,2,0,206.45699999999999,0
1,3948,3073,2,0,177.05699999999999,0
1,3949,3081,2,0,185.88800000000001,0
1,3950,3089,2,0,175.73099999999999,0
1,3951,3097,2,0,198.316,0
1,3952,3105,2,0,167.649,0
1,3953,3113,2,0,191.52000000000001,0
1,3954,3121,2,0,143.32300000000001,0
1,3955,3129,2,0,190.74700000000001,0
1,3956,3137,2,0,204.64599999999999,0
1,3957,3145,2,0,138.78800000000001,0
1,3958,3153,2,0,167.45099999999999,0
1,3959,3161,2,0,197.25399999999999,0
1,3960,3169,2,0,192.17400000000001,0
1,3961,3177,2,0,181.27199999999999,0
1,3962,3185,2,0,176.68899999999999,0
1,3963,3193,2,0,180.94200000000001,0
1,3964,3201,2,0,184.94900000000001,0
1,3965,3209,2,0,190.34800000000001,0
1,3966,3217,2,0,178.19200000000001,0
1,3967,3225,2,0,179.79900000000001,0
1,3968,3233,2,0,191.952,0
1,3969,3241,2,0,193.76599999999999,0
1,3970,3249,2,0,180.625,0
1,3971,3257,2,0,173.947,0
1,3972,3265,2,0,195.029,0
1,3973,3273,2,0,128.345,0
1,3974,3281,2,0,221.45500000000001,0
1,3975,3289,2,0,179.864,0
1,3976,3297,2,0,155.941,0
1,3977,3305,2,0,197.24600000000001,0
1,3978,3313,2,0,186.5,0
1,3979,3321,2,0,144.43899999999999,0
1,3980,3329,2,0,179.369,0
1,3981,3337,2,0,172.53899999999999,0
1,3982,3345,2,0,174.25700000000001,0
1,3983,3353,2,0,157.95500000000001,0
1,3984,3361,2,0,174.518,0
1,3985,3369,2,0,179.30000000000001,0
1,3986,3377,2,0,178.172,0
1,3987,3385,2,0,172.47499999999999,0
1,3988,3393,2,0,140.12799999999999,0
1,3989,3401,2,0,131.24799999999999,0
1,3990,3409,2,0,160.07599999999999,0
1,3991,3417,2,0,148.71299999999999,0
1,3992,3425,2,0,165.47999999999999,0
1,3993,3433,2,0,202.61600000000001,0
1,3994,3441,2,0,174.608,0
1,3995,3449,2,0,199.31899999999999,0
1,3996,3457,2,0,199.887,0
1,3997,3465,2,0,187.84700000000001,0
1,3998,3473,2,0,183.036,0
1,3999,3481,2,0,178.32900000000001,0
1,4000,3489,2,0,176.21799999999999,0
1,4001,3497,2,0,180.18000000000001,0
1,4002,3505,2,0,132.42099999999999,0
1,4003,3513,2,0,210.55799999999999,0
1,4004,3521,2,0,194.56700000000001,0
1,4005,3529,2,0,179.655,0
1,4006,3537,2,0,193.97999999999999,0
1,4007,3545,2,0,181.44,0
1,4008,3553,2,0,185.553,0
1,4009,3561,2,0,137.88300000000001,0
1,4010,3569,2,0,184.55799999999999,0
1,4011,3577,2,0,191.31299999999999,0
1,4012,3585,2,0,184.39400000000001,0
1,4013,3593,2,0,162.81899999999999,0
1,4014,3601,2,0,168.80500000000001,0
1,4015,3609,2,0,202.095,0
1,4016,3617,2,0,173.64699999999999,0
1,4017,3625,2,0,160.50800000000001,0
1,4018,3633,2,0,181.34800000000001,0
1,4019,3641,2,0,193.34200000000001,0
1,4020,3649,2,0,161.209,0
1,4021,3657,2,0,158.125,0
1,4022,3665,2,0,171.85900000000001,0
1,4023,3673,2,0,141.446,0
1,4024,3681,2,0,163.047,0
1,4025,3689,2,0,177.47900000000001,0
1,4026,3697,2,0,136.46199999999999,0
1,4027,3705,2,0,143.905,0
1,4028,3713,2,0,179.209,0
1,4029,3721,2,0,163.18600000000001,0
1,4030,3729,2,0,131.99299999999999,0
1,4031,3737,2,0,183.36000000000001,0
1,4032,3745,2,0,131.345,0
1,4033,3753,2,0,180.47900000000001,0
1,4034,3761,2,0,200.88300000000001,0
1,4035,3769,2,0,176.941,0
1,4036,3777,2,0,198.74600000000001,0
1,4037,3785,2,0,186.14599999999999,0
1,4038,3793,2,0,177.61099999999999,0
1,4039,3801,2,0,188.52500000000001,0
1,4040,3809,2,0,191.13900000000001,0
1,4041,3817,2,0,181.928,0
1,4042,3825,2,0,192.00299999999999,0
1,4043,3833,2,0,213.04300000000001,0
1,4044,3841,2,0,152.92699999999999,0
1,4045,3849,2,0,160.56899999999999,0
1,4046,3857,2,0,152.596,0
1,4047,3865,2,0,169.56100000000001,0
1,4048,3873,2,0,186.08600000000001,0
1,4049,3881,2,0,167.41999999999999,0
1,4050,3889,2,0,168.49199999999999,0
1,4051,3897,2,0,174.19499999999999,0
1,4052,3905,2,0,212.708,0
1,4053,3913,2,0,190.94800000000001,0
1,4054,3921,2,0,174.20599999999999,0
1,4055,3929,2,0,193.81800000000001,0
1,4056,3937,2,0,171.86199999999999,0
1,4057,3945,2,0,185.75899999999999,0
1,4058,3953,2,0,199.72499999999999,0
1,4059,3961,2,0,207.66499999999999,0
1,4060,3969,2,0,211.56800000000001,0
1,4061,3977,2,0,161.334,0
1,4062,3985,2,0,172.386,0
1,4063,3993,2,0,149.34299999999999,0
1,4064,4001,2,0,186.47300000000001,0
1,4065,4009,2,0,186.75399999999999,0
1,4066,4017,2,0,201.761,0
1,4067,4025,2,0,175.09399999999999,0
1,4068,4033,2,0,156.47399999999999,0
1,4069,4041,2,0,185.041,0
1,4070,4049,2,0,144.88900000000001,0
1,4071,4057,2,0,173.465,0
1,4072,4065,2,0,173.63999999999999,0
1,4073,4073,2,0,153.52799999999999,0
1,4074,4081,2,0,175.089,0
1,4075,4089,2,0,140.17400000000001,0
1,4076,4097,2,0,121.077,0
1,4077,4105,2,0,165.285,0
1,4078,4113,2,0,195.37100000000001,0
1,4079,4121,2,0,196.19300000000001,0
1,4080,4129,2,0,148.703,0
1,4081,4137,2,0,155.864,0
1,4082,4145,2,0,185.07900000000001,0
1,4083,4153,2,0,178.154,0
1,4084,4161,2,0,203.84299999999999,0
1,4085,4169,2,0,165.238,0
1,4086,4177,2,0,166.33500000000001,0
1,4087,4185,2,0,173.31100000000001,0
1,4088,4193,2,0,176.297,0
1,4089,4201,2,0,197.66999999999999,0
1,4090,4209,2,0,173.202,0
1,4091,4217,2,0,169.54900000000001,0
1,4092,4225,2,0,210.05500000000001,0
1,4093,4233,2,0,166.18700000000001,0
1,4094,4241,2,0,190.535,0
1,4095,4249,2,0,170.876,0
1,4096,4257,2,0,184.58699999999999,0
1,4097,4265,2,0,181.999,0
1,4098,4273,2,0,173.22499999999999,0
1,4099,4281,2,0,191.809,0
1,4100,4289,2,0,131.637,0
1,4101,4297,2,0,181.35900000000001,0
1,4102,4305,2,0,142.78200000000001,0
1,4103,4313,2,0,179.173,0
1,4104,4321,2,0,121.395,0
1,4105,4329,2,0,133.922,0
1,4106,4337,2,0,164.07300000000001,0
1,4107,4345,2,0,201.279,0
1,4108,4353,2,0,165.39099999999999,0
1,4109,4361,2,0,209.625,0
1,4110,4369,2,0,150.214,0
1,4111,4377,2,0,154.28100000000001,0
1,4112,4385,2,0,195.446,0
1,4113,4393,2,0,126.658,0
1,4114,4401,2,0,191.84899999999999,0
1,4115,4409,2,0,161.71100000000001,0
1,4116,4417,2,0,185.49199999999999,0
1,4117,4425,2,0,153.001,0
1,4118,4433,2,0,204.191,0
1,4119,4441,2,0,136.22800000000001,0
1,4120,4449,2,0,191.608,0
1,4121,4457,2,0,199.392,0
1,4122,4465,2,0,155.89699999999999,0
1,4123,4473,2,0,165.03100000000001,0
1,4124,4481,2,0,180.994,0
1,4125,4489,2,0,137.94800000000001,0
1,4126,4497,2,0,124.428,0
1,4127,4505,2,0,177.761,0
1,4128,4513,2,0,202.15899999999999,0
1,4129,4521,2,0,191.70099999999999,0
1,4130,4529,2,0,152.791,0
1,4131,4537,2,0,158.09299999999999,0
1,4132,4545,2,0,156.458,0
1,4133,4553,2,0,168.44499999999999,0
1,4134,4561,2,0,134.60300000000001,0
1,4135,4569,2,0,151.36799999999999,0
1,4136,4577,2,0,201.63800000000001,0
1,4137,4585,2,0,227.31700000000001,0
1,4138,4593,2,0,178.297,0
1,4139,4601,2,0,168.03399999999999,0
1,4140,4609,2,0,199.035,0
1,4141,4617,2,0,202.11600000000001,0
1,4142,4625,2,0,138.435,0
1,4143,4633,2,0,161.077,0
1,4144,4641,2,0,179.52600000000001,0
1,4145,4649,2,0,195.29599999999999,0
1,4146,4657,2,0,175.72300000000001,0
1,4147,4665,2,0,206.22999999999999,0
1,4148,4673,2,0,162.977,0
1,4149,4681,2,0,186.75399999999999,0
1,4150,4689,2,0,159.97999999999999,0
1,4151,4697,2,0,169.08600000000001,0
1,4152,4705,2,0,182.08600000000001,0
1,4153,4713,2,0,199.73699999999999,0
1,4154,4721,2,0,188.26499999999999,0
1,4155,4729,2,0,187.214,0
1,4156,4737,2,0,187.691,0
1,4157,4745,2,0,176.636,0
1,4158,4753,2,0,165.88200000000001,0
1,4159,4761,2,0,159.81299999999999,0
1,4160,4769,2,0,169.286,0
1,4161,4777,2,0,175.29400000000001,0
1,4162,4785,2,0,184.66,0
1,4163,4793,2,0,139.75700000000001,0
1,4164,4801,2,0,140.08099999999999,0
1,4165,4809,2,0,179.899,0
1,4166,4817,2,0,187.768,0
1,4167,4825,2,0,187.47399999999999,0
1,4168,4833,2,0,154.75200000000001,0
1,4169,4841,2,0,188.42400000000001,0
1,4170,4849,2,0,122.664,0
1,4171,4857,2,0,207.25899999999999,0
1,4172,4865,2,0,191.58500000000001,0
1,4173,4873,2,0,158.78200000000001,0
1,4174,4881,2,0,174.357,0
1,4175,4889,2,0,200.75700000000001,0
1,4176,4897,2,0,194.33099999999999,0
1,4177,4905,2,0,162.00299999999999,0
1,4178,4913,2,0,216.726,0
1,4179,4921,2,0,169.91900000000001,0
1,4180,4929,2,0,174.74700000000001,0
1,4181,4937,2,0,148.209,0
1,4182,4945,2,0,182.495,0
1,4183,4953,2,0,177.696,0
1,4184,4961,2,0,174.85400000000001,0
1,4185,4969,2,0,168.35599999999999,0
1,4186,4977,2,0,189.01400000000001,0
1,4187,4985,2,0,186.22499999999999,0
1,4188,4993,2,0,187.739,0
1,4189,5001,2,0,160.66,0
1,4190,5009,2,0,188.81999999999999,0
1,4191,5017,2,0,198.28100000000001,0
1,4192,5025,2,0,162.21899999999999,0
1,4193,5033,2,0,187.541,0
1,4194,5041,2,0,188.61199999999999,0
1,4195,5049,2,0,203.197,0
1,4196,5057,2,0,183.82300000000001,0
1,4197,5065,2,0,183.38800000000001,0
1,4198,5073,2,0,188.25200000000001,0
1,4199,5081,2,0,181.54300000000001,0
1,4200,5089,2,0,133.982,0
1,4201,5097,2,0,147.834,0
1,4202,5105,2,0,165.62299999999999,0
1,4203,5113,2,0,189.011,0
1,4204,5121,2,0,183.023,0
1,4205,5129,2,0,154.351,0
1,4206,5137,2,0,130.04900000000001,0
1,4207,5145,2,0,164.55000000000001,0
1,4208,5153,2,0,184.309,0
1,4209,5161,2,0,199.30600000000001,0
1,4210,5169,2,0,175.952,0
1,4211,5177,2,0,166.81999999999999,0
1,4212,5185,2,0,197.65199999999999,0
1,4213,5193,2,0,166.92500000000001,0
1,4214,5201,2,0,158.01599999999999,0
1,4215,5209,2,0,174.49600000000001,0
1,4216,5217,2,0,154.63,0
1,4217,5225,2,0,211.952,0
1,4218,5233,2,0,178.18199999999999,0
1,4219,5241,2,0,177.101,0
1,4220,5249,2,0,185.06899999999999,0
1,4221,5257,2,0,171.047,0
1,4222,5265,2,0,172.02199999999999,0
1,4223,5273,2,0,189.386,0
1,4224,5281,2,0,180.55000000000001,0
1,4225,5289,2,0,148.94499999999999,0
1,4226,5297,2,0,134.74100000000001,0
1,4227,5305,2,0,137.268,0
1,4228,5313,2,0,225.071,0
1,4229,5321,2,0,148.661,0
1,4230,5329,2,0,187.489,0
1,4231,5337,2,0,118.303,0
1,4232,5345,2,0,179.624,0
1,4233,5353,2,0,188.52799999999999,0
1,4234,5361,2,0,196.31100000000001,0
1,4235,5369,2,0,186.702,0
1,4236,5377,2,0,188.346,0
1,4237,5385,2,0,169.005,0
1,4238,5393,2,0,172.88200000000001,0
1,4239,5401,2,0,182.36000000000001,0
1,4240,5409,2,0,189.75700000000001,0
1,4241,5417,2,0,146.90000000000001,0
1,4242,5425,2,0,185.09899999999999,0
1,4243,5433,2,0,157.08500000000001,0
1,4244,5441,2,0,172.13399999999999,0
1,4245,5449,2,0,192.34999999999999,0
1,4246,5457,2,0,186.15600000000001,0
1,4247,5465,2,0,164.035,0
1,4248,5473,2,0,180.874,0
1,4249,5481,2,0,200.16999999999999,0
1,4250,5489,2,0,203.714,0
1,4251,5497,2,0,148.31,0
1,4252,5505,2,0,184.78800000000001,0
1,4253,5513,2,0,193.696,0
1,4254,5521,2,0,149.89599999999999,0
1,4255,5529,2,0,183.97,0
1,4256,5537,2,0,142.30000000000001,0
1,4257,5545,2,0,164.905,0
1,4258,5553,2,0,181.46000000000001,0
1,4259,5561,2,0,141.99100000000001,0
1,4260,5569,2,0,137.82300000000001,0
1,4261,5577,2,0,201.422,0
1,4262,5585,2,0,194.46700000000001,0
1,4263,5593,2,0,170.59299999999999,0
1,4264,5601,2,0,169.971,0
1,4265,5609,2,0,180.84399999999999,0
1,4266,5617,2,0,162.57900000000001,0
1,4267,5625,2,0,209.79599999999999,0
1,4268,5633,2,0,153.77600000000001,0
1,4269,5641,2,0,185.09899999999999,0
1,4270,5649,2,0,155.37899999999999,0
1,4271,5657,2,0,175.42500000000001,0
1,4272,5665,2,0,148.19499999999999,0
1,4273,5673,2,0,156.15100000000001,0
1,4274,5681,2,0,148.93700000000001,0
1,4275,5689,2,0,131.59999999999999,0
1,4276,5697,2,0,187.583,0
1,4277,5705,2,0,203.238,0
1,4278,5713,2,0,128.45500000000001,0
1,4279,5721,2,0,172.09200000000001,0
1,4280,5729,2,0,136.39099999999999,0
1,4281,5737,2,0,194.09,0
1,4282,5745,2,0,208.80199999999999,0
1,4283,5753,2,0,122.517,0
1,4284,5761,2,0,196.376,0
1,4285,5769,2,0,126.312,0
1,4286,5777,2,0,182.078,0
1,4287,5785,2,0,186.375,0
1,4288,5793,2,0,187.54300000000001,0
1,4289,5801,2,0,186.90000000000001,0
1,4290,5809,2,0,198.726,0
1,4291,5817,2,0,162.333,0
1,4292,5825,2,0,173.61000000000001,0
1,4293,5833,2,0,169.673,0
1,4294,5841,2,0,185.52000000000001,0
1,4295,5849,2,0,179.381,0
1,4296,5857,2,0,181.77699999999999,0
1,4297,5865,2,0,168.03700000000001,0
1,4298,5873,2,0,169.923,0
1,4299,5881,2,0,197.899,0
1,4300,5889,2,0,179.99799999999999,0
1,4301,5897,2,0,163.64599999999999,0
1,4302,5905,2,0,191.273,0
1,4303,5913,2,0,179.16300000000001,0
1,4304,5921,2,0,175.74299999999999,0
1,4305,5929,2,0,169.41,0
1,4306,5937,2,0,131.762,0
1,4307,5945,2,0,159.172,0
1,4308,5953,2,0,188.762,0
1,4309,5961,2,0,168.63200000000001,0
1,4310,5969,2,0,174.197,0
1,4311,5977,2,0,181.52600000000001,0
1,4312,5985,2,0,148.45099999999999,0
1,4313,5993,2,0,207.084,0
1,4314,6001,2,0,159.67400000000001,0
1,4315,6009,2,0,152.94200000000001,0
1,4316,6017,2,0,191.74199999999999,0
1,4317,6025,2,0,176.53899999999999,0
1,4318,6033,2,0,175.429,0
1,4319,6041,2,0,183.095,0
1,4320,6049,2,0,182.322,0
1,4321,6057,2,0,177.80699999999999,0
1,4322,6065,2,0,189.077,0
1,4323,6073,2,0,191.87200000000001,0
1,4324,6081,2,0,170.928,0
1,4325,6089,2,0,179.47300000000001,0
1,4326,6097,2,0,176.52600000000001,0
1,4327,6105,2,0,168.76900000000001,0
1,4328,6113,2,0,161.97200000000001,0
1,4329,6121,2,0,168.38800000000001,0
1,4330,6129,2,0,186.583,0
1,4331,6137,2,0,175.982,0
1,4332,6145,2,0,175.82400000000001,0
1,4333,6153,2,0,176.09899999999999,0
1,4334,6161,2,0,187.608,0
1,4335,6169,2,0,184.57900000000001,0
1,4336,6177,2,0,182.101,0
1,4337,6185,2,0,184.68199999999999,0
1,4338,6193,2,0,205.011,0
1,4339,6201,2,0,174.65700000000001,0
1,4340,6209,2,0,196.14400000000001,0
1,4341,6217,2,0,168.99199999999999,0
1,4342,6225,2,0,197.339,0
1,4343,6233,2,0,178.08500000000001,0
1,4344,6241,2,0,187.006,0
1,4345,6249,2,0,214.14400000000001,0
1,4346,6257,2,0,131.00700000000001,0
1,4347,6265,2,0,164.917,0
1,4348,6273,2,0,190.91,0
1,4349,6281,2,0,181.501,0
1,4350,6289,2,0,161.85599999999999,0
1,4351,6297,2,0,153.953,0
1,4352,6305,2,0,159.62700000000001,0
1,4353,6313,2,0,187.18299999999999,0
1,4354,6321,2,0,176.893,0
1,4355,6329,2,0,170.73500000000001,0
1,4356,6337,2,0,171.41399999999999,0
1,4357,6345,2,0,192.26400000000001,0
1,4358,6353,2,0,194.62100000000001,0
1,4359,6361,2,0,183.21299999999999,0
1,4360,6369,2,0,168.20099999999999,0
1,4361,6377,2,0,159.5,0
1,4362,6385,2,0,159.04499999999999,0
1,4363,6393,2,0,194.86600000000001,0
1,4364,6401,2,0,163.328,0
1,4365,6409,2,0,153.57300000000001,0
1,4366,6417,2,0,159.30699999999999,0
1,4367,6425,2,0,158.5,0
1,4368,6433,2,0,179.34100000000001,0
1,4369,6441,2,0,164.68100000000001,0
1,4370,6449,2,0,158.06899999999999,0
1,4371,6457,2,0,191.43600000000001,0
1,4372,6465,2,0,160.36000000000001,0
1,4373,6473,2,0,151.70500000000001,0
1,4374,6481,2,0,165.886,0
1,4375,6489,2,0,189.20400000000001,0
1,4376,6497,2,0,186.286,0
1,4377,6505,2,0,192.64599999999999,0
1,4378,6513,2,0,162.286,0
1,4379,6521,2,0,175.66800000000001,0
1,4380,6529,2,0,170.21299999999999,0
1,4381,6537,2,0,186.45500000000001,0
1,4382,6545,2,0,157.309,0
1,4383,6553,2,0,195.678,0
1,4384,6561,2,0,190.14099999999999,0
1,4385,6569,2,0,175.571,0
1,4386,6577,2,0,149.89699999999999,0
1,4387,6585,2,0,161.15600000000001,0
1,4388,6593,2,0,174.17099999999999,0
1,4389,6601,2,0,179.44399999999999,0
1,4390,6609,2,0,181.09999999999999,0
1,4391,6617,2,0,124.94,0
1,4392,6625,2,0,172.5,0
1,4393,6633,2,0,192.834,0
1,4394,6641,2,0,162.286,0
1,4395,6649,2,0,191.04400000000001,0
1,4396,6657,2,0,188.29599999999999,0
1,4397,6665,2,0,177.19200000000001,0
1,4398,6673,2,0,229.608,0
1,4399,6681,2,0,185.10400000000001,0
1,4400,6689,2,0,186.77699999999999,0
1,4401,6697,2,0,142.99700000000001,0
1,4402,6705,2,0,159.191,0
1,4403,6713,2,0,170.08500000000001,0
1,4404,6721,2,0,161.78700000000001,0
1,4405,6729,2,0,200.833,0
1,4406,6737,2,0,183.82900000000001,0
1,4407,6745,2,0,158.90100000000001,0
1,4408,6753,2,0,176.435,0
1,4409,6761,2,0,184.63900000000001,0
1,4410,6769,2,0,193.387,0
1,4411,6777,2,0,149.148,0
1,4412,6785,2,0,169.21600000000001,0
1,4413,6793,2,0,147.16900000000001,0
1,4414,6801,2,0,190.381,0
1,4415,6809,2,0,195.77699999999999,0
1,4416,6817,2,0,189.148,0
1,4417,6825,2,0,157.35599999999999,0
1,4418,6833,2,0,160.726,0
1,4419,6841,2,0,147.244,0
1,4420,6849,2,0,201.39699999999999,0
1,4421,6857,2,0,182.64400000000001,0
1,4422,6865,2,0,168.26300000000001,0
1,4423,6873,2,0,174.994,0
1,4424,6881,2,0,190.13900000000001,0
1,4425,6889,2,0,194.68100000000001,0
1,4426,6897,2,0,178.309,0
1,4427,6905,2,0,190.959,0
1,4428,6913,2,0,132.50700000000001,0
1,4429,6921,2,0,162.40899999999999,0
1,4430,6929,2,0,191.56899999999999,0
1,4431,6937,2,0,175.11600000000001,0
1,4432,6945,2,0,141.036,0
1,4433,6953,2,0,196.10900000000001,0
1,4434,6961,2,0,186.30699999999999,0
1,4435,6969,2,0,189.33099999999999,0
1,4436,6977,2,0,198.46299999999999,0
1,4437,6985,2,0,187.40299999999999,0
1,4438,6993,2,0,119.88800000000001,0
1,4439,7001,2,0,160.25700000000001,0
1,4440,7009,2,0,192.26599999999999,0
1,4441,7017,2,0,191.87799999999999,0
1,4442,7025,2,0,183.023,0
1,4443,7033,2,0,161.19999999999999,0
1,4444,7041,2,0,178.10599999999999,0
1,4445,7049,2,0,129.595,0
1,4446,7057,2,0,196.26900000000001,0
1,4447,7065,2,0,184.24799999999999,0
1,4448,7073,2,0,188.797,0
1,4449,7081,2,0,153.00800000000001,0
1,4450,7089,2,0,187.036,0
1,4451,7097,2,0,171.13200000000001,0
1,4452,7105,2,0,161.61500000000001,0
1,4453,7113,2,0,171.553,0
1,4454,7121,2,0,212.98500000000001,0
1,4455,7129,2,0,163.84999999999999,0
1,4456,7137,2,0,156.92400000000001,0
1,4457,7145,2,0,145.79599999999999,0
1,4458,7153,2,0,154.333,0
1,4459,7161,2,0,177.96199999999999,0
1,4460,7169,2,0,163.85400000000001,0
1,4461,7177,2,0,179.28899999999999,0
1,4462,7185,2,0,170.19200000000001,0
1,4463,7193,2,0,191.202,0
1,4464,7201,2,0,151.05099999999999,0
1,4465,7209,2,0,188.86799999999999,0
1,4466,7217,2,0,200.97300000000001,0
1,4467,7225,2,0,187.87700000000001,0
1,4468,7233,2,0,182.39099999999999,0
1,4469,7241,2,0,182.08199999999999,0
1,4470,7249,2,0,175.97200000000001,0
1,4471,7257,2,0,181.29599999999999,0
1,4472,7265,2,0,194.90000000000001,0
1,4473,7273,2,0,178.16200000000001,0
1,4474,7281,2,0,160.19999999999999,0
1,4475,7289,2,0,195.304,0
1,4476,7297,2,0,124.953,0
1,4477,7305,2,0,184.279,0
1,4478,7313,2,0,159.874,0
1,4479,7321,2,0,188.91300000000001,0
1,4480,7329,2,0,192.102,0
1,4481,7337,2,0,179.834,0
1,4482,7345,2,0,175.84100000000001,0
1,4483,7353,2,0,187.63200000000001,0
1,4484,7361,2,0,149.631,0
1,4485,7369,2,0,166.797,0
1,4486,7377,2,0,186.76499999999999,0
1,4487,7385,2,0,197.001,0
1,4488,7393,2,0,194.107,0
1,4489,7401,2,0,198.11500000000001,0
1,4490,7409,2,0,156.37899999999999,0
1,4491,7417,2,0,145.77099999999999,0
1,4492,7425,2,0,120.021,0
1,4493,7433,2,0,183.892,0
1,4494,7441,2,0,159.03299999999999,0
1,4495,7449,2,0,159.667,0
1,4496,7457,2,0,148.53700000000001,0
1,4497,7465,2,0,185.77000000000001,0
1,4498,7473,2,0,153.27600000000001,0
1,4499,7481,2,0,130.53700000000001,0
1,4500,7489,2,0,172.23699999999999,0
1,4501,7497,2,0,177.50399999999999,0
1,4502,7505,2,0,131.32599999999999,0
1,4503,7513,2,0,168.52099999999999,0
1,4504,7521,2,0,163.249,0
1,4505,7529,2,0,206.71000000000001,0
1,4506,7537,2,0,133.45099999999999,0
1,4507,7545,2,0,188.70500000000001,0
1,4508,7553,2,0,162.779,0
1,4509,7561,2,0,182.12799999999999,0
1,4510,7569,2,0,186.04900000000001,0
1,4511,7577,2,0,211.358,0
1,4512,7585,2,0,191.59299999999999,0
1,4513,7593,2,0,172.83099999999999,0
1,4514,7601,2,0,149.38,0
1,4515,7609,2,0,140.499,0
1,4516,7617,2,0,171.66999999999999,0
1,4517,7625,2,0,190.84200000000001,0
1,4518,7633,2,0,183.07400000000001,0
1,4519,7641,2,0,189.34299999999999,0
1,4520,7649,2,0,195.09999999999999,0
1,4521,7657,2,0,165.846,0
1,4522,7665,2,0,177.387,0
1,4523,7673,2,0,130.101,0
1,4524,7681,2,0,167.81399999999999,0
1,4525,7689,2,0,183.07599999999999,0
1,4526,7697,2,0,186.35300000000001,0
1,4527,7705,2,0,179.38800000000001,0
1,4528,7713,2,0,181.79300000000001,0
1,4529,7721,2,0,182.88200000000001,0
1,4530,7729,2,0,179.94900000000001,0
1,4531,7737,2,0,193.28200000000001,0
1,4532,7745,2,0,134.642,0
1,4533,7753,2,0,187.25399999999999,0
1,4534,7761,2,0,180.16300000000001,0
1,4535,7769,2,0,164.24799999999999,0
1,4536,7777,2,0,179.941,0
1,4537,7785,2,0,189.709,0
1,4538,7793,2,0,132.18199999999999,0
1,4539,7801,2,0,182.178,0
1,4540,7809,2,0,199.43000000000001,0
1,4541,7817,2,0,137.40000000000001,0
1,4542,7825,2,0,216.38200000000001,0
1,4543,7833,2,0,175.82300000000001,0
1,4544,7841,2,0,131.56999999999999,0
1,4545,7849,2,0,200.697,0
1,4546,7857,2,0,189.96100000000001,0
1,4547,7865,2,0,195.92699999999999,0
1,4548,7873,2,0,174.119,0
1,4549,7881,2,0,168.52699999999999,0
1,4550,7889,2,0,143.43899999999999,0
1,4551,7897,2,0,162.751,0
1,4552,7905,2,0,184.78399999999999,0
1,4553,7913,2,0,168.119,0
1,4554,7921,2,0,162.00700000000001,0
1,4555,7929,2,0,170.43600000000001,0
1,4556,7937,2,0,186.50899999999999,0
1,4557,7945,2,0,160.291,0
1,4558,7953,2,0,185.19200000000001,0
1,4559,7961,2,0,190.69,0
1,4560,7969,2,0,172.44499999999999,0
1,4561,7977,2,0,201.30000000000001,0
1,4562,7985,2,0,199.43700000000001,0
1,4563,7993,2,0,149.827,0
1,4564,8001,2,0,175.553,0
1,4565,8009,2,0,148.47999999999999,0
1,4566,8017,2,0,191.74199999999999,0
1,4567,8025,2,0,190.88,0
1,4568,8033,2,0,188.49700000000001,0
1,4569,8041,2,0,173.61699999999999,0
1,4570,8049,2,0,170.471,0
1,4571,8057,2,0,178.124,0
1,4572,8065,2,0,164.52199999999999,0
1,4573,8073,2,0,180.41800000000001,0
1,4574,8081,2,0,195.30600000000001,0
1,4575,8089,2,0,164.06299999999999,0
1,4576,8097,2,0,186.98500000000001,0
1,4577,8105,2,0,142.16900000000001,0
1,4578,8113,2,0,189.05199999999999,0
1,4579,8121,2,0,171.73099999999999,0
1,4580,8129,2,0,180.899,0
1,4581,8137,2,0,147.18799999999999,0
1,4582,8145,2,0,201.28800000000001,0
1,4583,8153,2,0,195.066,0
1,4584,8161,2,0,170.46899999999999,0
1,4585,8169,2,0,183.529,0
1,4586,8177,2,0,186.78999999999999,0
1,4587,8185,2,0,164.32900000000001,0
1,4588,8193,2,0,158.70099999999999,0
1,4589,8201,2,0,190.06200000000001,0
1,4590,8209,2,0,189.36199999999999,0
1,4591,8217,2,0,176.93100000000001,0
1,4592,8225,2,0,184.33500000000001,0
1,4593,8233,2,0,175.32599999999999,0
1,4594,8241,2,0,185.18100000000001,0
1,4595,8249,2,0,189.34999999999999,0
1,4596,8257,2,0,192.95400000000001,0
1,4597,8265,2,0,158.96899999999999,0
1,4598,8273,2,0,180.298,0
1,4599,8281,2,0,155.767,0
1,4600,8289,2,0,146.49799999999999,0
1,4601,8297,2,0,186.624,0
1,4602,8305,2,0,160.53399999999999,0
1,4603,8313,2,0,149.376,0
1,4604,8321,2,0,192.69300000000001,0
1,4605,8329,2,0,171.71299999999999,0
1,4606,8337,2,0,186.69499999999999,0
1,4607,8345,2,0,186.88800000000001,0
1,4608,8353,2,0,199.61600000000001,0
1,4609,8361,2,0,189.87,0
1,4610,8369,2,0,176.96799999999999,0
1,4611,8377,2,0,206.268,0
1,4612,8385,2,0,173.346,0
1,4613,8393,2,0,175.947,0
1,4614,8401,2,0,184.51599999999999,0
1,4615,8409,2,0,189.16,0
1,4616,8417,2,0,153.19399999999999,0
1,4617,8425,2,0,188.09,0
1,4618,8433,2,0,197.90100000000001,0
1,4619,8441,2,0,187.155,0
1,4620,8449,2,0,136.38499999999999,0
1,4621,8457,2,0,170.53100000000001,0
1,4622,8465,2,0,177.51300000000001,0
1,4623,8473,2,0,177.334,0
1,4624,8481,2,0,180.309,0
1,4625,8489,2,0,186.06299999999999,0
1,4626,8497,2,0,184.095,0
1,4627,8505,2,0,133.16399999999999,0
1,4628,8513,2,0,183.62899999999999,0
1,4629,8521,2,0,197.80199999999999,0
1,4630,8529,2,0,190.85400000000001,0
1,4631,8537,2,0,170.82599999999999,0
1,4632,8545,2,0,212.047,0
1,4633,8553,2,0,140.11600000000001,0
1,4634,8561,2,0,188.749,0
1,4635,8569,2,0,170.89699999999999,0
1,4636,8577,2,0,155.572,0
1,4637,8585,2,0,182.52500000000001,0
1,4638,8593,2,0,133.56700000000001,0
1,4639,8601,2,0,162.804,0
1,4640,8609,2,0,173.93799999999999,0
1,4641,8617,2,0,182.90899999999999,0
1,4642,8625,2,0,178.779,0
1,4643,8633,2,0,206.93299999999999,0
1,4644,8641,2,0,184.41399999999999,0
1,4645,8649,2,0,179.44200000000001,0
1,4646,8657,2,0,154.11500000000001,0
1,4647,8665,2,0,139.911,0
1,4648,8673,2,0,179.50399999999999,0
1,4649,8681,2,0,184.529,0
1,4650,8689,2,0,183.99700000000001,0
1,4651,8697,2,0,185.66999999999999,0
1,4652,8705,2,0,176.96299999999999,0
1,4653,8713,2,0,128.99299999999999,0
1,4654,8721,2,0,180.61199999999999,0
1,4655,8729,2,0,194.52099999999999,0
1,4656,8737,2,0,168.78399999999999,0
1,4657,8745,2,0,173.77000000000001,0
1,4658,8753,2,0,123.35299999999999,0
1,4659,8761,2,0,172.47900000000001,0
1,4660,8769,2,0,176.488,0
1,4661,8777,2,0,147.02199999999999,0
1,4662,8785,2,0,181.42599999999999,0
1,4663,8793,2,0,183.077,0
1,4664,8801,2,0,151.49100000000001,0
1,4665,8809,2,0,192.14500000000001,0
1,4666,8817,2,0,192.047,0
1,4667,8825,2,0,203.625,0
1,4668,8833,2,0,183.46199999999999,0
1,4669,8841,2,0,178.54599999999999,0
1,4670,8849,2,0,185.34899999999999,0
1,4671,8857,2,0,199.238,0
1,4672,8865,2,0,167.04599999999999,0
1,4673,8873,2,0,191.61000000000001,0
1,4674,8881,2,0,197.66499999999999,0
1,4675,8889,2,0,177.84399999999999,0
1,4676,8897,2,0,166.19300000000001,0
1,4677,8905,2,0,182.976,0
1,4678,8913,2,0,174.25,0
1,4679,8921,2,0,152.33600000000001,0
1,4680,8929,2,0,185.637,0
1,4681,8937,2,0,165.13999999999999,0
1,4682,8945,2,0,189.64099999999999,0
1,4683,8953,2,0,174.17699999999999,0
1,4684,8961,2,0,188.315,0
1,4685,8969,2,0,185.321,0
1,4686,8977,2,0,157.505,0
1,4687,8985,2,0,142.297,0
1,4688,8993,2,0,191.679,0
1,4689,9001,2,0,182.834,0
1,4690,9009,2,0,140.732,0
1,4691,9017,2,0,188.71199999999999,0
1,4692,9025,2,0,180.95599999999999,0
1,4693,9033,2,0,160.869,0
1,4694,9041,2,0,168.09800000000001,0
1,4695,9049,2,0,178.50399999999999,0
1,4696,9057,2,0,172.09700000000001,0
1,4697,9065,2,0,154.19399999999999,0
1,4698,9073,2,0,165.834,0
1,4699,9081,2,0,182.68100000000001,0
1,4700,9089,2,0,166.72300000000001,0
1,4701,9097,2,0,168.983,0
1,4702,9105,2,0,176.76300000000001,0
1,4703,9113,2,0,183.61099999999999,0
1,4704,9121,2,0,176.023,0
1,4705,9129,2,0,187.89699999999999,0
1,4706,9137,2,0,192.642,0
1,4707,9145,2,0,192.64699999999999,0
1,4708,9153,2,0,172.39699999999999,0
1,4709,9161,2,0,194.03399999999999,0
1,4710,9169,2,0,169.40899999999999,0
1,4711,9177,2,0,130.45500000000001,0
1,4712,9185,2,0,134.90600000000001,0
1,4713,9193,2,0,176.66800000000001,0
1,4714,9201,2,0,194.43799999999999,0
1,4715,9209,2,0,154.29599999999999,0
1,4716,9217,2,0,143.72399999999999,0
1,4717,9225,2,0,139.53399999999999,0
1,4718,9233,2,0,172.994,0
1,4719,9241,2,0,188.29900000000001,0
1,4720,9249,2,0,192.70599999999999,0
1,4721,9257,2,0,142.43199999999999,0
1,4722,9265,2,0,168.36699999999999,0
1,4723,9273,2,0,189.53899999999999,0
1,4724,9281,2,0,189.047,0
1,4725,9289,2,0,175.27000000000001,0
1,4726,9297,2,0,174.80600000000001,0
1,4727,9305,2,0,144.10300000000001,0
1,4728,9313,2,0,182.536,0
1,4729,9321,2,0,141.14099999999999,0
1,4730,9329,2,0,179.333,0
1,4731,9337,2,0,160.40299999999999,0
1,4732,9345,2,0,165.84399999999999,0
1,4733,9353,2,0,175.91200000000001,0
1,4734,9361,2,0,177.91,0
1,4735,9369,2,0,198.49000000000001,0
1,4736,9377,2,0,169.78800000000001,0
1,4737,9385,2,0,161.13200000000001,0
1,4738,9393,2,0,172.66200000000001,0
1,4739,9401,2,0,170.55600000000001,0
1,4740,9409,2,0,180.548,0
1,4741,9417,2,0,160.81899999999999,0
1,4742,9425,2,0,150.91900000000001,0
1,4743,9433,2,0,170.44200000000001,0
1,4744,9441,2,0,176.77500000000001,0
1,4745,9449,2,0,174.55799999999999,0
1,4746,9457,2,0,185.584,0
1,4747,9465,2,0,179.482,0
1,4748,9473,2,0,195.923,0
1,4749,9481,2,0,177.03700000000001,0
1,4750,9489,2,0,186.601,0
1,4751,9497,2,0,166.19399999999999,0
1,4752,9505,2,0,174.77500000000001,0
1,4753,9513,2,0,158.36099999999999,0
1,4754,9521,2,0,205.15299999999999,0
1,4755,9529,2,0,179.48599999999999,0
1,4756,9537,2,0,209.92500000000001,0
1,4757,9545,2,0,175.68100000000001,0
1,4758,9553,2,0,128.92500000000001,0
1,4759,9561,2,0,170.70699999999999,0
1,4760,9569,2,0,197.815,0
1,4761,9577,2,0,197.065,0
1,4762,9585,2,0,174.94999999999999,0
1,4763,9593,2,0,179.58799999999999,0
1,4764,9601,2,0,176.58099999999999,0
1,4765,9609,2,0,172.73400000000001,0
1,4766,9617,2,0,179.00899999999999,0
1,4767,9625,2,0,184.179,0
1,4768,9633,2,0,194.50999999999999,0
1,4769,9641,2,0,179.37299999999999,0
1,4770,9649,2,0,143.64500000000001,0
1,4771,9657,2,0,171.34100000000001,0
1,4772,9665,2,0,154.45400000000001,0
1,4773,9673,2,0,150.685,0
1,4774,9681,2,0,116.255,0
1,4775,9689,2,0,177.62799999999999,0
1,4776,9697,2,0,173.46600000000001,0
1,4777,9705,2,0,215.14699999999999,0
1,4778,9713,2,0,152.023,0
1,4779,9721,2,0,166.81800000000001,0
1,4780,9729,2,0,153.87,0
1,4781,9737,2,0,160.84200000000001,0
1,4782,9745,2,0,175.654,0
1,4783,9753,2,0,180.279,0
1,4784,9761,2,0,193.74799999999999,0
1,4785,9769,2,0,184.89699999999999,0
1,4786,9777,2,0,169.352,0
1,4787,9785,2,0,180.43199999999999,0
1,4788,9793,2,0,175.96199999999999,0
1,4789,9801,2,0,177.46799999999999,0
1,4790,9809,2,0,176.452,0
1,4791,9817,2,0,182.30000000000001,0
1,4792,9825,2,0,218.399,0
1,4793,9833,2,0,179.518,0
1,4794,9841,2,0,189.72800000000001,0
1,4795,9849,2,0,195.19,0
1,4796,9857,2,0,181.03999999999999,0
1,4797,9865,2,0,184.77799999999999,0
1,4798,9873,2,0,187.59100000000001,0
1,4799,9881,2,0,197.57499999999999,0
1,4800,9889,2,0,214.613,0
1,4801,9897,2,0,132.19300000000001,0
1,4802,9905,2,0,130.071,0
1,4803,9913,2,0,212.48099999999999,0
1,4804,9921,2,0,174.858,0
1,4805,9929,2,0,184.62100000000001,0
1,4806,9937,2,0,194.023,0
1,4807,9945,2,0,195.66800000000001,0
1,4808,9953,2,0,179.56899999999999,0
1,4809,9961,2,0,175.386,0
1,4810,9969,2,0,177.04599999999999,0
1,4811,9977,2,0,154.18799999999999,0
1,4812,9985,2,0,187.68799999999999,0
1,4813,9993,2,0,197.81899999999999,0
1,4814,10001,2,0,174.99100000000001,0
1,4815,10009,2,0,183.77000000000001,0
1,4816,10017,2,0,164.55600000000001,0
1,4817,10025,2,0,165.04400000000001,0
1,4818,10033,2,0,178.13900000000001,0
1,4819,10041,2,0,180.93299999999999,0
1,4820,10049,2,0,168.935,0
1,4821,10057,2,0,195.095,0
1,4822,10065,2,0,187.244,0
1,4823,10073,2,0,148.72900000000001,0
1,4824,10081,2,0,134.309,0
1,4825,10089,2,0,119.11799999999999,0
1,4826,10097,2,0,155.42599999999999,0
1,4827,10105,2,0,193.53,0
1,4828,10113,2,0,191.03100000000001,0
1,4829,10121,2,0,179.86099999999999,0
1,4830,10129,2,0,181.50700000000001,0
1,4831,10137,2,0,175.15199999999999,0
1,4832,10145,2,0,182.62100000000001,0
1,4833,10153,2,0,182.46799999999999,0
1,4834,10161,2,0,211.68899999999999,0
1,4835,10169,2,0,160.476,0
1,4836,10177,2,0,197.023,0
1,4837,10185,2,0,180.19900000000001,0
1,4838,10193,2,0,169.999,0
1,4839,10201,2,0,197.58099999999999,0
1,4840,10209,2,0,203.10599999999999,0
1,4841,10217,2,0,194.863,0
1,4842,10225,2,0,158.447,0
1,4843,10233,2,0,146.62100000000001,0
1,4844,10241,2,0,145.57400000000001,0
1,4845,10249,2,0,193.88900000000001,0
1,4846,10257,2,0,169.80600000000001,0
1,4847,10265,2,0,166.43299999999999,0
1,4848,10273,2,0,176.17500000000001,0
1,4849,10281,2,0,174.03299999999999,0
1,4850,10289,2,0,170.524,0
1,4851,10297,2,0,190.374,0
1,4852,10305,2,0,187.01300000000001,0
1,4853,10313,2,0,146.41800000000001,0
1,4854,10321,2,0,182.934,0
1,4855,10329,2,0,175.27799999999999,0
1,4856,10337,2,0,153.459,0
1,4857,10345,2,0,178.37700000000001,0
1,4858,10353,2,0,154.142,0
1,4859,10361,2,0,194.459,0
1,4860,10369,2,0,185.43600000000001,0
1,4861,10377,2,0,177.95099999999999,0
1,4862,10385,2,0,155.273,0
1,4863,10393,2,0,141.06999999999999,0
1,4864,10401,2,0,183.791,0
1,4865,10409,2,0,181.48099999999999,0
1,4866,10417,2,0,199.49000000000001,0
1,4867,10425,2,0,178.28800000000001,0
1,4868,10433,2,0,117.13500000000001,0
1,4869,10441,2,0,167.03899999999999,0
1,4870,10449,2,0,146.52199999999999,0
1,4871,10457,2,0,156.84,0
1,4872,10465,2,0,160.37,0
1,4873,10473,2,0,161.15000000000001,0
1,4874,10481,2,0,183.06399999999999,0
1,4875,10489,2,0,186.108,0
1,4876,10497,2,0,166.87200000000001,0
1,4877,10505,2,0,120.221,0
1,4878,10513,2,0,189.35900000000001,0
1,4879,10521,2,0,166.279,0
1,4880,10529,2,0,153.84899999999999,0
1,4881,10537,2,0,187.887,0
1,4882,10545,2,0,151.78200000000001,0
1,4883,10553,2,0,167.601,0
1,4884,10561,2,0,181.29900000000001,0
1,4885,10569,2,0,171.25399999999999,0
1,4886,10577,2,0,140.626,0
1,4887,10585,2,0,188.44499999999999,0
1,4888,10593,2,0,149.95500000000001,0
1,4889,10601,2,0,177.93299999999999,0
1,4890,10609,2,0,192.036,0
1,4891,10617,2,0,150.83699999999999,0
1,4892,10625,2,0,131.90199999999999,0
1,4893,10633,2,0,185.673,0
1,4894,10641,2,0,172.29300000000001,0
1,4895,10649,2,0,186.34999999999999,0
1,4896,10657,2,0,180.447,0
1,4897,10665,2,0,173.69399999999999,0
1,4898,10673,2,0,161.18600000000001,0
1,4899,10681,2,0,180.601,0
1,4900,10689,2,0,138.797,0
1,4901,10697,2,0,192.96100000000001,0
1,4902,10705,2,0,165.066,0
1,4903,10713,2,0,173.34800000000001,0
1,4904,10721,2,0,162.733,0
1,4905,10729,2,0,198.86000000000001,0
1,4906,10737,2,0,208.46199999999999,0
1,4907,10745,2,0,161.02199999999999,0
1,4908,10753,2,0,185.828,0
1,4909,10761,2,0,175.452,0
1,4910,10769,2,0,197.05199999999999,0
1,4911,10777,2,0,206.42400000000001,0
1,4912,10785,2,0,181.184,0
1,4913,10793,2,0,178.869,0
1,4914,10801,2,0,173.767,0
1,4915,10809,2,0,167.18700000000001,0
1,4916,10817,2,0,179.61799999999999,0
1,4917,10825,2,0,191.31700000000001,0
1,4918,10833,2,0,176.34200000000001,0
1,4919,10841,2,0,182.56100000000001,0
1,4920,10849,2,0,181.76499999999999,0
1,4921,10857,2,0,191.238,0
1,4922,10865,2,0,130.595,0
1,4923,10873,2,0,194.32400000000001,0
1,4924,10881,2,0,187.15199999999999,0
1,4925,10889,2,0,183.155,0
1,4926,10897,2,0,187.553,0
1,4927,10905,2,0,187.655,0
1,4928,10913,2,0,172.91300000000001,0
1,4929,10921,2,0,167.57900000000001,0
1,4930,10929,2,0,166.59100000000001,0
1,4931,10937,2,0,148.82499999999999,0
1,4932,10945,2,0,155.66499999999999,0
1,4933,10953,2,0,162.095,0
1,4934,10961,2,0,185.851,0
1,4935,10969,2,0,197.965,0
1,4936,10977,2,0,148.672,0
1,4937,10985,2,0,159.82900000000001,0
1,4938,10993,2,0,127.77200000000001,0
1,4939,11001,2,0,170.822,0
1,4940,11009,2,0,164.62799999999999,0
1,4941,11017,2,0,152.40000000000001,0
1,4942,11025,2,0,173.68600000000001,0
1,4943,11033,2,0,170.88999999999999,0
1,4944,11041,2,0,176.84100000000001,0
1,4945,11049,2,0,164.28200000000001,0
1,4946,11057,2,0,195.38499999999999,0
1,4947,11065,2,0,185.685,0
1,4948,11073,2,0,181.37700000000001,0
1,4949,11081,2,0,144.88800000000001,0
1,4950,11089,2,0,188.38399999999999,0
1,4951,11097,2,0,165.178,0
1,4952,11105,2,0,166.53800000000001,0
1,4953,11113,2,0,173.09700000000001,0
1,4954,11121,2,0,144.67400000000001,0
1,4955,11129,2,0,186.50299999999999,0
1,4956,11137,2,0,194.79400000000001,0
1,4957,11145,2,0,161.34299999999999,0
1,4958,11153,2,0,162.80799999999999,0
1,4959,11161,2,0,149.316,0
1,4960,11169,2,0,151.22800000000001,0
1,4961,11177,2,0,182.78200000000001,0
1,4962,11185,2,0,187.357,0
1,4963,11193,2,0,184.208,0
1,4964,11201,2,0,172.25299999999999,0
1,4965,11209,2,0,159.215,0
1,4966,11217,2,0,172.92699999999999,0
1,4967,11225,2,0,158.33699999999999,0
1,4968,11233,2,0,178.62899999999999,0
1,4969,11241,2,0,184.58199999999999,0
1,4970,11249,2,0,165.65700000000001,0
1,4971,11257,2,0,117.965,0
1,4972,11265,2,0,165.35900000000001,0
1,4973,11273,2,0,175.37,0
1,4974,11281,2,0,142.251,0
1,4975,11289,2,0,141.36000000000001,0
1,4976,11297,2,0,150.48500000000001,0
1,4977,11305,2,0,174.88399999999999,0
1,4978,11313,2,0,141.13900000000001,0
1,4979,11321,2,0,195.685,0
1,4980,11329,2,0,183.691,0
1,4981,11337,2,0,184.29300000000001,0
1,4982,11345,2,0,194.989,0
1,4983,11353,2,0,201.28899999999999,0
1,4984,11361,2,0,171.93600000000001,0
1,4985,11369,2,0,193.09200000000001,0
1,4986,11377,2,0,166.74799999999999,0
1,4987,11385,2,0,206.63200000000001,0
1,4988,11393,2,0,176.32599999999999,0
1,4989,11401,2,0,171.738,0
1,4990,11409,2,0,203.03700000000001,0
1,4991,11417,2,0,160.49100000000001,0
1,4992,11425,2,0,192.98400000000001,0
1,4993,11433,2,0,172.762,0
1,4994,11441,2,0,170.86699999999999,0
1,4995,11449,2,0,162.47300000000001,0
1,4996,11457,2,0,172.50899999999999,0
1,4997,11465,2,0,159.48400000000001,0
1,4998,11473,2,0,197.20500000000001,0
1,4999,11481,2,0,192.886,0
1,5000,11489,2,0,146.67500000000001,0
1,5001,11497,2,0,188.959,0
1,5002,11505,2,0,190.023,0
1,5003,11513,2,0,196.16900000000001,0
1,5004,11521,2,0,139.72999999999999,0
1,5005,11529,2,0,165.19900000000001,0
1,5006,11537,2,0,196.929,0
1,5007,11545,2,0,186.773,0
1,5008,11553,2,0,191.42500000000001,0
1,5009,11561,2,0,120.90000000000001,0
1,5010,11569,2,0,172.45099999999999,0
1,5011,11577,2,0,224.20400000000001,0
1,5012,11585,2,0,167.541,0
1,5013,11593,2,0,193.661,0
1,5014,11601,2,0,166.49700000000001,0
1,5015,11609,2,0,195.21100000000001,0
1,5016,11617,2,0,203.023,0
1,5017,11625,2,0,198.17500000000001,0
1,5018,11633,2,0,201.554,0
1,5019,11641,2,0,141.99199999999999,0
1,5020,11649,2,0,189.084,0
1,5021,11657,2,0,198.65600000000001,0
1,5022,11665,2,0,165.55500000000001,0
1,5023,11673,2,0,156.178,0
1,5024,11681,2,0,132.47999999999999,0
1,5025,11689,2,0,218.78399999999999,0
1,5026,11697,2,0,173.93199999999999,0
1,5027,11705,2,0,190.85400000000001,0
1,5028,11713,2,0,194.39599999999999,0
1,5029,11721,2,0,170.74299999999999,0
1,5030,11729,2,0,185.077,0
1,5031,11737,2,0,195.994,0
1,5032,11745,2,0,199.59999999999999,0
1,5033,11753,2,0,178.071,0
1,5034,11761,2,0,188.34700000000001,0
1,5035,11769,2,0,202.346,0
1,5036,11777,2,0,180.25399999999999,0
1,5037,11785,2,0,183.50800000000001,0
1,5038,11793,2,0,196.827,0
1,5039,11801,2,0,181.346,0
1,5040,11809,2,0,202.71299999999999,0
1,5041,11817,2,0,179.10400000000001,0
1,5042,11825,2,0,181.797,0
1,5043,11833,2,0,156.12799999999999,0
1,5044,11841,2,0,158.44900000000001,0
1,5045,11849,2,0,131.51900000000001,0
1,5046,11857,2,0,196.13999999999999,0
1,5047,11865,2,0,175.83099999999999,0
1,5048,11873,2,0,197.52699999999999,0
1,5049,11881,2,0,166.80099999999999,0
1,5050,11889,2,0,170.69499999999999,0
1,5051,11897,2,0,175.75800000000001,0
1,5052,11905,2,0,191.97499999999999,0
1,5053,11913,2,0,188.828,0
1,5054,11921,2,0,182.26400000000001,0
1,5055,11929,2,0,153.54900000000001,0
1,5056,11937,2,0,205.095,0
1,5057,11945,2,0,191.90700000000001,0
1,5058,11953,2,0,158.28800000000001,0
1,5059,11961,2,0,197.34700000000001,0
1,5060,11969,2,0,132.19300000000001,0
1,5061,11977,2,0,193.48699999999999,0
1,5062,11985,2,0,170.37799999999999,0
1,5063,11993,2,0,181.39699999999999,0
1,5064,12001,2,0,135.30500000000001,0
1,5065,12009,2,0,166.53,0
1,5066,12017,2,0,179.37799999999999,0
1,5067,12025,2,0,176.34399999999999,0
1,5068,12033,2,0,188.642,0
1,5069,12041,2,0,179.78700000000001,0
1,5070,12049,2,0,171.12700000000001,0
1,5071,12057,2,0,156.53200000000001,0
1,5072,12065,2,0,168.83000000000001,0
1,5073,12073,2,0,194.279,0
1,5074,12081,2,0,188.74600000000001,0
1,5075,12089,2,0,199.21299999999999,0
1,5076,12097,2,0,195.38200000000001,0
1,5077,12105,2,0,186.667,0
1,5078,12113,2,0,143.05699999999999,0
1,5079,12121,2,0,182.85499999999999,0
1,5080,12129,2,0,192.14099999999999,0
1,5081,12137,2,0,158.43000000000001,0
1,5082,12145,2,0,172.67099999999999,0
1,5083,12153,2,0,190.715,0
1,5084,12161,2,0,191.59299999999999,0
1,5085,12169,2,0,170.52099999999999,0
1,5086,12177,2,0,183.23099999999999,0
1,5087,12185,2,0,172.82300000000001,0
1,5088,12193,2,0,186.01900000000001,0
1,5089,12201,2,0,160.75700000000001,0
1,5090,12209,2,0,207.077,0
1,5091,12217,2,0,192.55799999999999,0
1,5092,12225,2,0,170.149,0
1,5093,12233,2,0,157.85499999999999,0
1,5094,12241,2,0,194.75399999999999,0
1,5095,12249,2,0,195.11799999999999,0
1,5096,12257,2,0,199.10900000000001,0
1,5097,12265,2,0,187.61500000000001,0
1,5098,12273,2,0,157.18000000000001,0
1,5099,12281,2,0,190.21600000000001,0
1,5100,12289,2,0,130.68600000000001,0
1,5101,12297,2,0,176.89099999999999,0
1,5102,12305,2,0,152.375,0
1,5103,12313,2,0,170.839,0
1,5104,12321,2,0,188.696,0
1,5105,12329,2,0,193.79400000000001,0
1,5106,12337,2,0,188.05000000000001,0
1,5107,12345,2,0,170.97300000000001,0
1,5108,12353,2,0,179.28399999999999,0
1,5109,12361,2,0,178.696,0
1,5110,12369,2,0,173.79599999999999,0
1,5111,12377,2,0,204.047,0
1,5112,12385,2,0,175.28,0
1,5113,12393,2,0,193.631,0
1,5114,12401,2,0,185.36699999999999,0
1,5115,12409,2,0,181.37200000000001,0
1,5116,12417,2,0,175.50999999999999,0
1,5117,12425,2,0,171.357,0
1,5118,12433,2,0,196.25800000000001,0
1,5119,12441,2,0,144.03800000000001,0
1,5120,12449,2,0,183.626,0
1,5121,12457,2,0,168.20500000000001,0
1,5122,12465,2,0,168.40299999999999,0
1,5123,12473,2,0,167.79900000000001,0
1,5124,12481,2,0,175.45699999999999,0
1,5125,12489,2,0,192.55699999999999,0
1,5126,12497,2,0,187.22900000000001,0
1,5127,12505,2,0,190.50399999999999,0
1,5128,12513,2,0,180.99600000000001,0
1,5129,12521,2,0,171.47300000000001,0
1,5130,12529,2,0,166.30600000000001,0
1,5131,12537,2,0,185.21899999999999,0
1,5132,12545,2,0,146.09899999999999,0
1,5133,12553,2,0,190.00899999999999,0
1,5134,12561,2,0,186.37899999999999,0
1,5135,12569,2,0,182.934,0
1,5136,12577,2,0,173.64699999999999,0
1,5137,12585,2,0,188.298,0
1,5138,12593,2,0,181.64699999999999,0
1,5139,12601,2,0,164.93000000000001,0
1,5140,12609,2,0,225.501,0
1,5141,12617,2,0,193.09399999999999,0
1,5142,12625,2,0,203.66999999999999,0
1,5143,12633,2,0,151.55500000000001,0
1,5144,12641,2,0,193.40899999999999,0
1,5145,12649,2,0,165.898,0
1,5146,12657,2,0,178.69300000000001,0
1,5147,12665,2,0,160.14400000000001,0
1,5148,12673,2,0,192.94,0
1,5149,12681,2,0,181.46799999999999,0
1,5150,12689,2,0,183.363,0
1,5151,12697,2,0,152.31999999999999,0
1,5152,12705,2,0,163.48099999999999,0
1,5153,12713,2,0,190.30799999999999,0
1,5154,12721,2,0,135.12799999999999,0
1,5155,12729,2,0,171.38900000000001,0
1,5156,12737,2,0,168.58099999999999,0
1,5157,12745,2,0,192.67699999999999,0
1,5158,12753,2,0,150.05099999999999,0
1,5159,12761,2,0,193.57400000000001,0
1,5160,12769,2,0,216.78800000000001,0
1,5161,12777,2,0,185.29599999999999,0
1,5162,12785,2,0,160.24600000000001,0
1,5163,12793,2,0,158.006,0
1,5164,12801,2,0,178.386,0
1,5165,12809,2,0,180.49299999999999,0
1,5166,12817,2,0,139.50999999999999,0
1,5167,12825,2,0,176.10900000000001,0
1,5168,12833,2,0,135.44999999999999,0
1,5169,12841,2,0,156.61500000000001,0
1,5170,12849,2,0,183.91999999999999,0
1,5171,12857,2,0,174.99299999999999,0
1,5172,12865,2,0,122.239,0
1,5173,12873,2,0,194.023,0
1,5174,12881,2,0,185.91900000000001,0
1,5175,12889,2,0,176.608,0
1,5176,12897,2,0,163.26300000000001,0
1,5177,12905,2,0,182.68600000000001,0
1,5178,12913,2,0,120.065,0
1,5179,12921,2,0,139.398,0
1,5180,12929,2,0,186.82499999999999,0
1,5181,12937,2,0,145.858,0
1,5182,12945,2,0,157.03399999999999,0
1,5183,12953,2,0,179.07400000000001,0
1,5184,12961,2,0,166.48699999999999,0
1,5185,12969,2,0,194.66999999999999,0
1,5186,12977,2,0,181.02099999999999,0
1,5187,12985,2,0,199.422,0
1,5188,12993,2,0,171.65100000000001,0
1,5189,13001,2,0,196.755,0
1,5190,13009,2,0,168.214,0
1,5191,13017,2,0,180.571,0
1,5192,13025,2,0,192.82499999999999,0
1,5193,13033,2,0,142.226,0
1,5194,13041,2,0,183.89400000000001,0
1,5195,13049,2,0,178.369,0
1,5196,13057,2,0,195.85499999999999,0
1,5197,13065,2,0,162.66499999999999,0
1,5198,13073,2,0,197.316,0
1,5199,13081,2,0,187.41,0
1,5200,13089,2,0,172.21299999999999,0
1,5201,13097,2,0,180.446,0
1,5202,13105,2,0,160.34899999999999,0
1,5203,13113,2,0,186.89599999999999,0
1,5204,13121,2,0,180.19399999999999,0
1,5205,13129,2,0,174.30699999999999,0
1,5206,13137,2,0,202.91200000000001,0
1,5207,13145,2,0,191.14099999999999,0
1,5208,13153,2,0,152.64500000000001,0
1,5209,13161,2,0,161.232,0
1,5210,13169,2,0,151.25,0
1,5211,13177,2,0,199.43700000000001,0
1,5212,13185,2,0,209.94900000000001,0
1,5213,13193,2,0,177.786,0
1,5214,13201,2,0,151.596,0
1,5215,13209,2,0,181.22399999999999,0
1,5216,13217,2,0,194.36600000000001,0
1,5217,13225,2,0,161.06299999999999,0
1,5218,13233,2,0,195.59399999999999,0
1,5219,13241,2,0,187.31299999999999,0
1,5220,13249,2,0,155.786,0
1,5221,13257,2,0,185.86000000000001,0
1,5222,13265,2,0,165.114,0
1,5223,13273,2,0,191.09299999999999,0
1,5224,13281,2,0,146.17500000000001,0
1,5225,13289,2,0,168.58600000000001,0
1,5226,13297,2,0,192.84,0
1,5227,13305,2,0,193.74100000000001,0
1,5228,13313,2,0,178.74100000000001,0
1,5229,13321,2,0,131.99799999999999,0
1,5230,13329,2,0,228.96700000000001,0
1,5231,13337,2,0,188.291,0
1,5232,13345,2,0,161.238,0
1,5233,13353,2,0,177.35499999999999,0
1,5234,13361,2,0,174.44300000000001,0
1,5235,13369,2,0,197.13999999999999,0
1,5236,13377,2,0,175.34299999999999,0
1,5237,13385,2,0,138.11799999999999,0
1,5238,13393,2,0,161.58699999999999,0
1,5239,13401,2,0,178.12700000000001,0
1,5240,13409,2,0,189.572,0
1,5241,13417,2,0,180.453,0
1,5242,13425,2,0,192.64599999999999,0
1,5243,13433,2,0,163.66499999999999,0
1,5244,13441,2,0,212.499,0
1,5245,13449,2,0,186.64599999999999,0
1,5246,13457,2,0,165.09200000000001,0
1,5247,13465,2,0,181.77699999999999,0
1,5248,13473,2,0,184.78399999999999,0
1,5249,13481,2,0,136.89500000000001,0
1,5250,13489,2,0,192.51599999999999,0
1,5251,13497,2,0,190.726,0
1,5252,13505,2,0,189.495,0
1,5253,13513,2,0,190.38900000000001,0
1,5254,13521,2,0,152.70599999999999,0
1,5255,13529,2,0,185.755,0
1,5256,13537,2,0,184.36000000000001,0
1,5257,13545,2,0,147.524,0
1,5258,13553,2,0,180.52500000000001,0
1,5259,13561,2,0,184.90299999999999,0
1,5260,13569,2,0,194.93899999999999,0
1,5261,13577,2,0,180.179,0
1,5262,13585,2,0,193.69800000000001,0
1,5263,13593,2,0,161.304,0
1,5264,13601,2,0,141.387,0
1,5265,13609,2,0,160.25999999999999,0
1,5266,13617,2,0,150.06,0
1,5267,13625,2,0,174.27099999999999,0
1,5268,13633,2,0,188.595,0
1,5269,13641,2,0,181.386,0
1,5270,13649,2,0,159.16499999999999,0
1,5271,13657,2,0,133.74299999999999,0
1,5272,13665,2,0,207.88800000000001,0
1,5273,13673,2,0,193.84999999999999,0
1,5274,13681,2,0,147.58199999999999,0
1,5275,13689,2,0,150.89500000000001,0
1,5276,13697,2,0,156.221,0
1,5277,13705,2,0,175.84,0
1,5278,13713,2,0,175.459,0
1,5279,13721,2,0,141.63,0
1,5280,13729,2,0,192.10599999999999,0
1,5281,13737,2,0,164.24700000000001,0
1,5282,13745,2,0,175.43199999999999,0
1,5283,13753,2,0,159.874,0
1,5284,13761,2,0,205.27600000000001,0
1,5285,13769,2,0,164.89500000000001,0
1,5286,13777,2,0,164.511,0
1,5287,13785,2,0,131.87899999999999,0
1,5288,13793,2,0,175.06899999999999,0
1,5289,13801,2,0,172.68799999999999,0
1,5290,13809,2,0,188.928,0
1,5291,13817,2,0,199.81700000000001,0
1,5292,13825,2,0,144.55600000000001,0
1,5293,13833,2,0,171.86000000000001,0
1,5294,13841,2,0,138.761,0
1,5295,13849,2,0,195.892,0
1,5296,13857,2,0,154.30500000000001,0
1,5297,13865,2,0,180.20699999999999,0
1,5298,13873,2,0,160.863,0
1,5299,13881,2,0,185.636,0
1,5300,13889,2,0,139.53200000000001,0
1,5301,13897,2,0,199.405,0
1,5302,13905,2,0,179.34399999999999,0
1,5303,13913,2,0,161.261,0
1,5304,13921,2,0,197.94200000000001,0
1,5305,13929,2,0,164.47499999999999,0
1,5306,13937,2,0,152.76900000000001,0
1,5307,13945,2,0,211.75899999999999,0
1,5308,13953,2,0,196.834,0
1,5309,13961,2,0,179.92699999999999,0
1,5310,13969,2,0,205.51400000000001,0
1,5311,13977,2,0,163.71299999999999,0
1,5312,13985,2,0,147.89599999999999,0
1,5313,13993,2,0,187.065,0
1,5314,14001,2,0,194.285,0
1,5315,14009,2,0,177.643,0
1,5316,14017,2,0,161.482,0
1,5317,14025,2,0,187.96600000000001,0
1,5318,14033,2,0,141.93199999999999,0
1,5319,14041,2,0,189.83000000000001,0
1,5320,14049,2,0,146.21100000000001,0
1,5321,14057,2,0,201.05799999999999,0
1,5322,14065,2,0,186.18799999999999,0
1,5323,14073,2,0,170.696,0
1,5324,14081,2,0,195.876,0
1,5325,14089,2,0,185.351,0
1,5326,14097,2,0,209.161,0
1,5327,14105,2,0,142.93299999999999,0
1,5328,14113,2,0,177.20699999999999,0
1,5329,14121,2,0,222.47900000000001,0
1,5330,14129,2,0,179.50299999999999,0
1,5331,14137,2,0,162.43799999999999,0
1,5332,14145,2,0,186.68199999999999,0
1,5333,14153,2,0,192.31200000000001,0
1,5334,14161,2,0,156.53899999999999,0
1,5335,14169,2,0,184.34200000000001,0
1,5336,14177,2,0,151.96700000000001,0
1,5337,14185,2,0,186.024,0
1,5338,14193,2,0,107.85899999999999,0
1,5339,14201,2,0,191.48599999999999,0
1,5340,14209,2,0,171.459,0
1,5341,14217,2,0,150.30600000000001,0
1,5342,14225,2,0,172.36500000000001,0
1,5343,14233,2,0,143.303,0
1,5344,14241,2,0,217.24000000000001,0
1,5345,14249,2,0,196.07900000000001,0
1,5346,1,3,0,187.166,0
1,5347,9,3,0,165.19399999999999,0
1,5348,17,3,0,176.03800000000001,0
1,5349,25,3,0,178.54900000000001,0
1,5350,33,3,0,170.20099999999999,0
1,5351,41,3,0,154.608,0
1,5352,49,3,0,140.59800000000001,0
1,5353,57,3,0,161.00399999999999,0
1,5354,65,3,0,171.63200000000001,0
1,5355,73,3,0,166.56200000000001,0
1,5356,81,3,0,187.50200000000001,0
1,5357,89,3,0,192.327,0
1,5358,97,3,0,198.93299999999999,0
1,5359,105,3,0,190.54400000000001,0
1,5360,113,3,0,141.42099999999999,0
1,5361,121,3,0,201.876,0
1,5362,129,3,0,193.69999999999999,0
1,5363,137,3,0,133.03999999999999,0
1,5364,145,3,0,145.17699999999999,0
1,5365,153,3,0,184.18700000000001,0
1,5366,161,3,0,182.79499999999999,0
1,5367,169,3,0,188.77699999999999,0
1,5368,177,3,0,167.12799999999999,0
1,5369,185,3,0,159.86500000000001,0
1,5370,193,3,0,137.76599999999999,0
1,5371,201,3,0,146.09999999999999,0
1,5372,209,3,0,187.67099999999999,0
1,5373,217,3,0,189.733,0
1,5374,225,3,0,180.32599999999999,0
1,5375,233,3,0,183.52199999999999,0
1,5376,241,3,0,123.25,0
1,5377,249,3,0,168.33600000000001,0
1,5378,257,3,0,177.38200000000001,0
1,5379,265,3,0,185.75,0
1,5380,273,3,0,153.708,0
1,5381,281,3,0,198.45599999999999,0
1,5382,289,3,0,179.411,0
1,5383,297,3,0,193.81800000000001,0
1,5384,305,3,0,187.81899999999999,0
1,5385,313,3,0,142.79400000000001,0
1,5386,321,3,0,216.37200000000001,0
1,5387,329,3,0,185.345,0
1,5388,337,3,0,195.625,0
1,5389,345,3,0,168.96199999999999,0
1,5390,353,3,0,181.256,0
1,5391,361,3,0,195.684,0
1,5392,369,3,0,200.05099999999999,0
1,5393,377,3,0,156.64699999999999,0
1,5394,385,3,0,188.31200000000001,0
1,5395,393,3,0,180.61500000000001,0
1,5396,401,3,0,162.81200000000001,0
1,5397,409,3,0,139.62,0
1,5398,417,3,0,162.24199999999999,0
1,5399,425,3,0,167.946,0
1,5400,433,3,0,187.11500000000001,0
1,5401,441,3,0,170.78200000000001,0
1,5402,449,3,0,153.21299999999999,0
1,5403,457,3,0,189.47,0
1,5404,465,3,0,141.71700000000001,0
1,5405,473,3,0,184.352,0
1,5406,481,3,0,201.49100000000001,0
1,5407,489,3,0,184.56200000000001,0
1,5408,497,3,0,193.52699999999999,0
1,5409,505,3,0,177.74000000000001,0
1,5410,513,3,0,172.21600000000001,0
1,5411,521,3,0,171.45099999999999,0
1,5412,529,3,0,166.47499999999999,0
1,5413,537,3,0,182.358,0
1,5414,545,3,0,196.78999999999999,0
1,5415,553,3,0,159.73099999999999,0
1,5416,561,3,0,182.78800000000001,0
1,5417,569,3,0,168.78399999999999,0
1,5418,577,3,0,187.55199999999999,0
1,5419,585,3,0,194.82300000000001,0
1,5420,593,3,0,172.595,0
1,5421,601,3,0,181.05699999999999,0
1,5422,609,3,0,180.58600000000001,0
1,5423,617,3,0,176.084,0
1,5424,625,3,0,158.96100000000001,0
1,5425,633,3,0,134.97,0
1,5426,641,3,0,185.846,0
1,5427,649,3,0,149.059,0
1,5428,657,3,0,137.79900000000001,0
1,5429,665,3,0,117.593,0
1,5430,673,3,0,175.38399999999999,0
1,5431,681,3,0,201.60599999999999,0
1,5432,689,3,0,168.56700000000001,0
1,5433,697,3,0,174.47900000000001,0
1,5434,705,3,0,196.96799999999999,0
1,5435,713,3,0,170.90299999999999,0
1,5436,721,3,0,169.61699999999999,0
1,5437,729,3,0,178.91,0
1,5438,737,3,0,151.91999999999999,0
1,5439,745,3,0,195.29499999999999,0
1,5440,753,3,0,134.136,0
1,5441,761,3,0,190.56899999999999,0
1,5442,769,3,0,161.62700000000001,0
1,5443,777,3,0,142.601,0
1,5444,785,3,0,175.32300000000001,0
1,5445,793,3,0,202.226,0
1,5446,801,3,0,174.98599999999999,0
1,5447,809,3,0,201.62899999999999,0
1,5448,817,3,0,152.631,0
1,5449,825,3,0,183.21799999999999,0
1,5450,833,3,0,183.03100000000001,0
1,5451,841,3,0,197.352,0
1,5452,849,3,0,179.93199999999999,0
1,5453,857,3,0,161.53,0
1,5454,865,3,0,176.09299999999999,0
1,5455,873,3,0,129.37100000000001,0
1,5456,881,3,0,170.43199999999999,0
1,5457,889,3,0,165.708,0
1,5458,897,3,0,139.31800000000001,0
1,5459,905,3,0,168.11000000000001,0
1,5460,913,3,0,124.015,0
1,5461,921,3,0,205.43799999999999,0
1,5462,929,3,0,199.82900000000001,0
1,5463,937,3,0,170.804,0
1,5464,945,3,0,156.46199999999999,0
1,5465,953,3,0,164.36099999999999,0
1,5466,961,3,0,165.458,0
1,5467,969,3,0,206.316,0
1,5468,977,3,0,143.06700000000001,0
1,5469,985,3,0,181.30699999999999,0
1,5470,993,3,0,156.05099999999999,0
1,5471,1001,3,0,193.203,0
1,5472,1009,3,0,197.80099999999999,0
1,5473,1017,3,0,193.18100000000001,0
1,5474,1025,3,0,163.429,0
1,5475,1033,3,0,195.399,0
1,5476,1041,3,0,189.70500000000001,0
1,5477,1049,3,0,182.447,0
1,5478,1057,3,0,165.988,0
1,5479,1065,3,0,144.39400000000001,0
1,5480,1073,3,0,148.28800000000001,0
1,5481,1081,3,0,176.05799999999999,0
1,5482,1089,3,0,179.24000000000001,0
1,5483,1097,3,0,174.33099999999999,0
1,5484,1105,3,0,153.374,0
1,5485,1113,3,0,203.46100000000001,0
1,5486,1121,3,0,175.13399999999999,0
1,5487,1129,3,0,172.44200000000001,0
1,5488,1137,3,0,175.792,0
1,5489,1145,3,0,147.827,0
1,5490,1153,3,0,185.096,0
1,5491,1161,3,0,189.03,0
1,5492,1169,3,0,186.97499999999999,0
1,5493,1177,3,0,144.53200000000001,0
1,5494,1185,3,0,185.50899999999999,0
1,5495,1193,3,0,175.02699999999999,0
1,5496,1201,3,0,173.327,0
1,5497,1209,3,0,176.99700000000001,0
1,5498,1217,3,0,193.51300000000001,0
1,5499,1225,3,0,182.316,0
1,5500,1233,3,0,198.96700000000001,0
1,5501,1241,3,0,183.39599999999999,0
1,5502,1249,3,0,138.321,0
1,5503,1257,3,0,188.92500000000001,0
1,5504,1265,3,0,172.952,0
1,5505,1273,3,0,147.988,0
1,5506,1281,3,0,174.447,0
1,5507,1289,3,0,163.958,0
1,5508,1297,3,0,172.84999999999999,0
1,5509,1305,3,0,145.97399999999999,0
1,5510,1313,3,0,167.761,0
1,5511,1321,3,0,193.14500000000001,0
1,5512,1329,3,0,146.006,0
1,5513,1337,3,0,167.56399999999999,0
1,5514,1345,3,0,182.20699999999999,0
1,5515,1353,3,0,185.56299999999999,0
1,5516,1361,3,0,207.328,0
1,5517,1369,3,0,173.57400000000001,0
1,5518,1377,3,0,200.166,0
1,5519,1385,3,0,136.57900000000001,0
1,5520,1393,3,0,126.098,0
1,5521,1401,3,0,159.99700000000001,0
1,5522,1409,3,0,169.048,0
1,5523,1417,3,0,157.21899999999999,0
1,5524,1425,3,0,173.631,0
1,5525,1433,3,0,145.001,0
1,5526,1441,3,0,182.47399999999999,0
1,5527,1449,3,0,185.65600000000001,0
1,5528,1457,3,0,166.30500000000001,0
1,5529,1465,3,0,181.02199999999999,0
1,5530,1473,3,0,186.04599999999999,0
1,5531,1481,3,0,193.10900000000001,0
1,5532,1489,3,0,188.31100000000001,0
1,5533,1497,3,0,183.75,0
1,5534,1505,3,0,201.578,0
1,5535,1513,3,0,173.959,0
1,5536,1521,3,0,188.22999999999999,0
1,5537,1529,3,0,145.024,0
1,5538,1537,3,0,149.452,0
1,5539,1545,3,0,167.37200000000001,0
1,5540,1553,3,0,136.33600000000001,0
1,5541,1561,3,0,120.756,0
1,5542,1569,3,0,184.80799999999999,0
1,5543,1577,3,0,183.95599999999999,0
1,5544,1585,3,0,186.34899999999999,0
1,5545,1593,3,0,148.267,0
1,5546,1601,3,0,202.13200000000001,0
1,5547,1609,3,0,184.79400000000001,0
1,5548,1617,3,0,195.40199999999999,0
1,5549,1625,3,0,174.10499999999999,0
1,5550,1633,3,0,164.17599999999999,0
1,5551,1641,3,0,189.114,0
1,5552,1649,3,0,155.07400000000001,0
1,5553,1657,3,0,160.125,0
1,5554,1665,3,0,174.48400000000001,0
1,5555,1673,3,0,164.096,0
1,5556,1681,3,0,125.77,0
1,5557,1689,3,0,170.72200000000001,0
1,5558,1697,3,0,188.11600000000001,0
1,5559,1705,3,0,164.75899999999999,0
1,5560,1713,3,0,194.267,0
1,5561,1721,3,0,179.07400000000001,0
1,5562,1729,3,0,188.386,0
1,5563,1737,3,0,181.608,0
1,5564,1745,3,0,191.20500000000001,0
1,5565,1753,3,0,156.76400000000001,0
1,5566,1761,3,0,147.386,0
1,5567,1769,3,0,156.499,0
1,5568,1777,3,0,179.06899999999999,0
1,5569,1785,3,0,179.46299999999999,0
1,5570,1793,3,0,129.60300000000001,0
1,5571,1801,3,0,189.423,0
1,5572,1809,3,0,168.03299999999999,0
1,5573,1817,3,0,181.64099999999999,0
1,5574,1825,3,0,141.36000000000001,0
1,5575,1833,3,0,182.12700000000001,0
1,5576,1841,3,0,209.90700000000001,0
1,5577,1849,3,0,169.851,0
1,5578,1857,3,0,185.29300000000001,0
1,5579,1865,3,0,207.01599999999999,0
1,5580,1873,3,0,173.279,0
1,5581,1881,3,0,135.50999999999999,0
1,5582,1889,3,0,176.50999999999999,0
1,5583,1897,3,0,210.148,0
1,5584,1905,3,0,188.40600000000001,0
1,5585,1913,3,0,181.82300000000001,0
1,5586,1921,3,0,160.21000000000001,0
1,5587,1929,3,0,169.809,0
1,5588,1937,3,0,178.28100000000001,0
1,5589,1945,3,0,172.37200000000001,0
1,5590,1953,3,0,186.01599999999999,0
1,5591,1961,3,0,193.82499999999999,0
1,5592,1969,3,0,194.851,0
1,5593,1977,3,0,173.69900000000001,0
1,5594,1985,3,0,180.38900000000001,0
1,5595,1993,3,0,206.839,0
1,5596,2001,3,0,194.80099999999999,0
1,5597,2009,3,0,161.625,0
1,5598,2017,3,0,184.85400000000001,0
1,5599,2025,3,0,155.77699999999999,0
1,5600,2033,3,0,133.15000000000001,0
1,5601,2041,3,0,184.79400000000001,0
1,5602,2049,3,0,158.81200000000001,0
1,5603,2057,3,0,170.88,0
1,5604,2065,3,0,192.75800000000001,0
1,5605,2073,3,0,185.64500000000001,0
1,5606,2081,3,0,172.13800000000001,0
1,5607,2089,3,0,179.78399999999999,0
1,5608,2097,3,0,164.488,0
1,5609,2105,3,0,179.357,0
1,5610,2113,3,0,170.82499999999999,0
1,5611,2121,3,0,190.00299999999999,0
1,5612,2129,3,0,214.471,0
1,5613,2137,3,0,182.03100000000001,0
1,5614,2145,3,0,184.55099999999999,0
1,5615,2153,3,0,195.126,0
1,5616,2161,3,0,122.494,0
1,5617,2169,3,0,190.09999999999999,0
1,5618,2177,3,0,180.31399999999999,0
1,5619,2185,3,0,189.68299999999999,0
1,5620,2193,3,0,175.12100000000001,0
1,5621,2201,3,0,156.21899999999999,0
1,5622,2209,3,0,184.06899999999999,0
1,5623,2217,3,0,126.077,0
1,5624,2225,3,0,160.94499999999999,0
1,5625,2233,3,0,191.16999999999999,0
1,5626,2241,3,0,181.90600000000001,0
1,5627,2249,3,0,196.06299999999999,0
1,5628,2257,3,0,197.28299999999999,0
1,5629,2265,3,0,160.59,0
1,5630,2273,3,0,192.69499999999999,0
1,5631,2281,3,0,182.88999999999999,0
1,5632,2289,3,0,198.822,0
1,5633,2297,3,0,183.52600000000001,0
1,5634,2305,3,0,193.86099999999999,0
1,5635,2313,3,0,180.089,0
1,5636,2321,3,0,158.78399999999999,0
1,5637,2329,3,0,160.81700000000001,0
1,5638,2337,3,0,189.24100000000001,0
1,5639,2345,3,0,156.971,0
1,5640,2353,3,0,167.33000000000001,0
1,5641,2361,3,0,193.804,0
1,5642,2369,3,0,185.828,0
1,5643,2377,3,0,164.375,0
1,5644,2385,3,0,160.96799999999999,0
1,5645,2393,3,0,198.53299999999999,0
1,5646,2401,3,0,231.05099999999999,0
1,5647,2409,3,0,175.33699999999999,0
1,5648,2417,3,0,193.04599999999999,0
1,5649,2425,3,0,159.38900000000001,0
1,5650,2433,3,0,176.92099999999999,0
1,5651,2441,3,0,173.726,0
1,5652,2449,3,0,158.41800000000001,0
1,5653,2457,3,0,190.197,0
1,5654,2465,3,0,174.56999999999999,0
1,5655,2473,3,0,182.28399999999999,0
1,5656,2481,3,0,177.92400000000001,0
1,5657,2489,3,0,176.863,0
1,5658,2497,3,0,171.917,0
1,5659,2505,3,0,188.71199999999999,0
1,5660,2513,3,0,170.79499999999999,0
1,5661,2521,3,0,175.006,0
1,5662,2529,3,0,185.21700000000001,0
1,5663,2537,3,0,203.65700000000001,0
1,5664,2545,3,0,193.53299999999999,0
1,5665,2553,3,0,193.86600000000001,0
1,5666,2561,3,0,205.24299999999999,0
1,5667,2569,3,0,163.76400000000001,0
1,5668,2577,3,0,177.97200000000001,0
1,5669,2585,3,0,169.61799999999999,0
1,5670,2593,3,0,162.06100000000001,0
1,5671,2601,3,0,148.49799999999999,0
1,5672,2609,3,0,175.27000000000001,0
1,5673,2617,3,0,183.846,0
1,5674,2625,3,0,160.37899999999999,0
1,5675,2633,3,0,167.191,0
1,5676,2641,3,0,174.94800000000001,0
1,5677,2649,3,0,139.25200000000001,0
1,5678,2657,3,0,187.999,0
1,5679,2665,3,0,123.892,0
1,5680,2673,3,0,168.84,0
1,5681,2681,3,0,202.58000000000001,0
1,5682,2689,3,0,143.666,0
1,5683,2697,3,0,192.29900000000001,0
1,5684,2705,3,0,176.27199999999999,0
1,5685,2713,3,0,155.11199999999999,0
1,5686,2721,3,0,172.86699999999999,0
1,5687,2729,3,0,173.04400000000001,0
1,5688,2737,3,0,173.44900000000001,0
1,5689,2745,3,0,185.88399999999999,0
1,5690,2753,3,0,144.458,0
1,5691,2761,3,0,179.41499999999999,0
1,5692,2769,3,0,179.92099999999999,0
1,5693,2777,3,0,193.93799999999999,0
1,5694,2785,3,0,201.012,0
1,5695,2793,3,0,169.636,0
1,5696,2801,3,0,176.274,0
1,5697,2809,3,0,179.16300000000001,0
1,5698,2817,3,0,160.691,0
1,5699,2825,3,0,171.161,0
1,5700,2833,3,0,177.76300000000001,0
1,5701,2841,3,0,178.137,0
1,5702,2849,3,0,168.12299999999999,0
1,5703,2857,3,0,194.208,0
1,5704,2865,3,0,163.601,0
1,5705,2873,3,0,185.51300000000001,0
1,5706,2881,3,0,183.83600000000001,0
1,5707,2889,3,0,159.51400000000001,0
1,5708,2897,3,0,145.70099999999999,0
1,5709,2905,3,0,192.16200000000001,0
1,5710,2913,3,0,184.75399999999999,0
1,5711,2921,3,0,158.40299999999999,0
1,5712,2929,3,0,134.721,0
1,5713,2937,3,0,173.22800000000001,0
1,5714,2945,3,0,187.75200000000001,0
1,5715,2953,3,0,209.51900000000001,0
1,5716,2961,3,0,201.87,0
1,5717,2969,3,0,185.208,0
1,5718,2977,3,0,161.65600000000001,0
1,5719,2985,3,0,174.14699999999999,0
1,5720,2993,3,0,192.49199999999999,0
1,5721,3001,3,0,153.04599999999999,0
1,5722,3009,3,0,143.411,0
1,5723,3017,3,0,184.255,0
1,5724,3025,3,0,128.22499999999999,0
1,5725,3033,3,0,169.39500000000001,0
1,5726,3041,3,0,182.678,0
1,5727,3049,3,0,187.21199999999999,0
1,5728,3057,3,0,140.07900000000001,0
1,5729,3065,3,0,206.97999999999999,0
1,5730,3073,3,0,175.59999999999999,0
1,5731,3081,3,0,187.80600000000001,0
1,5732,3089,3,0,180.94900000000001,0
1,5733,3097,3,0,198.161,0
1,5734,3105,3,0,164.01499999999999,0
1,5735,3113,3,0,188.68100000000001,0
1,5736,3121,3,0,142.98099999999999,0
1,5737,3129,3,0,195.71700000000001,0
1,5738,3137,3,0,207.71799999999999,0
1,5739,3145,3,0,138.23099999999999,0
1,5740,3153,3,0,166.14400000000001,0
1,5741,3161,3,0,192.06299999999999,0
1,5742,3169,3,0,191.68299999999999,0
1,5743,3177,3,0,182.048,0
1,5744,3185,3,0,176.642,0
1,5745,3193,3,0,182.06,0
1,5746,3201,3,0,181.78700000000001,0
1,5747,3209,3,0,186.547,0
1,5748,3217,3,0,176.71299999999999,0
1,5749,3225,3,0,183.249,0
1,5750,3233,3,0,195.499,0
1,5751,3241,3,0,193.43899999999999,0
1,5752,3249,3,0,207.589,0
1,5753,3257,3,0,172.352,0
1,5754,3265,3,0,195.06299999999999,0
1,5755,3273,3,0,125.94799999999999,0
1,5756,3281,3,0,186.17099999999999,0
1,5757,3289,3,0,175.91,0
1,5758,3297,3,0,157.84899999999999,0
1,5759,3305,3,0,192.31100000000001,0
1,5760,3313,3,0,196.28100000000001,0
1,5761,3321,3,0,146.42599999999999,0
1,5762,3329,3,0,181.941,0
1,5763,3337,3,0,169.91499999999999,0
1,5764,3345,3,0,176.40299999999999,0
1,5765,3353,3,0,160.05000000000001,0
1,5766,3361,3,0,174.02799999999999,0
1,5767,3369,3,0,181.84999999999999,0
1,5768,3377,3,0,176.69800000000001,0
1,5769,3385,3,0,170.83099999999999,0
1,5770,3393,3,0,138.86199999999999,0
1,5771,3401,3,0,129.316,0
1,5772,3409,3,0,165.68799999999999,0
1,5773,3417,3,0,149.44999999999999,0
1,5774,3425,3,0,166.24199999999999,0
1,5775,3433,3,0,197.67400000000001,0
1,5776,3441,3,0,170.61699999999999,0
1,5777,3449,3,0,202.42599999999999,0
1,5778,3457,3,0,198.774,0
1,5779,3465,3,0,193.994,0
1,5780,3473,3,0,182.71199999999999,0
1,5781,3481,3,0,183.042,0
1,5782,3489,3,0,177.608,0
1,5783,3497,3,0,185.35599999999999,0
1,5784,3505,3,0,134.70599999999999,0
1,5785,3513,3,0,211.077,0
1,5786,3521,3,0,191.77199999999999,0
1,5787,3529,3,0,177.65600000000001,0
1,5788,3537,3,0,190.73599999999999,0
1,5789,3545,3,0,184.05600000000001,0
1,5790,3553,3,0,184.14500000000001,0
1,5791,3561,3,0,135.869,0
1,5792,3569,3,0,184.136,0
1,5793,3577,3,0,194.417,0
1,5794,3585,3,0,189.41900000000001,0
1,5795,3593,3,0,166.02199999999999,0
1,5796,3601,3,0,170.41399999999999,0
1,5797,3609,3,0,202.39599999999999,0
1,5798,3617,3,0,177.054,0
1,5799,3625,3,0,164.72900000000001,0
1,5800,3633,3,0,185.904,0
1,5801,3641,3,0,192.494,0
1,5802,3649,3,0,162.93700000000001,0
1,5803,3657,3,0,153.32300000000001,0
1,5804,3665,3,0,171.011,0
1,5805,3673,3,0,148.37299999999999,0
1,5806,3681,3,0,165.49700000000001,0
1,5807,3689,3,0,176.00899999999999,0
1,5808,3697,3,0,139.03299999999999,0
1,5809,3705,3,0,143.90799999999999,0
1,5810,3713,3,0,187.76300000000001,0
1,5811,3721,3,0,168.446,0
1,5812,3729,3,0,133.90199999999999,0
1,5813,3737,3,0,183.27199999999999,0
1,5814,3745,3,0,128.619,0
1,5815,3753,3,0,179.227,0
1,5816,3761,3,0,196.654,0
1,5817,3769,3,0,178.77600000000001,0
1,5818,3777,3,0,201.94499999999999,0
1,5819,3785,3,0,190.357,0
1,5820,3793,3,0,179.721,0
1,5821,3801,3,0,184.63499999999999,0
1,5822,3809,3,0,191.22800000000001,0
1,5823,3817,3,0,190.59299999999999,0
1,5824,3825,3,0,199.958,0
1,5825,3833,3,0,211.85400000000001,0
1,5826,3841,3,0,146.512,0
1,5827,3849,3,0,158.184,0
1,5828,3857,3,0,155.995,0
1,5829,3865,3,0,163.50700000000001,0
1,5830,3873,3,0,189.96700000000001,0
1,5831,3881,3,0,169.428,0
1,5832,3889,3,0,173.172,0
1,5833,3897,3,0,173.17400000000001,0
1,5834,3905,3,0,218.69,0
1,5835,3913,3,0,188.81299999999999,0
1,5836,3921,3,0,178.49700000000001,0
1,5837,3929,3,0,222.42400000000001,0
1,5838,3937,3,0,170.27000000000001,0
1,5839,3945,3,0,185.392,0
1,5840,3953,3,0,198.02799999999999,0
1,5841,3961,3,0,178.899,0
1,5842,3969,3,0,209.01400000000001,0
1,5843,3977,3,0,157.82900000000001,0
1,5844,3985,3,0,175.56,0
1,5845,3993,3,0,151.29499999999999,0
1,5846,4001,3,0,187.15899999999999,0
1,5847,4009,3,0,189.96199999999999,0
1,5848,4017,3,0,198.721,0
1,5849,4025,3,0,173.142,0
1,5850,4033,3,0,161.327,0
1,5851,4041,3,0,188.976,0
1,5852,4049,3,0,147.10499999999999,0
1,5853,4057,3,0,172.934,0
1,5854,4065,3,0,174.21100000000001,0
1,5855,4073,3,0,153.017,0
1,5856,4081,3,0,174.19900000000001,0
1,5857,4089,3,0,148.30500000000001,0
1,5858,4097,3,0,120.437,0
1,5859,4105,3,0,162.22800000000001,0
1,5860,4113,3,0,193.75999999999999,0
1,5861,4121,3,0,190.15199999999999,0
1,5862,4129,3,0,154.71100000000001,0
1,5863,4137,3,0,155.16800000000001,0
1,5864,4145,3,0,185.26400000000001,0
1,5865,4153,3,0,176.166,0
1,5866,4161,3,0,197.185,0
1,5867,4169,3,0,163.38800000000001,0
1,5868,4177,3,0,168.625,0
1,5869,4185,3,0,170.59200000000001,0
1,5870,4193,3,0,173.22300000000001,0
1,5871,4201,3,0,197.911,0
1,5872,4209,3,0,168.21899999999999,0
1,5873,4217,3,0,169.12299999999999,0
1,5874,4225,3,0,213.34800000000001,0
1,5875,4233,3,0,167.815,0
1,5876,4241,3,0,190.05099999999999,0
1,5877,4249,3,0,171.34399999999999,0
1,5878,4257,3,0,185.822,0
1,5879,4265,3,0,184.34100000000001,0
1,5880,4273,3,0,174.83699999999999,0
1,5881,4281,3,0,190.59,0
1,5882,4289,3,0,133.27799999999999,0
1,5883,4297,3,0,178.81,0
1,5884,4305,3,0,142.76599999999999,0
1,5885,4313,3,0,180.465,0
1,5886,4321,3,0,126.721,0
1,5887,4329,3,0,137.91999999999999,0
1,5888,4337,3,0,164.726,0
1,5889,4345,3,0,196.53299999999999,0
1,5890,4353,3,0,169.25399999999999,0
1,5891,4361,3,0,212.34999999999999,0
1,5892,4369,3,0,150.26400000000001,0
1,5893,4377,3,0,152.02600000000001,0
1,5894,4385,3,0,202.583,0
1,5895,4393,3,0,121.63,0
1,5896,4401,3,0,186.45400000000001,0
1,5897,4409,3,0,164.251,0
1,5898,4417,3,0,186.352,0
1,5899,4425,3,0,139.703,0
1,5900,4433,3,0,204.59299999999999,0
1,5901,4441,3,0,133.61099999999999,0
1,5902,4449,3,0,188.25800000000001,0
1,5903,4457,3,0,204.06200000000001,0
1,5904,4465,3,0,154.452,0
1,5905,4473,3,0,165.63399999999999,0
1,5906,4481,3,0,182.19900000000001,0
1,5907,4489,3,0,136.726,0
1,5908,4497,3,0,123.52800000000001,0
1,5909,4505,3,0,178.51599999999999,0
1,5910,4513,3,0,200.988,0
1,5911,4521,3,0,195.15600000000001,0
1,5912,4529,3,0,152.58799999999999,0
1,5913,4537,3,0,157.00800000000001,0
1,5914,4545,3,0,153.02099999999999,0
1,5915,4553,3,0,173.489,0
1,5916,4561,3,0,136.59700000000001,0
1,5917,4569,3,0,151.334,0
1,5918,4577,3,0,198.86600000000001,0
1,5919,4585,3,0,223.72200000000001,0
1,5920,4593,3,0,170.90899999999999,0
1,5921,4601,3,0,172.79599999999999,0
1,5922,4609,3,0,224.11199999999999,0
1,5923,4617,3,0,198.78899999999999,0
1,5924,4625,3,0,135.24199999999999,0
1,5925,4633,3,0,165.041,0
1,5926,4641,3,0,156.68199999999999,0
1,5927,4649,3,0,195.69399999999999,0
1,5928,4657,3,0,176.93600000000001,0
1,5929,4665,3,0,208.87299999999999,0
1,5930,4673,3,0,167.86500000000001,0
1,5931,4681,3,0,185.358,0
1,5932,4689,3,0,159.95400000000001,0
1,5933,4697,3,0,169.035,0
1,5934,4705,3,0,184.95500000000001,0
1,5935,4713,3,0,198.767,0
1,5936,4721,3,0,187.45699999999999,0
1,5937,4729,3,0,183.054,0
1,5938,4737,3,0,190.08199999999999,0
1,5939,4745,3,0,180.89400000000001,0
1,5940,4753,3,0,168.631,0
1,5941,4761,3,0,154.917,0
1,5942,4769,3,0,171.273,0
1,5943,4777,3,0,178.52000000000001,0
1,5944,4785,3,0,184.929,0
1,5945,4793,3,0,142.755,0
1,5946,4801,3,0,149.87299999999999,0
1,5947,4809,3,0,176.613,0
1,5948,4817,3,0,189.089,0
1,5949,4825,3,0,190.554,0
1,5950,4833,3,0,164.88399999999999,0
1,5951,4841,3,0,188.00200000000001,0
1,5952,4849,3,0,123.06699999999999,0
1,5953,4857,3,0,202.435,0
1,5954,4865,3,0,191.16200000000001,0
1,5955,4873,3,0,162.10599999999999,0
1,5956,4881,3,0,173.518,0
1,5957,4889,3,0,203.428,0
1,5958,4897,3,0,191.84700000000001,0
1,5959,4905,3,0,161.53200000000001,0
1,5960,4913,3,0,222.01300000000001,0
1,5961,4921,3,0,177.47900000000001,0
1,5962,4929,3,0,170.03700000000001,0
1,5963,4937,3,0,147.12799999999999,0
1,5964,4945,3,0,179.154,0
1,5965,4953,3,0,186.36500000000001,0
1,5966,4961,3,0,179.15600000000001,0
1,5967,4969,3,0,170.74299999999999,0
1,5968,4977,3,0,190.804,0
1,5969,4985,3,0,193.589,0
1,5970,4993,3,0,192.83500000000001,0
1,5971,5001,3,0,167.929,0
1,5972,5009,3,0,191.82400000000001,0
1,5973,5017,3,0,201.35499999999999,0
1,5974,5025,3,0,164.96299999999999,0
1,5975,5033,3,0,186.667,0
1,5976,5041,3,0,192.185,0
1,5977,5049,3,0,205.11600000000001,0
1,5978,5057,3,0,185.136,0
1,5979,5065,3,0,184.70099999999999,0
1,5980,5073,3,0,187.24600000000001,0
1,5981,5081,3,0,183.09299999999999,0
1,5982,5089,3,0,139.98599999999999,0
1,5983,5097,3,0,147.69,0
1,5984,5105,3,0,167.297,0
1,5985,5113,3,0,188.52099999999999,0
1,5986,5121,3,0,179.535,0
1,5987,5129,3,0,157.261,0
1,5988,5137,3,0,134.25899999999999,0
1,5989,5145,3,0,162.458,0
1,5990,5153,3,0,179.67699999999999,0
1,5991,5161,3,0,190.62799999999999,0
1,5992,5169,3,0,173.58099999999999,0
1,5993,5177,3,0,167.52799999999999,0
1,5994,5185,3,0,205.73500000000001,0
1,5995,5193,3,0,166.822,0
1,5996,5201,3,0,155.90700000000001,0
1,5997,5209,3,0,174.10400000000001,0
1,5998,5217,3,0,153.857,0
1,5999,5225,3,0,215.10499999999999,0
1,6000,5233,3,0,177.541,0
1,6001,5241,3,0,176.69900000000001,0
1,6002,5249,3,0,182.53,0
1,6003,5257,3,0,171.04599999999999,0
1,6004,5265,3,0,170.40600000000001,0
1,6005,5273,3,0,191.964,0
1,6006,5281,3,0,207.96899999999999,0
1,6007,5289,3,0,147.678,0
1,6008,5297,3,0,132.89400000000001,0
1,6009,5305,3,0,138.62700000000001,0
1,6010,5313,3,0,190.27600000000001,0
1,6011,5321,3,0,153.679,0
1,6012,5329,3,0,193.387,0
1,6013,5337,3,0,116.01600000000001,0
1,6014,5345,3,0,181.36099999999999,0
1,6015,5353,3,0,189.88999999999999,0
1,6016,5361,3,0,195.22800000000001,0
1,6017,5369,3,0,182.76400000000001,0
1,6018,5377,3,0,188.80099999999999,0
1,6019,5385,3,0,171.30000000000001,0
1,6020,5393,3,0,172.00899999999999,0
1,6021,5401,3,0,173.922,0
1,6022,5409,3,0,192.97900000000001,0
1,6023,5417,3,0,148.18199999999999,0
1,6024,5425,3,0,186.52500000000001,0
1,6025,5433,3,0,147.68700000000001,0
1,6026,5441,3,0,172.38200000000001,0
1,6027,5449,3,0,193.77000000000001,0
1,6028,5457,3,0,180.20699999999999,0
1,6029,5465,3,0,166.02799999999999,0
1,6030,5473,3,0,180.43899999999999,0
1,6031,5481,3,0,201.15100000000001,0
1,6032,5489,3,0,201.52000000000001,0
1,6033,5497,3,0,144.98500000000001,0
1,6034,5505,3,0,191.75299999999999,0
1,6035,5513,3,0,195.161,0
1,6036,5521,3,0,150.02600000000001,0
1,6037,5529,3,0,181.16999999999999,0
1,6038,5537,3,0,137.29499999999999,0
1,6039,5545,3,0,165.791,0
1,6040,5553,3,0,183.66,0
1,6041,5561,3,0,143.19900000000001,0
1,6042,5569,3,0,136.131,0
1,6043,5577,3,0,201.898,0
1,6044,5585,3,0,192.62899999999999,0
1,6045,5593,3,0,167.78999999999999,0
1,6046,5601,3,0,174.16200000000001,0
1,6047,5609,3,0,176.46700000000001,0
1,6048,5617,3,0,160.66300000000001,0
1,6049,5625,3,0,204.791,0
1,6050,5633,3,0,146.52000000000001,0
1,6051,5641,3,0,190.095,0
1,6052,5649,3,0,157.93000000000001,0
1,6053,5657,3,0,172.898,0
1,6054,5665,3,0,145.63200000000001,0
1,6055,5673,3,0,155.25399999999999,0
1,6056,5681,3,0,146.15000000000001,0
1,6057,5689,3,0,131.572,0
1,6058,5697,3,0,190.45099999999999,0
1,6059,5705,3,0,201.12,0
1,6060,5713,3,0,125.95399999999999,0
1,6061,5721,3,0,178.78299999999999,0
1,6062,5729,3,0,133.239,0
1,6063,5737,3,0,195.39400000000001,0
1,6064,5745,3,0,211.858,0
1,6065,5753,3,0,124.057,0
1,6066,5761,3,0,196.58799999999999,0
1,6067,5769,3,0,128.68100000000001,0
1,6068,5777,3,0,173.02799999999999,0
1,6069,5785,3,0,190.37299999999999,0
1,6070,5793,3,0,188.44300000000001,0
1,6071,5801,3,0,187.36099999999999,0
1,6072,5809,3,0,197.255,0
1,6073,5817,3,0,158.267,0
1,6074,5825,3,0,173.28299999999999,0
1,6075,5833,3,0,172.81700000000001,0
1,6076,5841,3,0,187.262,0
1,6077,5849,3,0,176.71299999999999,0
1,6078,5857,3,0,180.559,0
1,6079,5865,3,0,162.16800000000001,0
1,6080,5873,3,0,171.804,0
1,6081,5881,3,0,204.63200000000001,0
1,6082,5889,3,0,178.59700000000001,0
1,6083,5897,3,0,163.59100000000001,0
1,6084,5905,3,0,192.78299999999999,0
1,6085,5913,3,0,175.60499999999999,0
1,6086,5921,3,0,175.82499999999999,0
1,6087,5929,3,0,169.63300000000001,0
1,6088,5937,3,0,130.739,0
1,6089,5945,3,0,167.273,0
1,6090,5953,3,0,191.81399999999999,0
1,6091,5961,3,0,197.667,0
1,6092,5969,3,0,171.65199999999999,0
1,6093,5977,3,0,180.98500000000001,0
1,6094,5985,3,0,151.41800000000001,0
1,6095,5993,3,0,176.62200000000001,0
1,6096,6001,3,0,158.459,0
1,6097,6009,3,0,151.87100000000001,0
1,6098,6017,3,0,193.608,0
1,6099,6025,3,0,176.399,0
1,6100,6033,3,0,177.18299999999999,0
1,6101,6041,3,0,182.434,0
1,6102,6049,3,0,178.90700000000001,0
1,6103,6057,3,0,178.797,0
1,6104,6065,3,0,195.34,0
1,6105,6073,3,0,192.87299999999999,0
1,6106,6081,3,0,170.679,0
1,6107,6089,3,0,187.636,0
1,6108,6097,3,0,170.78299999999999,0
1,6109,6105,3,0,171.20099999999999,0
1,6110,6113,3,0,159.54900000000001,0
1,6111,6121,3,0,165.16200000000001,0
1,6112,6129,3,0,187.37700000000001,0
1,6113,6137,3,0,174.583,0
1,6114,6145,3,0,174.52699999999999,0
1,6115,6153,3,0,177.01599999999999,0
1,6116,6161,3,0,182.75299999999999,0
1,6117,6169,3,0,182.84999999999999,0
1,6118,6177,3,0,179.91,0
1,6119,6185,3,0,183.57400000000001,0
1,6120,6193,3,0,216.01499999999999,0
1,6121,6201,3,0,172.12,0
1,6122,6209,3,0,196.26900000000001,0
1,6123,6217,3,0,169.96700000000001,0
1,6124,6225,3,0,192.393,0
1,6125,6233,3,0,175.06100000000001,0
1,6126,6241,3,0,182.04400000000001,0
1,6127,6249,3,0,211.30500000000001,0
1,6128,6257,3,0,135.946,0
1,6129,6265,3,0,165.59,0
1,6130,6273,3,0,188.44300000000001,0
1,6131,6281,3,0,183.30099999999999,0
1,6132,6289,3,0,167.69800000000001,0
1,6133,6297,3,0,155.02699999999999,0
1,6134,6305,3,0,159.721,0
1,6135,6313,3,0,188.00800000000001,0
1,6136,6321,3,0,175.48599999999999,0
1,6137,6329,3,0,175.25399999999999,0
1,6138,6337,3,0,177.249,0
1,6139,6345,3,0,189.36000000000001,0
1,6140,6353,3,0,195.05000000000001,0
1,6141,6361,3,0,192.767,0
1,6142,6369,3,0,165.953,0
1,6143,6377,3,0,161.88,0
1,6144,6385,3,0,159.36099999999999,0
1,6145,6393,3,0,194.404,0
1,6146,6401,3,0,162.30500000000001,0
1,6147,6409,3,0,145.34700000000001,0
1,6148,6417,3,0,155.51599999999999,0
1,6149,6425,3,0,158.89599999999999,0
1,6150,6433,3,0,180.81999999999999,0
1,6151,6441,3,0,164.95699999999999,0
1,6152,6449,3,0,157.72800000000001,0
1,6153,6457,3,0,188.11600000000001,0
1,6154,6465,3,0,157.40299999999999,0
1,6155,6473,3,0,152.864,0
1,6156,6481,3,0,168.577,0
1,6157,6489,3,0,188.71299999999999,0
1,6158,6497,3,0,182.91499999999999,0
1,6159,6505,3,0,188.76900000000001,0
1,6160,6513,3,0,162.28399999999999,0
1,6161,6521,3,0,177.64400000000001,0
1,6162,6529,3,0,172.977,0
1,6163,6537,3,0,186.911,0
1,6164,6545,3,0,154.95599999999999,0
1,6165,6553,3,0,192.07300000000001,0
1,6166,6561,3,0,192.964,0
1,6167,6569,3,0,171.499,0
1,6168,6577,3,0,149.173,0
1,6169,6585,3,0,164.97200000000001,0
1,6170,6593,3,0,172.26400000000001,0
1,6171,6601,3,0,179.429,0
1,6172,6609,3,0,184.50800000000001,0
1,6173,6617,3,0,125.307,0
1,6174,6625,3,0,169.51499999999999,0
1,6175,6633,3,0,191.70400000000001,0
1,6176,6641,3,0,187.39500000000001,0
1,6177,6649,3,0,189.857,0
1,6178,6657,3,0,193.12100000000001,0
1,6179,6665,3,0,175.35900000000001,0
1,6180,6673,3,0,199.44499999999999,0
1,6181,6681,3,0,183.376,0
1,6182,6689,3,0,185.845,0
1,6183,6697,3,0,147.00399999999999,0
1,6184,6705,3,0,159.49299999999999,0
1,6185,6713,3,0,168.54300000000001,0
1,6186,6721,3,0,162.518,0
1,6187,6729,3,0,198.244,0
1,6188,6737,3,0,183.80099999999999,0
1,6189,6745,3,0,166.03200000000001,0
1,6190,6753,3,0,180.47,0
1,6191,6761,3,0,186.33500000000001,0
1,6192,6769,3,0,196.17500000000001,0
1,6193,6777,3,0,156.12299999999999,0
1,6194,6785,3,0,168.489,0
1,6195,6793,3,0,150.149,0
1,6196,6801,3,0,188.59100000000001,0
1,6197,6809,3,0,197.053,0
1,6198,6817,3,0,186.988,0
1,6199,6825,3,0,152.51599999999999,0
1,6200,6833,3,0,159.34299999999999,0
1,6201,6841,3,0,151.178,0
1,6202,6849,3,0,200.06999999999999,0
1,6203,6857,3,0,185.16900000000001,0
1,6204,6865,3,0,166.49000000000001,0
1,6205,6873,3,0,174.14099999999999,0
1,6206,6881,3,0,185.71199999999999,0
1,6207,6889,3,0,193.58000000000001,0
1,6208,6897,3,0,177.46199999999999,0
1,6209,6905,3,0,186.07499999999999,0
1,6210,6913,3,0,129.93600000000001,0
1,6211,6921,3,0,160.33500000000001,0
1,6212,6929,3,0,195.78,0
1,6213,6937,3,0,175.065,0
1,6214,6945,3,0,144.02500000000001,0
1,6215,6953,3,0,197.17699999999999,0
1,6216,6961,3,0,182.114,0
1,6217,6969,3,0,192.626,0
1,6218,6977,3,0,204.22499999999999,0
1,6219,6985,3,0,195.75399999999999,0
1,6220,6993,3,0,120.129,0
1,6221,7001,3,0,163.654,0
1,6222,7009,3,0,191.00999999999999,0
1,6223,7017,3,0,196.30000000000001,0
1,6224,7025,3,0,184.82300000000001,0
1,6225,7033,3,0,159.96000000000001,0
1,6226,7041,3,0,171.375,0
1,6227,7049,3,0,130.92400000000001,0
1,6228,7057,3,0,193.72300000000001,0
1,6229,7065,3,0,191.59299999999999,0
1,6230,7073,3,0,191.89699999999999,0
1,6231,7081,3,0,152.566,0
1,6232,7089,3,0,187.27600000000001,0
1,6233,7097,3,0,165.75800000000001,0
1,6234,7105,3,0,163.65199999999999,0
1,6235,7113,3,0,173.28399999999999,0
1,6236,7121,3,0,202.56800000000001,0
1,6237,7129,3,0,161.83000000000001,0
1,6238,7137,3,0,157.46899999999999,0
1,6239,7145,3,0,142.61799999999999,0
1,6240,7153,3,0,155.44300000000001,0
1,6241,7161,3,0,185.59999999999999,0
1,6242,7169,3,0,167.042,0
1,6243,7177,3,0,180.67099999999999,0
1,6244,7185,3,0,171.148,0
1,6245,7193,3,0,191.79599999999999,0
1,6246,7201,3,0,155.935,0
1,6247,7209,3,0,186.01300000000001,0
1,6248,7217,3,0,199.61199999999999,0
1,6249,7225,3,0,187.529,0
1,6250,7233,3,0,176.82499999999999,0
1,6251,7241,3,0,182.22300000000001,0
1,6252,7249,3,0,179.90000000000001,0
1,6253,7257,3,0,181.36099999999999,0
1,6254,7265,3,0,201.72300000000001,0
1,6255,7273,3,0,173.69200000000001,0
1,6256,7281,3,0,158.64099999999999,0
1,6257,7289,3,0,198.74700000000001,0
1,6258,7297,3,0,136.22399999999999,0
1,6259,7305,3,0,187.256,0
1,6260,7313,3,0,188.191,0
1,6261,7321,3,0,186.86699999999999,0
1,6262,7329,3,0,184.58199999999999,0
1,6263,7337,3,0,176.548,0
1,6264,7345,3,0,146.03200000000001,0
1,6265,7353,3,0,186.74799999999999,0
1,6266,7361,3,0,151.11199999999999,0
1,6267,7369,3,0,156.31999999999999,0
1,6268,7377,3,0,187.83199999999999,0
1,6269,7385,3,0,202.27099999999999,0
1,6270,7393,3,0,195.38399999999999,0
1,6271,7401,3,0,186.691,0
1,6272,7409,3,0,158.012,0
1,6273,7417,3,0,147.29499999999999,0
1,6274,7425,3,0,118.608,0
1,6275,7433,3,0,187.88800000000001,0
1,6276,7441,3,0,156.971,0
1,6277,7449,3,0,162.113,0
1,6278,7457,3,0,147.03299999999999,0
1,6279,7465,3,0,182.34299999999999,0
1,6280,7473,3,0,152.416,0
1,6281,7481,3,0,135.84299999999999,0
1,6282,7489,3,0,171.17500000000001,0
1,6283,7497,3,0,175.48099999999999,0
1,6284,7505,3,0,132.54599999999999,0
1,6285,7513,3,0,167.69,0
1,6286,7521,3,0,167.98599999999999,0
1,6287,7529,3,0,207.61099999999999,0
1,6288,7537,3,0,134.096,0
1,6289,7545,3,0,189.77799999999999,0
1,6290,7553,3,0,164.64699999999999,0
1,6291,7561,3,0,170.13999999999999,0
1,6292,7569,3,0,187.00299999999999,0
1,6293,7577,3,0,216.20400000000001,0
1,6294,7585,3,0,192.422,0
1,6295,7593,3,0,174.78200000000001,0
1,6296,7601,3,0,147.27799999999999,0
1,6297,7609,3,0,138.251,0
1,6298,7617,3,0,175.16200000000001,0
1,6299,7625,3,0,188.32499999999999,0
1,6300,7633,3,0,184.10400000000001,0
1,6301,7641,3,0,186.815,0
1,6302,7649,3,0,191.238,0
1,6303,7657,3,0,167.44200000000001,0
1,6304,7665,3,0,181.14400000000001,0
1,6305,7673,3,0,129.43600000000001,0
1,6306,7681,3,0,166.941,0
1,6307,7689,3,0,181.518,0
1,6308,7697,3,0,184.21600000000001,0
1,6309,7705,3,0,184.50299999999999,0
1,6310,7713,3,0,183.916,0
1,6311,7721,3,0,184.14099999999999,0
1,6312,7729,3,0,182.40100000000001,0
1,6313,7737,3,0,193.93299999999999,0
1,6314,7745,3,0,136.369,0
1,6315,7753,3,0,195.32400000000001,0
1,6316,7761,3,0,181.54599999999999,0
1,6317,7769,3,0,166.715,0
1,6318,7777,3,0,181.982,0
1,6319,7785,3,0,190.28299999999999,0
1,6320,7793,3,0,126.559,0
1,6321,7801,3,0,187.86099999999999,0
1,6322,7809,3,0,196.73099999999999,0
1,6323,7817,3,0,142.261,0
1,6324,7825,3,0,214.55500000000001,0
1,6325,7833,3,0,175.62299999999999,0
1,6326,7841,3,0,133.78100000000001,0
1,6327,7849,3,0,212.417,0
1,6328,7857,3,0,188.774,0
1,6329,7865,3,0,195.94300000000001,0
1,6330,7873,3,0,175.26400000000001,0
1,6331,7881,3,0,165.84299999999999,0
1,6332,7889,3,0,147.16200000000001,0
1,6333,7897,3,0,163.62100000000001,0
1,6334,7905,3,0,186.363,0
1,6335,7913,3,0,163.56299999999999,0
1,6336,7921,3,0,164.16,0
1,6337,7929,3,0,166.715,0
1,6338,7937,3,0,191.71199999999999,0
1,6339,7945,3,0,162.00700000000001,0
1,6340,7953,3,0,181.94499999999999,0
1,6341,7961,3,0,192.69900000000001,0
1,6342,7969,3,0,170.666,0
1,6343,7977,3,0,198.285,0
1,6344,7985,3,0,199.642,0
1,6345,7993,3,0,178.85400000000001,0
1,6346,8001,3,0,178.53399999999999,0
1,6347,8009,3,0,152.58500000000001,0
1,6348,8017,3,0,186.46600000000001,0
1,6349,8025,3,0,171.66,0
1,6350,8033,3,0,191.40100000000001,0
1,6351,8041,3,0,178.06899999999999,0
1,6352,8049,3,0,177.68799999999999,0
1,6353,8057,3,0,184.51300000000001,0
1,6354,8065,3,0,166.02199999999999,0
1,6355,8073,3,0,184.541,0
1,6356,8081,3,0,196.84,0
1,6357,8089,3,0,165.45500000000001,0
1,6358,8097,3,0,188.85900000000001,0
1,6359,8105,3,0,144.89500000000001,0
1,6360,8113,3,0,193.251,0
1,6361,8121,3,0,175.59299999999999,0
1,6362,8129,3,0,184.05799999999999,0
1,6363,8137,3,0,151.85499999999999,0
1,6364,8145,3,0,201.642,0
1,6365,8153,3,0,198.12899999999999,0
1,6366,8161,3,0,174.70599999999999,0
1,6367,8169,3,0,185.416,0
1,6368,8177,3,0,189.21299999999999,0
1,6369,8185,3,0,161.97999999999999,0
1,6370,8193,3,0,156.685,0
1,6371,8201,3,0,196.20500000000001,0
1,6372,8209,3,0,190.56200000000001,0
1,6373,8217,3,0,183.601,0
1,6374,8225,3,0,183.12700000000001,0
1,6375,8233,3,0,175.309,0
1,6376,8241,3,0,180.03399999999999,0
1,6377,8249,3,0,191.00200000000001,0
1,6378,8257,3,0,196.06299999999999,0
1,6379,8265,3,0,157.541,0
1,6380,8273,3,0,178.114,0
1,6381,8281,3,0,156.04300000000001,0
1,6382,8289,3,0,144.26400000000001,0
1,6383,8297,3,0,189.614,0
1,6384,8305,3,0,163.15799999999999,0
1,6385,8313,3,0,149.65000000000001,0
1,6386,8321,3,0,194.40600000000001,0
1,6387,8329,3,0,170.85599999999999,0
1,6388,8337,3,0,184.16200000000001,0
1,6389,8345,3,0,192.43899999999999,0
1,6390,8353,3,0,201.66800000000001,0
1,6391,8361,3,0,188.09299999999999,0
1,6392,8369,3,0,175.52099999999999,0
1,6393,8377,3,0,207.833,0
1,6394,8385,3,0,179.56800000000001,0
1,6395,8393,3,0,178.96600000000001,0
1,6396,8401,3,0,184.71899999999999,0
1,6397,8409,3,0,187.32900000000001,0
1,6398,8417,3,0,153.31700000000001,0
1,6399,8425,3,0,184.328,0
1,6400,8433,3,0,199.44499999999999,0
1,6401,8441,3,0,184.58099999999999,0
1,6402,8449,3,0,138.42099999999999,0
1,6403,8457,3,0,173.37899999999999,0
1,6404,8465,3,0,177.374,0
1,6405,8473,3,0,175.19200000000001,0
1,6406,8481,3,0,177.83000000000001,0
1,6407,8489,3,0,183.28800000000001,0
1,6408,8497,3,0,184.67400000000001,0
1,6409,8505,3,0,133.67400000000001,0
1,6410,8513,3,0,179.54599999999999,0
1,6411,8521,3,0,192.20500000000001,0
1,6412,8529,3,0,190.46100000000001,0
1,6413,8537,3,0,170.69,0
1,6414,8545,3,0,209.446,0
1,6415,8553,3,0,138.99199999999999,0
1,6416,8561,3,0,181.76499999999999,0
1,6417,8569,3,0,175.16200000000001,0
1,6418,8577,3,0,152.958,0
1,6419,8585,3,0,183.76499999999999,0
1,6420,8593,3,0,136.005,0
1,6421,8601,3,0,165.54599999999999,0
1,6422,8609,3,0,172.233,0
1,6423,8617,3,0,187.55199999999999,0
1,6424,8625,3,0,185.411,0
1,6425,8633,3,0,204.01400000000001,0
1,6426,8641,3,0,181.43600000000001,0
1,6427,8649,3,0,174.71899999999999,0
1,6428,8657,3,0,153.40000000000001,0
1,6429,8665,3,0,138.22,0
1,6430,8673,3,0,210.77500000000001,0
1,6431,8681,3,0,182.83799999999999,0
1,6432,8689,3,0,178.71600000000001,0
1,6433,8697,3,0,180.96700000000001,0
1,6434,8705,3,0,151.01599999999999,0
1,6435,8713,3,0,126.89100000000001,0
1,6436,8721,3,0,180.71899999999999,0
1,6437,8729,3,0,194.18799999999999,0
1,6438,8737,3,0,167.11699999999999,0
1,6439,8745,3,0,174.185,0
1,6440,8753,3,0,126.794,0
1,6441,8761,3,0,171.774,0
1,6442,8769,3,0,178.49100000000001,0
1,6443,8777,3,0,146.108,0
1,6444,8785,3,0,184.12,0
1,6445,8793,3,0,187.541,0
1,6446,8801,3,0,155.58699999999999,0
1,6447,8809,3,0,179.351,0
1,6448,8817,3,0,198.97999999999999,0
1,6449,8825,3,0,204.42099999999999,0
1,6450,8833,3,0,177.72800000000001,0
1,6451,8841,3,0,180.39400000000001,0
1,6452,8849,3,0,190.54300000000001,0
1,6453,8857,3,0,190.71000000000001,0
1,6454,8865,3,0,168.66,0
1,6455,8873,3,0,192.89099999999999,0
1,6456,8881,3,0,196.59299999999999,0
1,6457,8889,3,0,181.60599999999999,0
1,6458,8897,3,0,167.44499999999999,0
1,6459,8905,3,0,182.68899999999999,0
1,6460,8913,3,0,176.48599999999999,0
1,6461,8921,3,0,151.36699999999999,0
1,6462,8929,3,0,182.83000000000001,0
1,6463,8937,3,0,162.97300000000001,0
1,6464,8945,3,0,191.58099999999999,0
1,6465,8953,3,0,174.74799999999999,0
1,6466,8961,3,0,181.37700000000001,0
1,6467,8969,3,0,180.512,0
1,6468,8977,3,0,164.48699999999999,0
1,6469,8985,3,0,144.94300000000001,0
1,6470,8993,3,0,192.79900000000001,0
1,6471,9001,3,0,180.15899999999999,0
1,6472,9009,3,0,139.83199999999999,0
1,6473,9017,3,0,187.37200000000001,0
1,6474,9025,3,0,186.887,0
1,6475,9033,3,0,159.876,0
1,6476,9041,3,0,167.87799999999999,0
1,6477,9049,3,0,177.68899999999999,0
1,6478,9057,3,0,171.84999999999999,0
1,6479,9065,3,0,151.602,0
1,6480,9073,3,0,175.178,0
1,6481,9081,3,0,182.709,0
1,6482,9089,3,0,167.80799999999999,0
1,6483,9097,3,0,166.374,0
1,6484,9105,3,0,177.86199999999999,0
1,6485,9113,3,0,181.77199999999999,0
1,6486,9121,3,0,176.76400000000001,0
1,6487,9129,3,0,185.899,0
1,6488,9137,3,0,195.465,0
1,6489,9145,3,0,191.38900000000001,0
1,6490,9153,3,0,170.78899999999999,0
1,6491,9161,3,0,198.14099999999999,0
1,6492,9169,3,0,168.28800000000001,0
1,6493,9177,3,0,136.37899999999999,0
1,6494,9185,3,0,134.41300000000001,0
1,6495,9193,3,0,176.78700000000001,0
1,6496,9201,3,0,184.21700000000001,0
1,6497,9209,3,0,156.92099999999999,0
1,6498,9217,3,0,145.637,0
1,6499,9225,3,0,139.22999999999999,0
1,6500,9233,3,0,174.12700000000001,0
1,6501,9241,3,0,189.917,0
1,6502,9249,3,0,190.69499999999999,0
1,6503,9257,3,0,145.30199999999999,0
1,6504,9265,3,0,168.577,0
1,6505,9273,3,0,189.042,0
1,6506,9281,3,0,187.55099999999999,0
1,6507,9289,3,0,173.84899999999999,0
1,6508,9297,3,0,172.80099999999999,0
1,6509,9305,3,0,150.464,0
1,6510,9313,3,0,183.898,0
1,6511,9321,3,0,137.55600000000001,0
1,6512,9329,3,0,179.34999999999999,0
1,6513,9337,3,0,157.262,0
1,6514,9345,3,0,191.934,0
1,6515,9353,3,0,178.565,0
1,6516,9361,3,0,177.017,0
1,6517,9369,3,0,197.84899999999999,0
1,6518,9377,3,0,141.87899999999999,0
1,6519,9385,3,0,158.92099999999999,0
1,6520,9393,3,0,169.21000000000001,0
1,6521,9401,3,0,173.60900000000001,0
1,6522,9409,3,0,177.476,0
1,6523,9417,3,0,162.53,0
1,6524,9425,3,0,150.79400000000001,0
1,6525,9433,3,0,171.523,0
1,6526,9441,3,0,172.64400000000001,0
1,6527,9449,3,0,175.11199999999999,0
1,6528,9457,3,0,189.93000000000001,0
1,6529,9465,3,0,178.69200000000001,0
1,6530,9473,3,0,195.446,0
1,6531,9481,3,0,175.41499999999999,0
1,6532,9489,3,0,187.95699999999999,0
1,6533,9497,3,0,169.626,0
1,6534,9505,3,0,176.65299999999999,0
1,6535,9513,3,0,158.483,0
1,6536,9521,3,0,198.18600000000001,0
1,6537,9529,3,0,176.03399999999999,0
1,6538,9537,3,0,213.541,0
1,6539,9545,3,0,178.70699999999999,0
1,6540,9553,3,0,131.845,0
1,6541,9561,3,0,170.89599999999999,0
1,6542,9569,3,0,194.60300000000001,0
1,6543,9577,3,0,191.46100000000001,0
1,6544,9585,3,0,174.16800000000001,0
1,6545,9593,3,0,178.96199999999999,0
1,6546,9601,3,0,174.88900000000001,0
1,6547,9609,3,0,173.44800000000001,0
1,6548,9617,3,0,174.071,0
1,6549,9625,3,0,183.13300000000001,0
1,6550,9633,3,0,189.53399999999999,0
1,6551,9641,3,0,177.05199999999999,0
1,6552,9649,3,0,146.08600000000001,0
1,6553,9657,3,0,164.65799999999999,0
1,6554,9665,3,0,151.25800000000001,0
1,6555,9673,3,0,152.21899999999999,0
1,6556,9681,3,0,116.239,0
1,6557,9689,3,0,180.08799999999999,0
1,6558,9697,3,0,171.18299999999999,0
1,6559,9705,3,0,216.084,0
1,6560,9713,3,0,147.49000000000001,0
1,6561,9721,3,0,168.029,0
1,6562,9729,3,0,152.05799999999999,0
1,6563,9737,3,0,157.78999999999999,0
1,6564,9745,3,0,175.44800000000001,0
1,6565,9753,3,0,178.542,0
1,6566,9761,3,0,188.09399999999999,0
1,6567,9769,3,0,183.78800000000001,0
1,6568,9777,3,0,167.83500000000001,0
1,6569,9785,3,0,183.703,0
1,6570,9793,3,0,175.07900000000001,0
1,6571,9801,3,0,173.304,0
1,6572,9809,3,0,182.25899999999999,0
1,6573,9817,3,0,180.31899999999999,0
1,6574,9825,3,0,215.047,0
1,6575,9833,3,0,182.941,0
1,6576,9841,3,0,191.054,0
1,6577,9849,3,0,193.16200000000001,0
1,6578,9857,3,0,185.21000000000001,0
1,6579,9865,3,0,184.26400000000001,0
1,6580,9873,3,0,188.49600000000001,0
1,6581,9881,3,0,192.273,0
1,6582,9889,3,0,213.93700000000001,0
1,6583,9897,3,0,133.19399999999999,0
1,6584,9905,3,0,127.666,0
1,6585,9913,3,0,212.804,0
1,6586,9921,3,0,175.62799999999999,0
1,6587,9929,3,0,182.767,0
1,6588,9937,3,0,189.25999999999999,0
1,6589,9945,3,0,198.37299999999999,0
1,6590,9953,3,0,175.34999999999999,0
1,6591,9961,3,0,177.75700000000001,0
1,6592,9969,3,0,176.86699999999999,0
1,6593,9977,3,0,153.226,0
1,6594,9985,3,0,187.346,0
1,6595,9993,3,0,194.624,0
1,6596,10001,3,0,176.78399999999999,0
1,6597,10009,3,0,185.393,0
1,6598,10017,3,0,163.94800000000001,0
1,6599,10025,3,0,187.518,0
1,6600,10033,3,0,180.38800000000001,0
1,6601,10041,3,0,178.517,0
1,6602,10049,3,0,165.238,0
1,6603,10057,3,0,162.62700000000001,0
1,6604,10065,3,0,184.65700000000001,0
1,6605,10073,3,0,149.61199999999999,0
1,6606,10081,3,0,137.875,0
1,6607,10089,3,0,121.318,0
1,6608,10097,3,0,155.52699999999999,0
1,6609,10105,3,0,190.48599999999999,0
1,6610,10113,3,0,190.67099999999999,0
1,6611,10121,3,0,179.297,0
1,6612,10129,3,0,188.279,0
1,6613,10137,3,0,173.76300000000001,0
1,6614,10145,3,0,185.85900000000001,0
1,6615,10153,3,0,174.31200000000001,0
1,6616,10161,3,0,205.821,0
1,6617,10169,3,0,160.68000000000001,0
1,6618,10177,3,0,193.32300000000001,0
1,6619,10185,3,0,180.376,0
1,6620,10193,3,0,168.87700000000001,0
1,6621,10201,3,0,198.34299999999999,0
1,6622,10209,3,0,192.32300000000001,0
1,6623,10217,3,0,199.43000000000001,0
1,6624,10225,3,0,159.649,0
1,6625,10233,3,0,146.279,0
1,6626,10241,3,0,145.416,0
1,6627,10249,3,0,188.697,0
1,6628,10257,3,0,164.28200000000001,0
1,6629,10265,3,0,169.96600000000001,0
1,6630,10273,3,0,181.65899999999999,0
1,6631,10281,3,0,174.96899999999999,0
1,6632,10289,3,0,172.26900000000001,0
1,6633,10297,3,0,190.601,0
1,6634,10305,3,0,189.84100000000001,0
1,6635,10313,3,0,146.17400000000001,0
1,6636,10321,3,0,184.74700000000001,0
1,6637,10329,3,0,176.185,0
1,6638,10337,3,0,159.59700000000001,0
1,6639,10345,3,0,168.084,0
1,6640,10353,3,0,155.63200000000001,0
1,6641,10361,3,0,195.00700000000001,0
1,6642,10369,3,0,181.84,0
1,6643,10377,3,0,179.577,0
1,6644,10385,3,0,153.94800000000001,0
1,6645,10393,3,0,133.13999999999999,0
1,6646,10401,3,0,190.23699999999999,0
1,6647,10409,3,0,192.59399999999999,0
1,6648,10417,3,0,199.06399999999999,0
1,6649,10425,3,0,180.56800000000001,0
1,6650,10433,3,0,116.877,0
1,6651,10441,3,0,162.922,0
1,6652,10449,3,0,152.673,0
1,6653,10457,3,0,156.39400000000001,0
1,6654,10465,3,0,152.26900000000001,0
1,6655,10473,3,0,161.863,0
1,6656,10481,3,0,184.64099999999999,0
1,6657,10489,3,0,185.501,0
1,6658,10497,3,0,169.292,0
1,6659,10505,3,0,122.616,0
1,6660,10513,3,0,190.87299999999999,0
1,6661,10521,3,0,170.16200000000001,0
1,6662,10529,3,0,154.614,0
1,6663,10537,3,0,185.68000000000001,0
1,6664,10545,3,0,158.18299999999999,0
1,6665,10553,3,0,170.756,0
1,6666,10561,3,0,185.631,0
1,6667,10569,3,0,170.215,0
1,6668,10577,3,0,141.97499999999999,0
1,6669,10585,3,0,185.96899999999999,0
1,6670,10593,3,0,150.90700000000001,0
1,6671,10601,3,0,176.47900000000001,0
1,6672,10609,3,0,190,0
1,6673,10617,3,0,154.19999999999999,0
1,6674,10625,3,0,135.52199999999999,0
1,6675,10633,3,0,183.797,0
1,6676,10641,3,0,171.53700000000001,0
1,6677,10649,3,0,186.14400000000001,0
1,6678,10657,3,0,178.381,0
1,6679,10665,3,0,172.988,0
1,6680,10673,3,0,171.405,0
1,6681,10681,3,0,177.16999999999999,0
1,6682,10689,3,0,135.83799999999999,0
1,6683,10697,3,0,192.10900000000001,0
1,6684,10705,3,0,193.41399999999999,0
1,6685,10713,3,0,172.733,0
1,6686,10721,3,0,157.73599999999999,0
1,6687,10729,3,0,200.68199999999999,0
1,6688,10737,3,0,178.589,0
1,6689,10745,3,0,162.15199999999999,0
1,6690,10753,3,0,191.28,0
1,6691,10761,3,0,177.965,0
1,6692,10769,3,0,191.892,0
1,6693,10777,3,0,211.577,0
1,6694,10785,3,0,188.48099999999999,0
1,6695,10793,3,0,180.42599999999999,0
1,6696,10801,3,0,174.88900000000001,0
1,6697,10809,3,0,164.577,0
1,6698,10817,3,0,184.411,0
1,6699,10825,3,0,191.142,0
1,6700,10833,3,0,176.453,0
1,6701,10841,3,0,184.86099999999999,0
1,6702,10849,3,0,182.77799999999999,0
1,6703,10857,3,0,188.078,0
1,6704,10865,3,0,133.614,0
1,6705,10873,3,0,189.82400000000001,0
1,6706,10881,3,0,184.517,0
1,6707,10889,3,0,184.83000000000001,0
1,6708,10897,3,0,185.71299999999999,0
1,6709,10905,3,0,187.786,0
1,6710,10913,3,0,171.233,0
1,6711,10921,3,0,168.71100000000001,0
1,6712,10929,3,0,165.03,0
1,6713,10937,3,0,145.792,0
1,6714,10945,3,0,154.61799999999999,0
1,6715,10953,3,0,166.41900000000001,0
1,6716,10961,3,0,184.22999999999999,0
1,6717,10969,3,0,197.44399999999999,0
1,6718,10977,3,0,149.738,0
1,6719,10985,3,0,159.29599999999999,0
1,6720,10993,3,0,123.699,0
1,6721,11001,3,0,173.19399999999999,0
1,6722,11009,3,0,170.01300000000001,0
1,6723,11017,3,0,150.99199999999999,0
1,6724,11025,3,0,173.21700000000001,0
1,6725,11033,3,0,171.393,0
1,6726,11041,3,0,174.976,0
1,6727,11049,3,0,167.172,0
1,6728,11057,3,0,191.196,0
1,6729,11065,3,0,187.50200000000001,0
1,6730,11073,3,0,183.86199999999999,0
1,6731,11081,3,0,150.63999999999999,0
1,6732,11089,3,0,184.19,0
1,6733,11097,3,0,170.06899999999999,0
1,6734,11105,3,0,168.92099999999999,0
1,6735,11113,3,0,171.48699999999999,0
1,6736,11121,3,0,142.54900000000001,0
1,6737,11129,3,0,186.971,0
1,6738,11137,3,0,193.70099999999999,0
1,6739,11145,3,0,162.00899999999999,0
1,6740,11153,3,0,163.08799999999999,0
1,6741,11161,3,0,152.34200000000001,0
1,6742,11169,3,0,152.298,0
1,6743,11177,3,0,184.18199999999999,0
1,6744,11185,3,0,184.97999999999999,0
1,6745,11193,3,0,180.67599999999999,0
1,6746,11201,3,0,173.655,0
1,6747,11209,3,0,161.07900000000001,0
1,6748,11217,3,0,170.07400000000001,0
1,6749,11225,3,0,159.14400000000001,0
1,6750,11233,3,0,173.63900000000001,0
1,6751,11241,3,0,178.56,0
1,6752,11249,3,0,165.86099999999999,0
1,6753,11257,3,0,120.386,0
1,6754,11265,3,0,166.51499999999999,0
1,6755,11273,3,0,172.93899999999999,0
1,6756,11281,3,0,140.31399999999999,0
1,6757,11289,3,0,142.238,0
1,6758,11297,3,0,151.876,0
1,6759,11305,3,0,170.595,0
1,6760,11313,3,0,143.06299999999999,0
1,6761,11321,3,0,195.989,0
1,6762,11329,3,0,180.52500000000001,0
1,6763,11337,3,0,184.941,0
1,6764,11345,3,0,198.989,0
1,6765,11353,3,0,203.90600000000001,0
1,6766,11361,3,0,177.81,0
1,6767,11369,3,0,189.58699999999999,0
1,6768,11377,3,0,196.684,0
1,6769,11385,3,0,205.52699999999999,0
1,6770,11393,3,0,175.505,0
1,6771,11401,3,0,171.36600000000001,0
1,6772,11409,3,0,170.161,0
1,6773,11417,3,0,149.68000000000001,0
1,6774,11425,3,0,199.84700000000001,0
1,6775,11433,3,0,174.06100000000001,0
1,6776,11441,3,0,172.625,0
1,6777,11449,3,0,161.32499999999999,0
1,6778,11457,3,0,169.40000000000001,0
1,6779,11465,3,0,154.50200000000001,0
1,6780,11473,3,0,199.994,0
1,6781,11481,3,0,192.96100000000001,0
1,6782,11489,3,0,147.18299999999999,0
1,6783,11497,3,0,189.61600000000001,0
1,6784,11505,3,0,195.14400000000001,0
1,6785,11513,3,0,199.798,0
1,6786,11521,3,0,141.16999999999999,0
1,6787,11529,3,0,168.875,0
1,6788,11537,3,0,197.38200000000001,0
1,6789,11545,3,0,185.75299999999999,0
1,6790,11553,3,0,184.78,0
1,6791,11561,3,0,123.98099999999999,0
1,6792,11569,3,0,170.14099999999999,0
1,6793,11577,3,0,224.285,0
1,6794,11585,3,0,168.416,0
1,6795,11593,3,0,192.244,0
1,6796,11601,3,0,165.37200000000001,0
1,6797,11609,3,0,199.39500000000001,0
1,6798,11617,3,0,205.05600000000001,0
1,6799,11625,3,0,201.613,0
1,6800,11633,3,0,209.947,0
1,6801,11641,3,0,140.06700000000001,0
1,6802,11649,3,0,187.16800000000001,0
1,6803,11657,3,0,195.41999999999999,0
1,6804,11665,3,0,165.81800000000001,0
1,6805,11673,3,0,154.239,0
1,6806,11681,3,0,132.547,0
1,6807,11689,3,0,219.84200000000001,0
1,6808,11697,3,0,173.65100000000001,0
1,6809,11705,3,0,184.922,0
1,6810,11713,3,0,190.09299999999999,0
1,6811,11721,3,0,169.79300000000001,0
1,6812,11729,3,0,172.01400000000001,0
1,6813,11737,3,0,198.13999999999999,0
1,6814,11745,3,0,199.31399999999999,0
1,6815,11753,3,0,178.00999999999999,0
1,6816,11761,3,0,176.72300000000001,0
1,6817,11769,3,0,199.50899999999999,0
1,6818,11777,3,0,185.42099999999999,0
1,6819,11785,3,0,185.477,0
1,6820,11793,3,0,202.94800000000001,0
1,6821,11801,3,0,181.53399999999999,0
1,6822,11809,3,0,199.73699999999999,0
1,6823,11817,3,0,178.67599999999999,0
1,6824,11825,3,0,184.90899999999999,0
1,6825,11833,3,0,152.411,0
1,6826,11841,3,0,155.22300000000001,0
1,6827,11849,3,0,133.44,0
1,6828,11857,3,0,192.91900000000001,0
1,6829,11865,3,0,177.00200000000001,0
1,6830,11873,3,0,201.09899999999999,0
1,6831,11881,3,0,166.60900000000001,0
1,6832,11889,3,0,172.523,0
1,6833,11897,3,0,178.32499999999999,0
1,6834,11905,3,0,185.71100000000001,0
1,6835,11913,3,0,191.66300000000001,0
1,6836,11921,3,0,185.899,0
1,6837,11929,3,0,154.608,0
1,6838,11937,3,0,203.31700000000001,0
1,6839,11945,3,0,188.32300000000001,0
1,6840,11953,3,0,160.15899999999999,0
1,6841,11961,3,0,204.03200000000001,0
1,6842,11969,3,0,130.29900000000001,0
1,6843,11977,3,0,192.62200000000001,0
1,6844,11985,3,0,169.49700000000001,0
1,6845,11993,3,0,180.33199999999999,0
1,6846,12001,3,0,135.28800000000001,0
1,6847,12009,3,0,173.29499999999999,0
1,6848,12017,3,0,185.52000000000001,0
1,6849,12025,3,0,176.114,0
1,6850,12033,3,0,188.584,0
1,6851,12041,3,0,176.989,0
1,6852,12049,3,0,171.43899999999999,0
1,6853,12057,3,0,185.36799999999999,0
1,6854,12065,3,0,168.755,0
1,6855,12073,3,0,193.78299999999999,0
1,6856,12081,3,0,188.15600000000001,0
1,6857,12089,3,0,166.673,0
1,6858,12097,3,0,196.09999999999999,0
1,6859,12105,3,0,187.28,0
1,6860,12113,3,0,141.49000000000001,0
1,6861,12121,3,0,180.59899999999999,0
1,6862,12129,3,0,187.00200000000001,0
1,6863,12137,3,0,160.399,0
1,6864,12145,3,0,176.53700000000001,0
1,6865,12153,3,0,193.523,0
1,6866,12161,3,0,191.93199999999999,0
1,6867,12169,3,0,168.23599999999999,0
1,6868,12177,3,0,182.80000000000001,0
1,6869,12185,3,0,174.96100000000001,0
1,6870,12193,3,0,186.61699999999999,0
1,6871,12201,3,0,160.71799999999999,0
1,6872,12209,3,0,206.01300000000001,0
1,6873,12217,3,0,190.727,0
1,6874,12225,3,0,172.08799999999999,0
1,6875,12233,3,0,157.24600000000001,0
1,6876,12241,3,0,187.08500000000001,0
1,6877,12249,3,0,188.54900000000001,0
1,6878,12257,3,0,197.608,0
1,6879,12265,3,0,183.95099999999999,0
1,6880,12273,3,0,161.86500000000001,0
1,6881,12281,3,0,188.96199999999999,0
1,6882,12289,3,0,129.18100000000001,0
1,6883,12297,3,0,178.42400000000001,0
1,6884,12305,3,0,151.45699999999999,0
1,6885,12313,3,0,165.36500000000001,0
1,6886,12321,3,0,192.04300000000001,0
1,6887,12329,3,0,192.779,0
1,6888,12337,3,0,187.38800000000001,0
1,6889,12345,3,0,171.54400000000001,0
1,6890,12353,3,0,176.66,0
1,6891,12361,3,0,181.93199999999999,0
1,6892,12369,3,0,175.52000000000001,0
1,6893,12377,3,0,204.56800000000001,0
1,6894,12385,3,0,176.316,0
1,6895,12393,3,0,195.36000000000001,0
1,6896,12401,3,0,186.649,0
1,6897,12409,3,0,185.078,0
1,6898,12417,3,0,179.15299999999999,0
1,6899,12425,3,0,173.238,0
1,6900,12433,3,0,195.17500000000001,0
1,6901,12441,3,0,140.82300000000001,0
1,6902,12449,3,0,185.50399999999999,0
1,6903,12457,3,0,170.15700000000001,0
1,6904,12465,3,0,170.25999999999999,0
1,6905,12473,3,0,177.17699999999999,0
1,6906,12481,3,0,176.11600000000001,0
1,6907,12489,3,0,189.22,0
1,6908,12497,3,0,191.51599999999999,0
1,6909,12505,3,0,189.494,0
1,6910,12513,3,0,180.184,0
1,6911,12521,3,0,170.71199999999999,0
1,6912,12529,3,0,167.64599999999999,0
1,6913,12537,3,0,179.893,0
1,6914,12545,3,0,152.48699999999999,0
1,6915,12553,3,0,185.428,0
1,6916,12561,3,0,191.26900000000001,0
1,6917,12569,3,0,188.99000000000001,0
1,6918,12577,3,0,173.904,0
1,6919,12585,3,0,196.56100000000001,0
1,6920,12593,3,0,185.45699999999999,0
1,6921,12601,3,0,166.029,0
1,6922,12609,3,0,224.94900000000001,0
1,6923,12617,3,0,189.28999999999999,0
1,6924,12625,3,0,212.75200000000001,0
1,6925,12633,3,0,151.32499999999999,0
1,6926,12641,3,0,195.18600000000001,0
1,6927,12649,3,0,165.69900000000001,0
1,6928,12657,3,0,178.28399999999999,0
1,6929,12665,3,0,157.131,0
1,6930,12673,3,0,201.67500000000001,0
1,6931,12681,3,0,185.374,0
1,6932,12689,3,0,186.06299999999999,0
1,6933,12697,3,0,152.50299999999999,0
1,6934,12705,3,0,163.62100000000001,0
1,6935,12713,3,0,188.93600000000001,0
1,6936,12721,3,0,140.09200000000001,0
1,6937,12729,3,0,171.36000000000001,0
1,6938,12737,3,0,198.82599999999999,0
1,6939,12745,3,0,191.92400000000001,0
1,6940,12753,3,0,148.42400000000001,0
1,6941,12761,3,0,194.202,0
1,6942,12769,3,0,198.38300000000001,0
1,6943,12777,3,0,187.39400000000001,0
1,6944,12785,3,0,162.06200000000001,0
1,6945,12793,3,0,156.904,0
1,6946,12801,3,0,179.98699999999999,0
1,6947,12809,3,0,186.60599999999999,0
1,6948,12817,3,0,142.72,0
1,6949,12825,3,0,176.61000000000001,0
1,6950,12833,3,0,137.48400000000001,0
1,6951,12841,3,0,163.22,0
1,6952,12849,3,0,186.08799999999999,0
1,6953,12857,3,0,178.19399999999999,0
1,6954,12865,3,0,124.06399999999999,0
1,6955,12873,3,0,192.523,0
1,6956,12881,3,0,186.93600000000001,0
1,6957,12889,3,0,174.054,0
1,6958,12897,3,0,163.89699999999999,0
1,6959,12905,3,0,188.072,0
1,6960,12913,3,0,122.79900000000001,0
1,6961,12921,3,0,142.33799999999999,0
1,6962,12929,3,0,187.941,0
1,6963,12937,3,0,152.102,0
1,6964,12945,3,0,154.84800000000001,0
1,6965,12953,3,0,178.12700000000001,0
1,6966,12961,3,0,166.517,0
1,6967,12969,3,0,194.84399999999999,0
1,6968,12977,3,0,184.01900000000001,0
1,6969,12985,3,0,197.989,0
1,6970,12993,3,0,172.09899999999999,0
1,6971,13001,3,0,200.63999999999999,0
1,6972,13009,3,0,170.83699999999999,0
1,6973,13017,3,0,180.398,0
1,6974,13025,3,0,189.57400000000001,0
1,6975,13033,3,0,142.501,0
1,6976,13041,3,0,186.261,0
1,6977,13049,3,0,178.59,0
1,6978,13057,3,0,198.88,0
1,6979,13065,3,0,166.81700000000001,0
1,6980,13073,3,0,192.89400000000001,0
1,6981,13081,3,0,192.75200000000001,0
1,6982,13089,3,0,177.411,0
1,6983,13097,3,0,177.745,0
1,6984,13105,3,0,161.465,0
1,6985,13113,3,0,187.072,0
1,6986,13121,3,0,181.56800000000001,0
1,6987,13129,3,0,177.73699999999999,0
1,6988,13137,3,0,202.10300000000001,0
1,6989,13145,3,0,192.90100000000001,0
1,6990,13153,3,0,150.05699999999999,0
1,6991,13161,3,0,160.27199999999999,0
1,6992,13169,3,0,151.39099999999999,0
1,6993,13177,3,0,200.75899999999999,0
1,6994,13185,3,0,212.733,0
1,6995,13193,3,0,177.98699999999999,0
1,6996,13201,3,0,145.672,0
1,6997,13209,3,0,180.126,0
1,6998,13217,3,0,190.18199999999999,0
1,6999,13225,3,0,163.36199999999999,0
1,7000,13233,3,0,185.97,0
1,7001,13241,3,0,186.56899999999999,0
1,7002,13249,3,0,153.80500000000001,0
1,7003,13257,3,0,185.60900000000001,0
1,7004,13265,3,0,161.73500000000001,0
1,7005,13273,3,0,191.042,0
1,7006,13281,3,0,154.68899999999999,0
1,7007,13289,3,0,167.78800000000001,0
1,7008,13297,3,0,193.98599999999999,0
1,7009,13305,3,0,191.36799999999999,0
1,7010,13313,3,0,182.24199999999999,0
1,7011,13321,3,0,133.511,0
1,7012,13329,3,0,226.286,0
1,7013,13337,3,0,186.59999999999999,0
1,7014,13345,3,0,160.565,0
1,7015,13353,3,0,173.87899999999999,0
1,7016,13361,3,0,176.041,0
1,7017,13369,3,0,199.828,0
1,7018,13377,3,0,173.941,0
1,7019,13385,3,0,137.911,0
1,7020,13393,3,0,163.893,0
1,7021,13401,3,0,181.285,0
1,7022,13409,3,0,221.005,0
1,7023,13417,3,0,178.51300000000001,0
1,7024,13425,3,0,190.05199999999999,0
1,7025,13433,3,0,163.124,0
1,7026,13441,3,0,178.279,0
1,7027,13449,3,0,184.958,0
1,7028,13457,3,0,166.21299999999999,0
1,7029,13465,3,0,180.95099999999999,0
1,7030,13473,3,0,182.95599999999999,0
1,7031,13481,3,0,127.122,0
1,7032,13489,3,0,192.643,0
1,7033,13497,3,0,192.99199999999999,0
1,7034,13505,3,0,187.56399999999999,0
1,7035,13513,3,0,190.072,0
1,7036,13521,3,0,159.18000000000001,0
1,7037,13529,3,0,181.601,0
1,7038,13537,3,0,186.828,0
1,7039,13545,3,0,148.245,0
1,7040,13553,3,0,183.13499999999999,0
1,7041,13561,3,0,184.917,0
1,7042,13569,3,0,191.81399999999999,0
1,7043,13577,3,0,175.96100000000001,0
1,7044,13585,3,0,195.017,0
1,7045,13593,3,0,161.39400000000001,0
1,7046,13601,3,0,139.53299999999999,0
1,7047,13609,3,0,159.898,0
1,7048,13617,3,0,148.10900000000001,0
1,7049,13625,3,0,168.822,0
1,7050,13633,3,0,187.41300000000001,0
1,7051,13641,3,0,182.56700000000001,0
1,7052,13649,3,0,159.53800000000001,0
1,7053,13657,3,0,132.71600000000001,0
1,7054,13665,3,0,206.63200000000001,0
1,7055,13673,3,0,194.40299999999999,0
1,7056,13681,3,0,147.405,0
1,7057,13689,3,0,150.18100000000001,0
1,7058,13697,3,0,155.26400000000001,0
1,7059,13705,3,0,177.73699999999999,0
1,7060,13713,3,0,166.44300000000001,0
1,7061,13721,3,0,137.96199999999999,0
1,7062,13729,3,0,195.869,0
1,7063,13737,3,0,163.86799999999999,0
1,7064,13745,3,0,182.60900000000001,0
1,7065,13753,3,0,158.14099999999999,0
1,7066,13761,3,0,206.69800000000001,0
1,7067,13769,3,0,166.398,0
1,7068,13777,3,0,162.971,0
1,7069,13785,3,0,128.625,0
1,7070,13793,3,0,172.971,0
1,7071,13801,3,0,171.28,0
1,7072,13809,3,0,188.726,0
1,7073,13817,3,0,193.10300000000001,0
1,7074,13825,3,0,145.18600000000001,0
1,7075,13833,3,0,174.143,0
1,7076,13841,3,0,140.13900000000001,0
1,7077,13849,3,0,195.374,0
1,7078,13857,3,0,155.114,0
1,7079,13865,3,0,176.92699999999999,0
1,7080,13873,3,0,164.917,0
1,7081,13881,3,0,179.881,0
1,7082,13889,3,0,146.00800000000001,0
1,7083,13897,3,0,199.95699999999999,0
1,7084,13905,3,0,178.202,0
1,7085,13913,3,0,163.934,0
1,7086,13921,3,0,198.35300000000001,0
1,7087,13929,3,0,167.78200000000001,0
1,7088,13937,3,0,160.833,0
1,7089,13945,3,0,219.155,0
1,7090,13953,3,0,205.167,0
1,7091,13961,3,0,179.13,0
1,7092,13969,3,0,202.33500000000001,0
1,7093,13977,3,0,166.70500000000001,0
1,7094,13985,3,0,147.34200000000001,0
1,7095,13993,3,0,183.964,0
1,7096,14001,3,0,194.16999999999999,0
1,7097,14009,3,0,176.99199999999999,0
1,7098,14017,3,0,161.852,0
1,7099,14025,3,0,184.768,0
1,7100,14033,3,0,141.67099999999999,0
1,7101,14041,3,0,184.62,0
1,7102,14049,3,0,149.125,0
1,7103,14057,3,0,191.57900000000001,0
1,7104,14065,3,0,170.22399999999999,0
1,7105,14073,3,0,169.58600000000001,0
1,7106,14081,3,0,194.16300000000001,0
1,7107,14089,3,0,215.28100000000001,0
1,7108,14097,3,0,210.94,0
1,7109,14105,3,0,141.57499999999999,0
1,7110,14113,3,0,175.52799999999999,0
1,7111,14121,3,0,191.488,0
1,7112,14129,3,0,177.636,0
1,7113,14137,3,0,167.11099999999999,0
1,7114,14145,3,0,182.024,0
1,7115,14153,3,0,194.77799999999999,0
1,7116,14161,3,0,155.845,0
1,7117,14169,3,0,183.59299999999999,0
1,7118,14177,3,0,149.99299999999999,0
1,7119,14185,3,0,190.124,0
1,7120,14193,3,0,107.563,0
1,7121,14201,3,0,191.13900000000001,0
1,7122,14209,3,0,170.35900000000001,0
1,7123,14217,3,0,149.054,0
1,7124,14225,3,0,167.167,0
1,7125,14233,3,0,145.62299999999999,0
1,7126,14241,3,0,218.19800000000001,0
1,7127,14249,3,0,191.792,0
2,0,2,0,0,217.50200000000001,0
2,1,10,0,0,200.92400000000001,0
2,2,18,0,0,197.845,0
2,3,26,0,0,149.636,0
2,4,34,0,0,196.97300000000001,0
2,5,42,0,0,152.303,0
2,6,50,0,0,165.35300000000001,0
2,7,58,0,0,194.60499999999999,0
2,8,66,0,0,193.64400000000001,0
2,9,74,0,0,151.03200000000001,0
2,10,82,0,0,159.595,0
2,11,90,0,0,152.08199999999999,0
2,12,98,0,0,176.65000000000001,0
2,13,106,0,0,163.249,0
2,14,114,0,0,183.56899999999999,0
2,15,122,0,0,169.22300000000001,0
2,16,130,0,0,180.56399999999999,0
2,17,138,0,0,181.16399999999999,0
2,18,146,0,0,194.77600000000001,0
2,19,154,0,0,182.90899999999999,0
2,20,162,0,0,203.87100000000001,0
2,21,170,0,0,191.98599999999999,0
2,22,178,0,0,175.65000000000001,0
2,23,186,0,0,173.22499999999999,0
2,24,194,0,0,197.31899999999999,0
2,25,202,0,0,177.37799999999999,0
2,26,210,0,0,142.52199999999999,0
2,27,218,0,0,173.916,0
2,28,226,0,0,153.89400000000001,0
2,29,234,0,0,163.011,0
2,30,242,0,0,138.90799999999999,0
2,31,250,0,0,173.78999999999999,0
2,32,258,0,0,184.57400000000001,0
2,33,266,0,0,188.011,0
2,34,274,0,0,159.078,0
2,35,282,0,0,178.19499999999999,0
2,36,290,0,0,138.82300000000001,0
2,37,298,0,0,181.39500000000001,0
2,38,306,0,0,167.59999999999999,0
2,39,314,0,0,180.00399999999999,0
2,40,322,0,0,143.59299999999999,0
2,41,330,0,0,163.863,0
2,42,338,0,0,197.00200000000001,0
2,43,346,0,0,182.285,0
2,44,354,0,0,172.22399999999999,0
2,45,362,0,0,184.24199999999999,0
2,46,370,0,0,137.761,0
2,47,378,0,0,156.69999999999999,0
2,48,386,0,0,189.34800000000001,0
2,49,394,0,0,141.83199999999999,0
2,50,402,0,0,183.005,0
2,51,410,0,0,161.571,0
2,52,418,0,0,202.57599999999999,0
2,53,426,0,0,135.601,0
2,54,434,0,0,181.846,0
2,55,442,0,0,184.50700000000001,0
2,56,450,0,0,175.571,0
2,57,458,0,0,198.18700000000001,0
2,58,466,0,0,186.065,0
2,59,474,0,0,169.96299999999999,0
2,60,482,0,0,196.47399999999999,0
2,61,490,0,0,138.93299999999999,0
2,62,498,0,0,192.864,0
2,63,506,0,0,138.65700000000001,0
2,64,514,0,0,184.89500000000001,0
2,65,522,0,0,196.58799999999999,0
2,66,530,0,0,178.46100000000001,0
2,67,538,0,0,161.52699999999999,0
2,68,546,0,0,176.553,0
2,69,554,0,0,207.89400000000001,0
2,70,562,0,0,206.10900000000001,0
2,71,570,0,0,194.07400000000001,0
2,72,578,0,0,168.893,0
2,73,586,0,0,169.16800000000001,0
2,74,594,0,0,202.80699999999999,0
2,75,602,0,0,161.88900000000001,0
2,76,610,0,0,169.33500000000001,0
2,77,618,0,0,171.14699999999999,0
2,78,626,0,0,183.28399999999999,0
2,79,634,0,0,181.72499999999999,0
2,80,642,0,0,171.863,0
2,81,650,0,0,140.559,0
2,82,658,0,0,173.393,0
2,83,666,0,0,182.566,0
2,84,674,0,0,188.27099999999999,0
2,85,682,0,0,147.14400000000001,0
2,86,690,0,0,179.13800000000001,0
2,87,698,0,0,118.474,0
2,88,706,0,0,187.25999999999999,0
2,89,714,0,0,182.928,0
2,90,722,0,0,153.84200000000001,0
2,91,730,0,0,193.49700000000001,0
2,92,738,0,0,172.16499999999999,0
2,93,746,0,0,147.44499999999999,0
2,94,754,0,0,154.84800000000001,0
2,95,762,0,0,201.16,0
2,96,770,0,0,146.56100000000001,0
2,97,778,0,0,169.059,0
2,98,786,0,0,190.654,0
2,99,794,0,0,198.49000000000001,0
2,100,802,0,0,185.465,0
2,101,810,0,0,185.256,0
2,102,818,0,0,185.16900000000001,0
2,103,826,0,0,159.756,0
2,104,834,0,0,172.94499999999999,0
2,105,842,0,0,175.38399999999999,0
2,106,850,0,0,147.864,0
2,107,858,0,0,191.17400000000001,0
2,108,866,0,0,191.15100000000001,0
2,109,874,0,0,171.91399999999999,0
2,110,882,0,0,171.09100000000001,0
2,111,890,0,0,159.02000000000001,0
2,112,898,0,0,154.94399999999999,0
2,113,906,0,0,175.08099999999999,0
2,114,914,0,0,190.934,0
2,115,922,0,0,166.47300000000001,0
2,116,930,0,0,165.78299999999999,0
2,117,938,0,0,175.45099999999999,0
2,118,946,0,0,201.989,0
2,119,954,0,0,153.41999999999999,0
2,120,962,0,0,201.791,0
2,121,970,0,0,202.113,0
2,122,978,0,0,197.61500000000001,0
2,123,986,0,0,185.32300000000001,0
2,124,994,0,0,182.66300000000001,0
2,125,1002,0,0,180.786,0
2,126,1010,0,0,184.53700000000001,0
2,127,1018,0,0,158.70400000000001,0
2,128,1026,0,0,172.19300000000001,0
2,129,1034,0,0,191.60400000000001,0
2,130,1042,0,0,185.51499999999999,0
2,131,1050,0,0,142.114,0
2,132,1058,0,0,189.84700000000001,0
2,133,1066,0,0,187.13900000000001,0
2,134,1074,0,0,123.29900000000001,0
2,135,1082,0,0,188.767,0
2,136,1090,0,0,156.13800000000001,0
2,137,1098,0,0,181.072,0
2,138,1106,0,0,191.87,0
2,139,1114,0,0,168.71000000000001,0
2,140,1122,0,0,186.374,0
2,141,1130,0,0,185.67599999999999,0
2,142,1138,0,0,198.46299999999999,0
2,143,1146,0,0,164.96199999999999,0
2,144,1154,0,0,164.946,0
2,145,1162,0,0,182.51499999999999,0
2,146,1170,0,0,167.96799999999999,0
2,147,1178,0,0,176.74700000000001,0
2,148,1186,0,0,187.673,0
2,149,1194,0,0,166.845,0
2,150,1202,0,0,121.682,0
2,151,1210,0,0,154.46000000000001,0
2,152,1218,0,0,155.70400000000001,0
2,153,1226,0,0,190.57599999999999,0
2,154,1234,0,0,195.90199999999999,0
2,155,1242,0,0,185.63999999999999,0
2,156,1250,0,0,191.773,0
2,157,1258,0,0,189.40600000000001,0
2,158,1266,0,0,201.94,0
2,159,1274,0,0,177.15600000000001,0
2,160,1282,0,0,173.08199999999999,0
2,161,1290,0,0,170.59100000000001,0
2,162,1298,0,0,137.387,0
2,163,1306,0,0,177.125,0
2,164,1314,0,0,236.31399999999999,0
2,165,1322,0,0,188.673,0
2,166,1330,0,0,165.41,0
2,167,1338,0,0,187.983,0
2,168,1346,0,0,176.32400000000001,0
2,169,1354,0,0,177.952,0
2,170,1362,0,0,193.685,0
2,171,1370,0,0,179.44200000000001,0
2,172,1378,0,0,196.07499999999999,0
2,173,1386,0,0,180.84100000000001,0
2,174,1394,0,0,192.947,0
2,175,1402,0,0,163.95500000000001,0
2,176,1410,0,0,164.65600000000001,0
2,177,1418,0,0,192.18299999999999,0
2,178,1426,0,0,186.11500000000001,0
2,179,1434,0,0,186.37899999999999,0
2,180,1442,0,0,214.43799999999999,0
2,181,1450,0,0,164.64400000000001,0
2,182,1458,0,0,189.154,0
2,183,1466,0,0,181.453,0
2,184,1474,0,0,187.46199999999999,0
2,185,1482,0,0,150.06299999999999,0
2,186,1490,0,0,149.36000000000001,0
2,187,1498,0,0,182.50200000000001,0
2,188,1506,0,0,153.22999999999999,0
2,189,1514,0,0,164.06299999999999,0
2,190,1522,0,0,187.55199999999999,0
2,191,1530,0,0,183.16900000000001,0
2,192,1538,0,0,190.29400000000001,0
2,193,1546,0,0,187.09299999999999,0
2,194,1554,0,0,159.178,0
2,195,1562,0,0,173.52099999999999,0
2,196,1570,0,0,199.947,0
2,197,1578,0,0,180.047,0
2,198,1586,0,0,182.124,0
2,199,1594,0,0,181.30199999999999,0
2,200,1602,0,0,183.46100000000001,0
2,201,1610,0,0,167.60300000000001,0
2,202,1618,0,0,137.49700000000001,0
2,203,1626,0,0,182.62899999999999,0
2,204,1634,0,0,161.61099999999999,0
2,205,1642,0,0,168.62799999999999,0
2,206,1650,0,0,152.74299999999999,0
2,207,1658,0,0,167.12,0
2,208,1666,0,0,183.679,0
2,209,1674,0,0,192.672,0
2,210,1682,0,0,154.78200000000001,0
2,211,1690,0,0,181.61099999999999,0
2,212,1698,0,0,198.88200000000001,0
2,213,1706,0,0,204.56299999999999,0
2,214,1714,0,0,200.90600000000001,0
2,215,1722,0,0,202.322,0
2,216,1730,0,0,211.79900000000001,0
2,217,1738,0,0,195.13900000000001,0
2,218,1746,0,0,203.76300000000001,0
2,219,1754,0,0,186.98099999999999,0
2,220,1762,0,0,196.994,0
2,221,1770,0,0,191.38200000000001,0
2,222,1778,0,0,195.44399999999999,0
2,223,1786,0,0,185.74199999999999,0
2,224,1794,0,0,161.97399999999999,0
2,225,1802,0,0,165.208,0
2,226,1810,0,0,155.22399999999999,0
2,227,1818,0,0,191.35400000000001,0
2,228,1826,0,0,199.25299999999999,0
2,229,1834,0,0,179.05500000000001,0
2,230,1842,0,0,174.476,0
2,231,1850,0,0,126.017,0
2,232,1858,0,0,192.423,0
2,233,1866,0,0,170.18899999999999,0
2,234,1874,0,0,165.12,0
2,235,1882,0,0,132.28800000000001,0
2,236,1890,0,0,182.98699999999999,0
2,237,1898,0,0,161.69300000000001,0
2,238,1906,0,0,177.68100000000001,0
2,239,1914,0,0,133.452,0
2,240,1922,0,0,171.15100000000001,0
2,241,1930,0,0,204.26499999999999,0
2,242,1938,0,0,188.13200000000001,0
2,243,1946,0,0,161.59999999999999,0
2,244,1954,0,0,156.78899999999999,0
2,245,1962,0,0,155.34399999999999,0
2,246,1970,0,0,194.37799999999999,0
2,247,1978,0,0,195.352,0
2,248,1986,0,0,149.476,0
2,249,1994,0,0,225.11699999999999,0
2,250,2002,0,0,180.33099999999999,0
2,251,2010,0,0,198.35900000000001,0
2,252,2018,0,0,171.72200000000001,0
2,253,2026,0,0,176.71799999999999,0
2,254,2034,0,0,195.012,0
2,255,2042,0,0,175.65899999999999,0
2,256,2050,0,0,196.53399999999999,0
2,257,2058,0,0,164.66800000000001,0
2,258,2066,0,0,145.68000000000001,0
2,259,2074,0,0,159.15199999999999,0
2,260,2082,0,0,181.64500000000001,0
2,261,2090,0,0,194.154,0
2,262,2098,0,0,197.58600000000001,0
2,263,2106,0,0,167.142,0
2,264,2114,0,0,176.005,0
2,265,2122,0,0,141.864,0
2,266,2130,0,0,146.32300000000001,0
2,267,2138,0,0,169.81800000000001,0
2,268,2146,0,0,165.58000000000001,0
2,269,2154,0,0,186.65899999999999,0
2,270,2162,0,0,174.59399999999999,0
2,271,2170,0,0,193.18199999999999,0
2,272,2178,0,0,184.64699999999999,0
2,273,2186,0,0,170.756,0
2,274,2194,0,0,145.78299999999999,0
2,275,2202,0,0,169.93100000000001,0
2,276,2210,0,0,181.227,0
2,277,2218,0,0,188.12100000000001,0
2,278,2226,0,0,144.191,0
2,279,2234,0,0,200.49600000000001,0
2,280,2242,0,0,174.81299999999999,0
2,281,2250,0,0,167.61099999999999,0
2,282,2258,0,0,126.34,0
2,283,2266,0,0,195.37899999999999,0
2,284,2274,0,0,191.143,0
2,285,2282,0,0,153.63999999999999,0
2,286,2290,0,0,183.95599999999999,0
2,287,2298,0,0,206.273,0
2,288,2306,0,0,193.00299999999999,0
2,289,2314,0,0,152.40199999999999,0
2,290,2322,0,0,154.994,0
2,291,2330,0,0,174.78399999999999,0
2,292,2338,0,0,183.04400000000001,0
2,293,2346,0,0,172.09899999999999,0
2,294,2354,0,0,211.06899999999999,0
2,295,2362,0,0,159.69900000000001,0
2,296,2370,0,0,176.655,0
2,297,2378,0,0,187.48699999999999,0
2,298,2386,0,0,178.47399999999999,0
2,299,2394,0,0,187.376,0
2,300,2402,0,0,157.15199999999999,0
2,301,2410,0,0,140.43199999999999,0
2,302,2418,0,0,154.76300000000001,0
2,303,2426,0,0,145.58099999999999,0
2,304,2434,0,0,169.41399999999999,0
2,305,2442,0,0,187.904,0
2,306,2450,0,0,189.155,0
2,307,2458,0,0,153.76499999999999,0
2,308,2466,0,0,161.565,0
2,309,2474,0,0,151.47,0
2,310,2482,0,0,176.77600000000001,0
2,311,2490,0,0,168.57599999999999,0
2,312,2498,0,0,183.685,0
2,313,2506,0,0,178.029,0
2,314,2514,0,0,181.87299999999999,0
2,315,2522,0,0,172.45400000000001,0
2,316,2530,0,0,187.256,0
2,317,2538,0,0,167.005,0
2,318,2546,0,0,183.041,0
2,319,2554,0,0,142.06399999999999,0
2,320,2562,0,0,149.06299999999999,0
2,321,2570,0,0,192.584,0
2,322,2578,0,0,126.54600000000001,0
2,323,2586,0,0,192.041,0
2,324,2594,0,0,193.33699999999999,0
2,325,2602,0,0,192.19800000000001,0
2,326,2610,0,0,179.584,0
2,327,2618,0,0,191.31,0
2,328,2626,0,0,198.863,0
2,329,2634,0,0,194.20400000000001,0
2,330,2642,0,0,196.53200000000001,0
2,331,2650,0,0,207.72900000000001,0
2,332,2658,0,0,138.315,0
2,333,2666,0,0,170.59899999999999,0
2,334,2674,0,0,192.44900000000001,0
2,335,2682,0,0,183.149,0
2,336,2690,0,0,140.994,0
2,337,2698,0,0,191.45599999999999,0
2,338,2706,0,0,168.624,0
2,339,2714,0,0,195.21100000000001,0
2,340,2722,0,0,193.012,0
2,341,2730,0,0,194.489,0
2,342,2738,0,0,209.023,0
2,343,2746,0,0,185.501,0
2,344,2754,0,0,177.66499999999999,0
2,345,2762,0,0,176.316,0
2,346,2770,0,0,189.054,0
2,347,2778,0,0,173.072,0
2,348,2786,0,0,173.26300000000001,0
2,349,2794,0,0,180.77699999999999,0
2,350,2802,0,0,174.702,0
2,351,2810,0,0,165.26599999999999,0
2,352,2818,0,0,164.61199999999999,0
2,353,2826,0,0,153.172,0
2,354,2834,0,0,179.64400000000001,0
2,355,2842,0,0,177.14400000000001,0
2,356,2850,0,0,152.56399999999999,0
2,357,2858,0,0,178.50399999999999,0
2,358,2866,0,0,173.995,0
2,359,2874,0,0,166.465,0
2,360,2882,0,0,145.899,0
2,361,2890,0,0,176.44399999999999,0
2,362,2898,0,0,188.10300000000001,0
2,363,2906,0,0,171.77500000000001,0
2,364,2914,0,0,156.429,0
2,365,2922,0,0,176.072,0
2,366,2930,0,0,181.226,0
2,367,2938,0,0,128.09,0
2,368,2946,0,0,175.00800000000001,0
2,369,2954,0,0,160.114,0
2,370,2962,0,0,199.29499999999999,0
2,371,2970,0,0,181.78800000000001,0
2,372,2978,0,0,185.80699999999999,0
2,373,2986,0,0,176.60499999999999,0
2,374,2994,0,0,178.76599999999999,0
2,375,3002,0,0,210.62700000000001,0
2,376,3010,0,0,199.01599999999999,0
2,377,3018,0,0,172.58500000000001,0
2,378,3026,0,0,172.65700000000001,0
2,379,3034,0,0,171.607,0
2,380,3042,0,0,170.40000000000001,0
2,381,3050,0,0,162.29400000000001,0
2,382,3058,0,0,141.03899999999999,0
2,383,3066,0,0,169.19800000000001,0
2,384,3074,0,0,200.417,0
2,385,3082,0,0,171.00999999999999,0
2,386,3090,0,0,196.142,0
2,387,3098,0,0,139.99100000000001,0
2,388,3106,0,0,156.334,0
2,389,3114,0,0,181.26400000000001,0
2,390,3122,0,0,169.47399999999999,0
2,391,3130,0,0,171.69200000000001,0
2,392,3138,0,0,175.81700000000001,0
2,393,3146,0,0,214.126,0
2,394,3154,0,0,172.577,0
2,395,3162,0,0,162.876,0
2,396,3170,0,0,195.916,0
2,397,3178,0,0,212.61099999999999,0
2,398,3186,0,0,143.46100000000001,0
2,399,3194,0,0,183.179,0
2,400,3202,0,0,184.33199999999999,0
2,401,3210,0,0,119.697,0
2,402,3218,0,0,173.37700000000001,0
2,403,3226,0,0,162.58699999999999,0
2,404,3234,0,0,174.83099999999999,0
2,405,3242,0,0,187.512,0
2,406,3250,0,0,202.578,0
2,407,3258,0,0,175.184,0
2,408,3266,0,0,187.71000000000001,0
2,409,3274,0,0,178.27500000000001,0
2,410,3282,0,0,181.524,0
2,411,3290,0,0,149.715,0
2,412,3298,0,0,147.44200000000001,0
2,413,3306,0,0,176.52099999999999,0
2,414,3314,0,0,190.489,0
2,415,3322,0,0,191.06899999999999,0
2,416,3330,0,0,192.93299999999999,0
2,417,3338,0,0,201.267,0
2,418,3346,0,0,229.095,0
2,419,3354,0,0,180.44300000000001,0
2,420,3362,0,0,159.84999999999999,0
2,421,3370,0,0,196.38399999999999,0
2,422,3378,0,0,192.63499999999999,0
2,423,3386,0,0,177.46899999999999,0
2,424,3394,0,0,201.83000000000001,0
2,425,3402,0,0,164.173,0
2,426,3410,0,0,197.886,0
2,427,3418,0,0,171.179,0
2,428,3426,0,0,185.089,0
2,429,3434,0,0,189.99600000000001,0
2,430,3442,0,0,168.505,0
2,431,3450,0,0,173.92500000000001,0
2,432,3458,0,0,185.08000000000001,0
2,433,3466,0,0,133.41300000000001,0
2,434,3474,0,0,162.84800000000001,0
2,435,3482,0,0,156.059,0
2,436,3490,0,0,175.74299999999999,0
2,437,3498,0,0,189.25299999999999,0
2,438,3506,0,0,172.25700000000001,0
2,439,3514,0,0,181.012,0
2,440,3522,0,0,174.04300000000001,0
2,441,3530,0,0,196.833,0
2,442,3538,0,0,152.88399999999999,0
2,443,3546,0,0,183.64699999999999,0
2,444,3554,0,0,156.30500000000001,0
2,445,3562,0,0,197.892,0
2,446,3570,0,0,159.86099999999999,0
2,447,3578,0,0,162.709,0
2,448,3586,0,0,184.339,0
2,449,3594,0,0,182.77000000000001,0
2,450,3602,0,0,190,0
2,451,3610,0,0,195.215,0
2,452,3618,0,0,178.96899999999999,0
2,453,3626,0,0,172.84999999999999,0
2,454,3634,0,0,153.929,0
2,455,3642,0,0,168.97999999999999,0
2,456,3650,0,0,182.87200000000001,0
2,457,3658,0,0,166.97999999999999,0
2,458,3666,0,0,177.64099999999999,0
2,459,3674,0,0,189.809,0
2,460,3682,0,0,196.89500000000001,0
2,461,3690,0,0,186.98500000000001,0
2,462,3698,0,0,160.59700000000001,0
2,463,3706,0,0,181.101,0
2,464,3714,0,0,170.483,0
2,465,3722,0,0,174.964,0
2,466,3730,0,0,192.607,0
2,467,3738,0,0,166.779,0
2,468,3746,0,0,190.673,0
2,469,3754,0,0,184.625,0
2,470,3762,0,0,191.36799999999999,0
2,471,3770,0,0,191.36600000000001,0
2,472,3778,0,0,169.696,0
2,473,3786,0,0,150.011,0
2,474,3794,0,0,167.55699999999999,0
2,475,3802,0,0,192.34999999999999,0
2,476,3810,0,0,169.768,0
2,477,3818,0,0,203.21000000000001,0
2,478,3826,0,0,184.59399999999999,0
2,479,3834,0,0,189.071,0
2,480,3842,0,0,175.99799999999999,0
2,481,3850,0,0,156.72900000000001,0
2,482,3858,0,0,163.79400000000001,0
2,483,3866,0,0,178.68100000000001,0
2,484,3874,0,0,195.44399999999999,0
2,485,3882,0,0,203.41499999999999,0
2,486,3890,0,0,175.464,0
2,487,3898,0,0,189.09800000000001,0
2,488,3906,0,0,199.08199999999999,0
2,489,3914,0,0,150.15299999999999,0
2,490,3922,0,0,172.83699999999999,0
2,491,3930,0,0,184.351,0
2,492,3938,0,0,148.995,0
2,493,3946,0,0,204.08699999999999,0
2,494,3954,0,0,159.47800000000001,0
2,495,3962,0,0,174.19499999999999,0
2,496,3970,0,0,192.62799999999999,0
2,497,3978,0,0,170.304,0
2,498,3986,0,0,165.566,0
2,499,3994,0,0,192.53700000000001,0
2,500,4002,0,0,179.726,0
2,501,4010,0,0,131.274,0
2,502,4018,0,0,182.37100000000001,0
2,503,4026,0,0,205.72800000000001,0
2,504,4034,0,0,189.38,0
2,505,4042,0,0,167.46199999999999,0
2,506,4050,0,0,155.792,0
2,507,4058,0,0,175.39599999999999,0
2,508,4066,0,0,174.02500000000001,0
2,509,4074,0,0,167.85599999999999,0
2,510,4082,0,0,167.68100000000001,0
2,511,4090,0,0,195.898,0
2,512,4098,0,0,189.92400000000001,0
2,513,4106,0,0,195.49299999999999,0
2,514,4114,0,0,149.28700000000001,0
2,515,4122,0,0,178.29300000000001,0
2,516,4130,0,0,198.131,0
2,517,4138,0,0,164.66900000000001,0
2,518,4146,0,0,198.572,0
2,519,4154,0,0,165.56899999999999,0
2,520,4162,0,0,173.16999999999999,0
2,521,4170,0,0,173.24299999999999,0
2,522,4178,0,0,145.286,0
2,523,4186,0,0,163.69399999999999,0
2,524,4194,0,0,183.45599999999999,0
2,525,4202,0,0,191.459,0
2,526,4210,0,0,204.131,0
2,527,4218,0,0,125.175,0
2,528,4226,0,0,188.738,0
2,529,4234,0,0,172.58099999999999,0
2,530,4242,0,0,130.33699999999999,0
2,531,4250,0,0,191.06899999999999,0
2,532,4258,0,0,183.327,0
2,533,4266,0,0,192.172,0
2,534,4274,0,0,162.83600000000001,0
2,535,4282,0,0,182.226,0
2,536,4290,0,0,183.255,0
2,537,4298,0,0,184.63499999999999,0
2,538,4306,0,0,180.94499999999999,0
2,539,4314,0,0,167.22,0
2,540,4322,0,0,130.67400000000001,0
2,541,4330,0,0,153.06999999999999,0
2,542,4338,0,0,162.541,0
2,543,4346,0,0,143.30600000000001,0
2,544,4354,0,0,155.34299999999999,0
2,545,4362,0,0,176.541,0
2,546,4370,0,0,143.81399999999999,0
2,547,4378,0,0,176.73099999999999,0
2,548,4386,0,0,170.78299999999999,0
2,549,4394,0,0,151.70599999999999,0
2,550,4402,0,0,173.83699999999999,0
2,551,4410,0,0,195.625,0
2,552,4418,0,0,175.98099999999999,0
2,553,4426,0,0,158.31,0
2,554,4434,0,0,176.96600000000001,0
2,555,4442,0,0,189.857,0
2,556,4450,0,0,164.60300000000001,0
2,557,4458,0,0,157.88800000000001,0
2,558,4466,0,0,186.95599999999999,0
2,559,4474,0,0,166.28999999999999,0
2,560,4482,0,0,178.142,0
2,561,4490,0,0,162.065,0
2,562,4498,0,0,183.178,0
2,563,4506,0,0,188.57900000000001,0
2,564,4514,0,0,154.578,0
2,565,4522,0,0,195.142,0
2,566,4530,0,0,180.38999999999999,0
2,567,4538,0,0,170.49700000000001,0
2,568,4546,0,0,156.172,0
2,569,4554,0,0,191.672,0
2,570,4562,0,0,171.596,0
2,571,4570,0,0,179.76900000000001,0
2,572,4578,0,0,161.126,0
2,573,4586,0,0,129.62100000000001,0
2,574,4594,0,0,175.56999999999999,0
2,575,4602,0,0,155.77099999999999,0
2,576,4610,0,0,192.33500000000001,0
2,577,4618,0,0,178.13499999999999,0
2,578,4626,0,0,191.09299999999999,0
2,579,4634,0,0,141.79400000000001,0
2,580,4642,0,0,203.965,0
2,581,4650,0,0,168.71000000000001,0
2,582,4658,0,0,159.661,0
2,583,4666,0,0,137.84800000000001,0
2,584,4674,0,0,172.351,0
2,585,4682,0,0,185.82499999999999,0
2,586,4690,0,0,172.708,0
2,587,4698,0,0,212.709,0
2,588,4706,0,0,206.81999999999999,0
2,589,4714,0,0,179.661,0
2,590,4722,0,0,154.82900000000001,0
2,591,4730,0,0,176.40100000000001,0
2,592,4738,0,0,176.12100000000001,0
2,593,4746,0,0,176.535,0
2,594,4754,0,0,132.50399999999999,0
2,595,4762,0,0,187.602,0
2,596,4770,0,0,173.43899999999999,0
2,597,4778,0,0,152.285,0
2,598,4786,0,0,196.613,0
2,599,4794,0,0,149,0
2,600,4802,0,0,165.148,0
2,601,4810,0,0,159.00700000000001,0
2,602,4818,0,0,184.61199999999999,0
2,603,4826,0,0,139.55000000000001,0
2,604,4834,0,0,186.191,0
2,605,4842,0,0,196.15299999999999,0
2,606,4850,0,0,178.495,0
2,607,4858,0,0,187.55699999999999,0
2,608,4866,0,0,178.84,0
2,609,4874,0,0,167.631,0
2,610,4882,0,0,189.214,0
2,611,4890,0,0,144.11799999999999,0
2,612,4898,0,0,187.54900000000001,0
2,613,4906,0,0,169.255,0
2,614,4914,0,0,236.874,0
2,615,4922,0,0,195.32499999999999,0
2,616,4930,0,0,182.798,0
2,617,4938,0,0,183.53800000000001,0
2,618,4946,0,0,182.38999999999999,0
2,619,4954,0,0,179.23099999999999,0
2,620,4962,0,0,188.10900000000001,0
2,621,4970,0,0,141.328,0
2,622,4978,0,0,170.59700000000001,0
2,623,4986,0,0,192.947,0
2,624,4994,0,0,197.34899999999999,0
2,625,5002,0,0,200.81700000000001,0
2,626,5010,0,0,187.44499999999999,0
2,627,5018,0,0,168.54499999999999,0
2,628,5026,0,0,171.501,0
2,629,5034,0,0,159.17400000000001,0
2,630,5042,0,0,160.5,0
2,631,5050,0,0,190.71100000000001,0
2,632,5058,0,0,202.136,0
2,633,5066,0,0,178.73599999999999,0
2,634,5074,0,0,161.10499999999999,0
2,635,5082,0,0,179.46700000000001,0
2,636,5090,0,0,142.251,0
2,637,5098,0,0,195.88499999999999,0
2,638,5106,0,0,191.834,0
2,639,5114,0,0,183.929,0
2,640,5122,0,0,172.839,0
2,641,5130,0,0,173.452,0
2,642,5138,0,0,167.566,0
2,643,5146,0,0,185.28299999999999,0
2,644,5154,0,0,186.16499999999999,0
2,645,5162,0,0,190.69200000000001,0
2,646,5170,0,0,186.179,0
2,647,5178,0,0,184.15700000000001,0
2,648,5186,0,0,172.821,0
2,649,5194,0,0,198.83699999999999,0
2,650,5202,0,0,172.86600000000001,0
2,651,5210,0,0,177.34399999999999,0
2,652,5218,0,0,141.55099999999999,0
2,653,5226,0,0,150.34899999999999,0
2,654,5234,0,0,192.792,0
2,655,5242,0,0,185.93899999999999,0
2,656,5250,0,0,135.30099999999999,0
2,657,5258,0,0,202.50700000000001,0
2,658,5266,0,0,144.45599999999999,0
2,659,5274,0,0,188.517,0
2,660,5282,0,0,174.27199999999999,0
2,661,5290,0,0,194.749,0
2,662,5298,0,0,149.99600000000001,0
2,663,5306,0,0,204.71899999999999,0
2,664,5314,0,0,181.48699999999999,0
2,665,5322,0,0,214.161,0
2,666,5330,0,0,175.839,0
2,667,5338,0,0,136.244,0
2,668,5346,0,0,182.65000000000001,0
2,669,5354,0,0,158.22900000000001,0
2,670,5362,0,0,197.22900000000001,0
2,671,5370,0,0,186.935,0
2,672,5378,0,0,200.34899999999999,0
2,673,5386,0,0,186.05500000000001,0
2,674,5394,0,0,166.38499999999999,0
2,675,5402,0,0,195.76400000000001,0
2,676,5410,0,0,192.51499999999999,0
2,677,5418,0,0,179.79599999999999,0
2,678,5426,0,0,175.78,0
2,679,5434,0,0,164.93899999999999,0
2,680,5442,0,0,184.53800000000001,0
2,681,5450,0,0,151.11500000000001,0
2,682,5458,0,0,182.11600000000001,0
2,683,5466,0,0,202.779,0
2,684,5474,0,0,176.286,0
2,685,5482,0,0,164.84,0
2,686,5490,0,0,160.607,0
2,687,5498,0,0,177.89699999999999,0
2,688,5506,0,0,183.43000000000001,0
2,689,5514,0,0,161.81100000000001,0
2,690,5522,0,0,174.50899999999999,0
2,691,5530,0,0,182.881,0
2,692,5538,0,0,165.74799999999999,0
2,693,5546,0,0,175.22999999999999,0
2,694,5554,0,0,171.08000000000001,0
2,695,5562,0,0,188.98500000000001,0
2,696,5570,0,0,186.42500000000001,0
2,697,5578,0,0,183.22499999999999,0
2,698,5586,0,0,159.89099999999999,0
2,699,5594,0,0,189.983,0
2,700,5602,0,0,165.815,0
2,701,5610,0,0,186.05699999999999,0
2,702,5618,0,0,119.505,0
2,703,5626,0,0,179.83799999999999,0
2,704,5634,0,0,183.12899999999999,0
2,705,5642,0,0,180.124,0
2,706,5650,0,0,180.047,0
2,707,5658,0,0,169.96000000000001,0
2,708,5666,0,0,144.57599999999999,0
2,709,5674,0,0,181.25800000000001,0
2,710,5682,0,0,136.828,0
2,711,5690,0,0,187.34999999999999,0
2,712,5698,0,0,180.78100000000001,0
2,713,5706,0,0,152.102,0
2,714,5714,0,0,172.328,0
2,715,5722,0,0,119.446,0
2,716,5730,0,0,197.56299999999999,0
2,717,5738,0,0,157.965,0
2,718,5746,0,0,202,0
2,719,5754,0,0,166.10400000000001,0
2,720,5762,0,0,168.99199999999999,0
2,721,5770,0,0,157.38999999999999,0
2,722,5778,0,0,162.08600000000001,0
2,723,5786,0,0,194.08600000000001,0
2,724,5794,0,0,192.613,0
2,725,5802,0,0,180.15299999999999,0
2,726,5810,0,0,192.29400000000001,0
2,727,5818,0,0,177.51300000000001,0
2,728,5826,0,0,191.43199999999999,0
2,729,5834,0,0,181.024,0
2,730,5842,0,0,191.196,0
2,731,5850,0,0,161.78700000000001,0
2,732,5858,0,0,178.684,0
2,733,5866,0,0,192.57900000000001,0
2,734,5874,0,0,183.691,0
2,735,5882,0,0,161.125,0
2,736,5890,0,0,171.49799999999999,0
2,737,5898,0,0,180.59399999999999,0
2,738,5906,0,0,188.75899999999999,0
2,739,5914,0,0,145.166,0
2,740,5922,0,0,195.85900000000001,0
2,741,5930,0,0,140.559,0
2,742,5938,0,0,184.91399999999999,0
2,743,5946,0,0,192.35499999999999,0
2,744,5954,0,0,210.048,0
2,745,5962,0,0,153.12299999999999,0
2,746,5970,0,0,126.75,0
2,747,5978,0,0,152.84200000000001,0
2,748,5986,0,0,188.28800000000001,0
2,749,5994,0,0,166.24199999999999,0
2,750,6002,0,0,164.648,0
2,751,6010,0,0,180.375,0
2,752,6018,0,0,195.94499999999999,0
2,753,6026,0,0,190.655,0
2,754,6034,0,0,149.77099999999999,0
2,755,6042,0,0,189.56999999999999,0
2,756,6050,0,0,128.40799999999999,0
2,757,6058,0,0,203.13900000000001,0
2,758,6066,0,0,199.80000000000001,0
2,759,6074,0,0,166.96299999999999,0
2,760,6082,0,0,183.60599999999999,0
2,761,6090,0,0,188.66999999999999,0
2,762,6098,0,0,180.857,0
2,763,6106,0,0,193.25999999999999,0
2,764,6114,0,0,189.41800000000001,0
2,765,6122,0,0,204.36600000000001,0
2,766,6130,0,0,187.148,0
2,767,6138,0,0,163.00899999999999,0
2,768,6146,0,0,197.279,0
2,769,6154,0,0,200.93299999999999,0
2,770,6162,0,0,164.23099999999999,0
2,771,6170,0,0,174.35900000000001,0
2,772,6178,0,0,205.023,0
2,773,6186,0,0,151.791,0
2,774,6194,0,0,155.71000000000001,0
2,775,6202,0,0,187.43299999999999,0
2,776,6210,0,0,196.518,0
2,777,6218,0,0,179.262,0
2,778,6226,0,0,193.09999999999999,0
2,779,6234,0,0,188.435,0
2,780,6242,0,0,195.495,0
2,781,6250,0,0,189.03100000000001,0
2,782,6258,0,0,182.434,0
2,783,6266,0,0,177.74100000000001,0
2,784,6274,0,0,179.84100000000001,0
2,785,6282,0,0,201.62100000000001,0
2,786,6290,0,0,180.499,0
2,787,6298,0,0,190.619,0
2,788,6306,0,0,190.399,0
2,789,6314,0,0,179.572,0
2,790,6322,0,0,156.249,0
2,791,6330,0,0,135.27699999999999,0
2,792,6338,0,0,174.69399999999999,0
2,793,6346,0,0,177.774,0
2,794,6354,0,0,133.74000000000001,0
2,795,6362,0,0,186.411,0
2,796,6370,0,0,158.572,0
2,797,6378,0,0,182.32300000000001,0
2,798,6386,0,0,164.60499999999999,0
2,799,6394,0,0,142.696,0
2,800,6402,0,0,161.69999999999999,0
2,801,6410,0,0,165.07400000000001,0
2,802,6418,0,0,185.74199999999999,0
2,803,6426,0,0,175.648,0
2,804,6434,0,0,175.952,0
2,805,6442,0,0,207.898,0
2,806,6450,0,0,200.91,0
2,807,6458,0,0,129.91999999999999,0
2,808,6466,0,0,190.09899999999999,0
2,809,6474,0,0,142.33199999999999,0
2,810,6482,0,0,168.46899999999999,0
2,811,6490,0,0,152.24000000000001,0
2,812,6498,0,0,179.01499999999999,0
2,813,6506,0,0,193.554,0
2,814,6514,0,0,177.84100000000001,0
2,815,6522,0,0,192.44800000000001,0
2,816,6530,0,0,200.846,0
2,817,6538,0,0,195.20400000000001,0
2,818,6546,0,0,147.416,0
2,819,6554,0,0,136.17500000000001,0
2,820,6562,0,0,184.667,0
2,821,6570,0,0,197.41200000000001,0
2,822,6578,0,0,200.47800000000001,0
2,823,6586,0,0,168.899,0
2,824,6594,0,0,198.46899999999999,0
2,825,6602,0,0,174.637,0
2,826,6610,0,0,184.126,0
2,827,6618,0,0,183.071,0
2,828,6626,0,0,184.25700000000001,0
2,829,6634,0,0,172.94900000000001,0
2,830,6642,0,0,185.53399999999999,0
2,831,6650,0,0,185.251,0
2,832,6658,0,0,181.166,0
2,833,6666,0,0,177.40000000000001,0
2,834,6674,0,0,208.30600000000001,0
2,835,6682,0,0,195.738,0
2,836,6690,0,0,171.995,0
2,837,6698,0,0,152.018,0
2,838,6706,0,0,168.18000000000001,0
2,839,6714,0,0,190.54400000000001,0
2,840,6722,0,0,155.14099999999999,0
2,841,6730,0,0,192.58000000000001,0
2,842,6738,0,0,205.63,0
2,843,6746,0,0,106.818,0
2,844,6754,0,0,211.81999999999999,0
2,845,6762,0,0,157.28999999999999,0
2,846,6770,0,0,174.452,0
2,847,6778,0,0,181.256,0
2,848,6786,0,0,144.10900000000001,0
2,849,6794,0,0,194.065,0
2,850,6802,0,0,162.75299999999999,0
2,851,6810,0,0,185.96600000000001,0
2,852,6818,0,0,196.762,0
2,853,6826,0,0,172.404,0
2,854,6834,0,0,189.80799999999999,0
2,855,6842,0,0,168.624,0
2,856,6850,0,0,205.85400000000001,0
2,857,6858,0,0,135.291,0
2,858,6866,0,0,156.05099999999999,0
2,859,6874,0,0,179.56999999999999,0
2,860,6882,0,0,161.655,0
2,861,6890,0,0,206.57300000000001,0
2,862,6898,0,0,167.64500000000001,0
2,863,6906,0,0,177.59800000000001,0
2,864,6914,0,0,176.48400000000001,0
2,865,6922,0,0,199.096,0
2,866,6930,0,0,166.303,0
2,867,6938,0,0,158.48400000000001,0
2,868,6946,0,0,188.86600000000001,0
2,869,6954,0,0,193.506,0
2,870,6962,0,0,180.76900000000001,0
2,871,6970,0,0,196.58500000000001,0
2,872,6978,0,0,165.816,0
2,873,6986,0,0,178.73500000000001,0
2,874,6994,0,0,197.46799999999999,0
2,875,7002,0,0,193.452,0
2,876,7010,0,0,123.774,0
2,877,7018,0,0,174.56899999999999,0
2,878,7026,0,0,148.215,0
2,879,7034,0,0,149.98699999999999,0
2,880,7042,0,0,131.32400000000001,0
2,881,7050,0,0,168.72900000000001,0
2,882,7058,0,0,180.57599999999999,0
2,883,7066,0,0,178.33799999999999,0
2,884,7074,0,0,163.94300000000001,0
2,885,7082,0,0,155.38200000000001,0
2,886,7090,0,0,186.256,0
2,887,7098,0,0,192.024,0
2,888,7106,0,0,129.27699999999999,0
2,889,7114,0,0,175.25700000000001,0
2,890,7122,0,0,165.63900000000001,0
2,891,7130,0,0,194.33699999999999,0
2,892,7138,0,0,188.91800000000001,0
2,893,7146,0,0,184.83600000000001,0
2,894,7154,0,0,189.67500000000001,0
2,895,7162,0,0,164.62,0
2,896,7170,0,0,174.505,0
2,897,7178,0,0,162.49799999999999,0
2,898,7186,0,0,166.87799999999999,0
2,899,7194,0,0,123.803,0
2,900,7202,0,0,189.70599999999999,0
2,901,7210,0,0,180.929,0
2,902,7218,0,0,173.24199999999999,0
2,903,7226,0,0,162.53299999999999,0
2,904,7234,0,0,149.27099999999999,0
2,905,7242,0,0,187.66300000000001,0
2,906,7250,0,0,146.24199999999999,0
2,907,7258,0,0,179.374,0
2,908,7266,0,0,193.99199999999999,0
2,909,7274,0,0,137.68199999999999,0
2,910,7282,0,0,175.97999999999999,0
2,911,7290,0,0,185.90600000000001,0
2,912,7298,0,0,153.90700000000001,0
2,913,7306,0,0,188.12100000000001,0
2,914,7314,0,0,168.68199999999999,0
2,915,7322,0,0,195.14099999999999,0
2,916,7330,0,0,190.768,0
2,917,7338,0,0,180.40600000000001,0
2,918,7346,0,0,184.83099999999999,0
2,919,7354,0,0,180.36099999999999,0
2,920,7362,0,0,242.58500000000001,0
2,921,7370,0,0,206.84800000000001,0
2,922,7378,0,0,195.36000000000001,0
2,923,7386,0,0,171.524,0
2,924,7394,0,0,197.98599999999999,0
2,925,7402,0,0,190.393,0
2,926,7410,0,0,211.358,0
2,927,7418,0,0,195.86699999999999,0
2,928,7426,0,0,193.636,0
2,929,7434,0,0,176.64400000000001,0
2,930,7442,0,0,197.80500000000001,0
2,931,7450,0,0,172.589,0
2,932,7458,0,0,169.13,0
2,933,7466,0,0,186.149,0
2,934,7474,0,0,198.11699999999999,0
2,935,7482,0,0,196.99299999999999,0
2,936,7490,0,0,174.08099999999999,0
2,937,7498,0,0,168.47499999999999,0
2,938,7506,0,0,202.48599999999999,0
2,939,7514,0,0,170.53899999999999,0
2,940,7522,0,0,183.22399999999999,0
2,941,7530,0,0,148.952,0
2,942,7538,0,0,196.74799999999999,0
2,943,7546,0,0,180.261,0
2,944,7554,0,0,196.32400000000001,0
2,945,7562,0,0,182.91900000000001,0
2,946,7570,0,0,196.351,0
2,947,7578,0,0,221.02699999999999,0
2,948,7586,0,0,160.69900000000001,0
2,949,7594,0,0,201.43700000000001,0
2,950,7602,0,0,169.51900000000001,0
2,951,7610,0,0,157.99199999999999,0
2,952,7618,0,0,176.44200000000001,0
2,953,7626,0,0,192.774,0
2,954,7634,0,0,181.029,0
2,955,7642,0,0,173.49100000000001,0
2,956,7650,0,0,205.06700000000001,0
2,957,7658,0,0,195.58099999999999,0
2,958,7666,0,0,190.09899999999999,0
2,959,7674,0,0,177.191,0
2,960,7682,0,0,186.37700000000001,0
2,961,7690,0,0,172.024,0
2,962,7698,0,0,158.75299999999999,0
2,963,7706,0,0,161.25700000000001,0
2,964,7714,0,0,186.91499999999999,0
2,965,7722,0,0,183.99600000000001,0
2,966,7730,0,0,193.63499999999999,0
2,967,7738,0,0,183.58699999999999,0
2,968,7746,0,0,156.82400000000001,0
2,969,7754,0,0,150.54400000000001,0
2,970,7762,0,0,175.792,0
2,971,7770,0,0,137.10300000000001,0
2,972,7778,0,0,218.99199999999999,0
2,973,7786,0,0,162.23500000000001,0
2,974,7794,0,0,213.286,0
2,975,7802,0,0,208.70500000000001,0
2,976,7810,0,0,150.32900000000001,0
2,977,7818,0,0,179.43100000000001,0
2,978,7826,0,0,119.878,0
2,979,7834,0,0,151.40600000000001,0
2,980,7842,0,0,188.88,0
2,981,7850,0,0,184.49299999999999,0
2,982,7858,0,0,195.375,0
2,983,7866,0,0,186.87200000000001,0
2,984,7874,0,0,183.92599999999999,0
2,985,7882,0,0,174.631,0
2,986,7890,0,0,189.48599999999999,0
2,987,7898,0,0,183.262,0
2,988,7906,0,0,154.589,0
2,989,7914,0,0,151.85300000000001,0
2,990,7922,0,0,189.679,0
2,991,7930,0,0,195.00800000000001,0
2,992,7938,0,0,181.20099999999999,0
2,993,7946,0,0,173.81700000000001,0
2,994,7954,0,0,208.56800000000001,0
2,995,7962,0,0,145.44900000000001,0
2,996,7970,0,0,153.15899999999999,0
2,997,7978,0,0,160.48099999999999,0
2,998,7986,0,0,202.524,0
2,999,7994,0,0,163.34399999999999,0
2,1000,8002,0,0,131.465,0
2,1001,8010,0,0,185.55699999999999,0
2,1002,8018,0,0,143.47200000000001,0
2,1003,8026,0,0,196.512,0
2,1004,8034,0,0,177.05199999999999,0
2,1005,8042,0,0,152.82300000000001,0
2,1006,8050,0,0,190.81800000000001,0
2,1007,8058,0,0,180.03800000000001,0
2,1008,8066,0,0,143.68299999999999,0
2,1009,8074,0,0,167.36000000000001,0
2,1010,8082,0,0,149.25399999999999,0
2,1011,8090,0,0,231.96199999999999,0
2,1012,8098,0,0,189.56,0
2,1013,8106,0,0,162.78200000000001,0
2,1014,8114,0,0,173.047,0
2,1015,8122,0,0,172.80699999999999,0
2,1016,8130,0,0,187.47200000000001,0
2,1017,8138,0,0,145.774,0
2,1018,8146,0,0,166.946,0
2,1019,8154,0,0,201.01400000000001,0
2,1020,8162,0,0,120.556,0
2,1021,8170,0,0,192.36699999999999,0
2,1022,8178,0,0,197.404,0
2,1023,8186,0,0,173.38200000000001,0
2,1024,8194,0,0,189.75399999999999,0
2,1025,8202,0,0,192.99299999999999,0
2,1026,8210,0,0,192.173,0
2,1027,8218,0,0,202.17599999999999,0
2,1028,8226,0,0,179.13800000000001,0
2,1029,8234,0,0,180.98599999999999,0
2,1030,8242,0,0,172.33199999999999,0
2,1031,8250,0,0,200.489,0
2,1032,8258,0,0,214.83500000000001,0
2,1033,8266,0,0,295.57299999999998,0
2,1034,8274,0,0,161.35300000000001,0
2,1035,8282,0,0,185.77199999999999,0
2,1036,8290,0,0,173.74700000000001,0
2,1037,8298,0,0,159.49000000000001,0
2,1038,8306,0,0,182.36099999999999,0
2,1039,8314,0,0,194.577,0
2,1040,8322,0,0,177.18100000000001,0
2,1041,8330,0,0,181.99299999999999,0
2,1042,8338,0,0,158.726,0
2,1043,8346,0,0,187.77199999999999,0
2,1044,8354,0,0,141.56200000000001,0
2,1045,8362,0,0,187.58500000000001,0
2,1046,8370,0,0,146.83500000000001,0
2,1047,8378,0,0,170.24700000000001,0
2,1048,8386,0,0,187.24199999999999,0
2,1049,8394,0,0,201.82900000000001,0
2,1050,8402,0,0,199.96899999999999,0
2,1051,8410,0,0,190.28399999999999,0
2,1052,8418,0,0,198.279,0
2,1053,8426,0,0,180.31200000000001,0
2,1054,8434,0,0,175.995,0
2,1055,8442,0,0,186.94399999999999,0
2,1056,8450,0,0,189.12700000000001,0
2,1057,8458,0,0,190.584,0
2,1058,8466,0,0,176.922,0
2,1059,8474,0,0,141.08799999999999,0
2,1060,8482,0,0,173.214,0
2,1061,8490,0,0,181.06299999999999,0
2,1062,8498,0,0,134.84100000000001,0
2,1063,8506,0,0,172.334,0
2,1064,8514,0,0,195.922,0
2,1065,8522,0,0,167.398,0
2,1066,8530,0,0,185.43799999999999,0
2,1067,8538,0,0,170.18600000000001,0
2,1068,8546,0,0,189.70699999999999,0
2,1069,8554,0,0,189.40600000000001,0
2,1070,8562,0,0,170.54499999999999,0
2,1071,8570,0,0,167.215,0
2,1072,8578,0,0,193.99600000000001,0
2,1073,8586,0,0,175.905,0
2,1074,8594,0,0,188.608,0
2,1075,8602,0,0,187.21899999999999,0
2,1076,8610,0,0,204.84700000000001,0
2,1077,8618,0,0,177.07599999999999,0
2,1078,8626,0,0,167.22499999999999,0
2,1079,8634,0,0,194.809,0
2,1080,8642,0,0,190.69900000000001,0
2,1081,8650,0,0,186.78200000000001,0
2,1082,8658,0,0,186.02600000000001,0
2,1083,8666,0,0,193.08799999999999,0
2,1084,8674,0,0,199.11099999999999,0
2,1085,8682,0,0,196.166,0
2,1086,8690,0,0,180.35300000000001,0
2,1087,8698,0,0,144.92099999999999,0
2,1088,8706,0,0,173.72300000000001,0
2,1089,8714,0,0,156.619,0
2,1090,8722,0,0,181.43100000000001,0
2,1091,8730,0,0,180.29599999999999,0
2,1092,8738,0,0,192.315,0
2,1093,8746,0,0,189.00299999999999,0
2,1094,8754,0,0,137.54400000000001,0
2,1095,8762,0,0,219.952,0
2,1096,8770,0,0,223.34899999999999,0
2,1097,8778,0,0,160.006,0
2,1098,8786,0,0,124.5,0
2,1099,8794,0,0,166.11500000000001,0
2,1100,8802,0,0,185.51499999999999,0
2,1101,8810,0,0,185.47,0
2,1102,8818,0,0,140.05699999999999,0
2,1103,8826,0,0,176.72900000000001,0
2,1104,8834,0,0,201.06,0
2,1105,8842,0,0,180.55699999999999,0
2,1106,8850,0,0,135.28800000000001,0
2,1107,8858,0,0,199.41300000000001,0
2,1108,8866,0,0,168.715,0
2,1109,8874,0,0,144.35400000000001,0
2,1110,8882,0,0,190.917,0
2,1111,8890,0,0,207.434,0
2,1112,8898,0,0,202.47200000000001,0
2,1113,8906,0,0,184.88900000000001,0
2,1114,8914,0,0,190.16300000000001,0
2,1115,8922,0,0,177.04499999999999,0
2,1116,8930,0,0,179.08600000000001,0
2,1117,8938,0,0,206.02699999999999,0
2,1118,8946,0,0,182.249,0
2,1119,8954,0,0,203.041,0
2,1120,8962,0,0,232.74100000000001,0
2,1121,8970,0,0,188.32900000000001,0
2,1122,8978,0,0,200.48500000000001,0
2,1123,8986,0,0,185.22200000000001,0
2,1124,8994,0,0,177.15100000000001,0
2,1125,9002,0,0,183.24600000000001,0
2,1126,9010,0,0,170.72,0
2,1127,9018,0,0,185.06999999999999,0
2,1128,9026,0,0,146.91200000000001,0
2,1129,9034,0,0,168.36099999999999,0
2,1130,9042,0,0,173.55600000000001,0
2,1131,9050,0,0,190.608,0
2,1132,9058,0,0,203.59399999999999,0
2,1133,9066,0,0,179.28899999999999,0
2,1134,9074,0,0,156.26599999999999,0
2,1135,9082,0,0,198.74700000000001,0
2,1136,9090,0,0,183.358,0
2,1137,9098,0,0,181.291,0
2,1138,9106,0,0,155.042,0
2,1139,9114,0,0,169.22900000000001,0
2,1140,9122,0,0,178.446,0
2,1141,9130,0,0,189.32499999999999,0
2,1142,9138,0,0,177.22300000000001,0
2,1143,9146,0,0,170.042,0
2,1144,9154,0,0,135.06200000000001,0
2,1145,9162,0,0,139.09,0
2,1146,9170,0,0,186.40100000000001,0
2,1147,9178,0,0,177.90799999999999,0
2,1148,9186,0,0,147.34700000000001,0
2,1149,9194,0,0,204.643,0
2,1150,9202,0,0,165.47800000000001,0
2,1151,9210,0,0,172.53999999999999,0
2,1152,9218,0,0,176.55600000000001,0
2,1153,9226,0,0,182.56100000000001,0
2,1154,9234,0,0,176.34399999999999,0
2,1155,9242,0,0,179.21600000000001,0
2,1156,9250,0,0,191.63,0
2,1157,9258,0,0,155.119,0
2,1158,9266,0,0,147.953,0
2,1159,9274,0,0,167.012,0
2,1160,9282,0,0,124.812,0
2,1161,9290,0,0,179.416,0
2,1162,9298,0,0,190.27000000000001,0
2,1163,9306,0,0,167.56100000000001,0
2,1164,9314,0,0,158.851,0
2,1165,9322,0,0,186.327,0
2,1166,9330,0,0,143.53800000000001,0
2,1167,9338,0,0,183.542,0
2,1168,9346,0,0,167.196,0
2,1169,9354,0,0,173.733,0
2,1170,9362,0,0,195.959,0
2,1171,9370,0,0,155.185,0
2,1172,9378,0,0,181.416,0
2,1173,9386,0,0,146.75700000000001,0
2,1174,9394,0,0,188.94200000000001,0
2,1175,9402,0,0,177.33000000000001,0
2,1176,9410,0,0,183.31800000000001,0
2,1177,9418,0,0,181.83500000000001,0
2,1178,9426,0,0,185.262,0
2,1179,9434,0,0,191.93299999999999,0
2,1180,9442,0,0,193.30699999999999,0
2,1181,9450,0,0,161.70400000000001,0
2,1182,9458,0,0,162.649,0
2,1183,9466,0,0,195.017,0
2,1184,9474,0,0,171.77799999999999,0
2,1185,9482,0,0,174.512,0
2,1186,9490,0,0,172.05699999999999,0
2,1187,9498,0,0,176.44499999999999,0
2,1188,9506,0,0,165.952,0
2,1189,9514,0,0,164.55199999999999,0
2,1190,9522,0,0,179.72499999999999,0
2,1191,9530,0,0,144.17599999999999,0
2,1192,9538,0,0,202.50299999999999,0
2,1193,9546,0,0,187.614,0
2,1194,9554,0,0,168.80099999999999,0
2,1195,9562,0,0,177.04599999999999,0
2,1196,9570,0,0,204.221,0
2,1197,9578,0,0,177.172,0
2,1198,9586,0,0,133.06,0
2,1199,9594,0,0,148.18000000000001,0
2,1200,9602,0,0,159.28700000000001,0
2,1201,9610,0,0,189.29599999999999,0
2,1202,9618,0,0,182.32900000000001,0
2,1203,9626,0,0,168.572,0
2,1204,9634,0,0,167.328,0
2,1205,9642,0,0,171.798,0
2,1206,9650,0,0,171.44300000000001,0
2,1207,9658,0,0,153.38900000000001,0
2,1208,9666,0,0,162.559,0
2,1209,9674,0,0,181.03700000000001,0
2,1210,9682,0,0,200.44499999999999,0
2,1211,9690,0,0,208.22300000000001,0
2,1212,9698,0,0,163.47399999999999,0
2,1213,9706,0,0,165.482,0
2,1214,9714,0,0,171.25999999999999,0
2,1215,9722,0,0,173.88999999999999,0
2,1216,9730,0,0,166.655,0
2,1217,9738,0,0,192.88900000000001,0
2,1218,9746,0,0,184.12299999999999,0
2,1219,9754,0,0,166.827,0
2,1220,9762,0,0,177.62799999999999,0
2,1221,9770,0,0,169.172,0
2,1222,9778,0,0,196.452,0
2,1223,9786,0,0,177.24199999999999,0
2,1224,9794,0,0,198.49199999999999,0
2,1225,9802,0,0,166.24600000000001,0
2,1226,9810,0,0,186.66499999999999,0
2,1227,9818,0,0,175.81800000000001,0
2,1228,9826,0,0,191.60400000000001,0
2,1229,9834,0,0,148.56399999999999,0
2,1230,9842,0,0,187.33500000000001,0
2,1231,9850,0,0,170.749,0
2,1232,9858,0,0,186.78899999999999,0
2,1233,9866,0,0,210.47900000000001,0
2,1234,9874,0,0,184.05000000000001,0
2,1235,9882,0,0,161.732,0
2,1236,9890,0,0,151.30600000000001,0
2,1237,9898,0,0,172.297,0
2,1238,9906,0,0,176.935,0
2,1239,9914,0,0,164.55799999999999,0
2,1240,9922,0,0,168.47200000000001,0
2,1241,9930,0,0,150.309,0
2,1242,9938,0,0,146.392,0
2,1243,9946,0,0,210.61099999999999,0
2,1244,9954,0,0,189.126,0
2,1245,9962,0,0,185.636,0
2,1246,9970,0,0,198.08699999999999,0
2,1247,9978,0,0,200.54400000000001,0
2,1248,9986,0,0,186.98099999999999,0
2,1249,9994,0,0,164.869,0
2,1250,10002,0,0,188.82599999999999,0
2,1251,10010,0,0,213.35400000000001,0
2,1252,10018,0,0,175.34299999999999,0
2,1253,10026,0,0,191.52500000000001,0
2,1254,10034,0,0,159.64500000000001,0
2,1255,10042,0,0,208.31700000000001,0
2,1256,10050,0,0,177.06200000000001,0
2,1257,10058,0,0,202.56999999999999,0
2,1258,10066,0,0,141.14099999999999,0
2,1259,10074,0,0,195.75200000000001,0
2,1260,10082,0,0,124.38200000000001,0
2,1261,10090,0,0,182.56,0
2,1262,10098,0,0,179.917,0
2,1263,10106,0,0,141.09999999999999,0
2,1264,10114,0,0,174.553,0
2,1265,10122,0,0,207.94900000000001,0
2,1266,10130,0,0,182.10599999999999,0
2,1267,10138,0,0,197.83799999999999,0
2,1268,10146,0,0,196.25800000000001,0
2,1269,10154,0,0,161.30199999999999,0
2,1270,10162,0,0,212.25800000000001,0
2,1271,10170,0,0,162.78399999999999,0
2,1272,10178,0,0,184.56700000000001,0
2,1273,10186,0,0,173.155,0
2,1274,10194,0,0,198.76400000000001,0
2,1275,10202,0,0,193.78700000000001,0
2,1276,10210,0,0,166.501,0
2,1277,10218,0,0,190.773,0
2,1278,10226,0,0,172.678,0
2,1279,10234,0,0,166.232,0
2,1280,10242,0,0,130.84999999999999,0
2,1281,10250,0,0,173.28200000000001,0
2,1282,10258,0,0,123.004,0
2,1283,10266,0,0,189.185,0
2,1284,10274,0,0,176.78999999999999,0
2,1285,10282,0,0,191.71000000000001,0
2,1286,10290,0,0,136.761,0
2,1287,10298,0,0,192.53999999999999,0
2,1288,10306,0,0,202.62799999999999,0
2,1289,10314,0,0,167.535,0
2,1290,10322,0,0,194.249,0
2,1291,10330,0,0,145.33500000000001,0
2,1292,10338,0,0,186.72499999999999,0
2,1293,10346,0,0,124.43000000000001,0
2,1294,10354,0,0,157.78999999999999,0
2,1295,10362,0,0,171.93299999999999,0
2,1296,10370,0,0,188.452,0
2,1297,10378,0,0,188.85499999999999,0
2,1298,10386,0,0,156.04300000000001,0
2,1299,10394,0,0,181.21299999999999,0
2,1300,10402,0,0,184.142,0
2,1301,10410,0,0,193.29499999999999,0
2,1302,10418,0,0,199,0
2,1303,10426,0,0,189.435,0
2,1304,10434,0,0,174.03999999999999,0
2,1305,10442,0,0,202.64699999999999,0
2,1306,10450,0,0,194.78399999999999,0
2,1307,10458,0,0,136.82900000000001,0
2,1308,10466,0,0,210.68000000000001,0
2,1309,10474,0,0,189.75800000000001,0
2,1310,10482,0,0,159.61000000000001,0
2,1311,10490,0,0,191.02099999999999,0
2,1312,10498,0,0,185.577,0
2,1313,10506,0,0,202.06899999999999,0
2,1314,10514,0,0,165.852,0
2,1315,10522,0,0,168.49299999999999,0
2,1316,10530,0,0,182.56800000000001,0
2,1317,10538,0,0,213.04900000000001,0
2,1318,10546,0,0,185.13,0
2,1319,10554,0,0,162.357,0
2,1320,10562,0,0,177.85300000000001,0
2,1321,10570,0,0,149.76400000000001,0
2,1322,10578,0,0,172.928,0
2,1323,10586,0,0,187.488,0
2,1324,10594,0,0,143.44800000000001,0
2,1325,10602,0,0,169.506,0
2,1326,10610,0,0,176.42599999999999,0
2,1327,10618,0,0,170.65100000000001,0
2,1328,10626,0,0,185.79599999999999,0
2,1329,10634,0,0,173.20500000000001,0
2,1330,10642,0,0,155.73699999999999,0
2,1331,10650,0,0,203.495,0
2,1332,10658,0,0,175.619,0
2,1333,10666,0,0,194.36199999999999,0
2,1334,10674,0,0,180.64099999999999,0
2,1335,10682,0,0,195.042,0
2,1336,10690,0,0,158.72300000000001,0
2,1337,10698,0,0,186.69,0
2,1338,10706,0,0,190.226,0
2,1339,10714,0,0,187.72300000000001,0
2,1340,10722,0,0,185.71100000000001,0
2,1341,10730,0,0,190.584,0
2,1342,10738,0,0,187.309,0
2,1343,10746,0,0,190.88800000000001,0
2,1344,10754,0,0,194.464,0
2,1345,10762,0,0,177.92599999999999,0
2,1346,10770,0,0,130.40700000000001,0
2,1347,10778,0,0,160.93299999999999,0
2,1348,10786,0,0,160.77000000000001,0
2,1349,10794,0,0,175.74000000000001,0
2,1350,10802,0,0,194.286,0
2,1351,10810,0,0,185.61000000000001,0
2,1352,10818,0,0,156.47999999999999,0
2,1353,10826,0,0,159.65100000000001,0
2,1354,10834,0,0,192.86799999999999,0
2,1355,10842,0,0,180.06899999999999,0
2,1356,10850,0,0,177.42099999999999,0
2,1357,10858,0,0,166.922,0
2,1358,10866,0,0,202.52199999999999,0
2,1359,10874,0,0,204.16900000000001,0
2,1360,10882,0,0,141.12200000000001,0
2,1361,10890,0,0,185.71700000000001,0
2,1362,10898,0,0,187.375,0
2,1363,10906,0,0,175.86699999999999,0
2,1364,10914,0,0,165.358,0
2,1365,10922,0,0,120.01900000000001,0
2,1366,10930,0,0,187.88999999999999,0
2,1367,10938,0,0,180.81,0
2,1368,10946,0,0,195.005,0
2,1369,10954,0,0,204.15700000000001,0
2,1370,10962,0,0,189.535,0
2,1371,10970,0,0,215.68299999999999,0
2,1372,10978,0,0,175.03800000000001,0
2,1373,10986,0,0,185.79300000000001,0
2,1374,10994,0,0,168.71700000000001,0
2,1375,11002,0,0,162.62100000000001,0
2,1376,11010,0,0,187.45400000000001,0
2,1377,11018,0,0,191.494,0
2,1378,11026,0,0,181.42400000000001,0
2,1379,11034,0,0,195.09700000000001,0
2,1380,11042,0,0,168.02000000000001,0
2,1381,11050,0,0,203.624,0
2,1382,11058,0,0,157.006,0
2,1383,11066,0,0,188.09,0
2,1384,11074,0,0,130.40000000000001,0
2,1385,11082,0,0,184.399,0
2,1386,11090,0,0,138.327,0
2,1387,11098,0,0,186.00899999999999,0
2,1388,11106,0,0,190.00800000000001,0
2,1389,11114,0,0,155.59399999999999,0
2,1390,11122,0,0,181.197,0
2,1391,11130,0,0,168.946,0
2,1392,11138,0,0,203.38399999999999,0
2,1393,11146,0,0,202.75399999999999,0
2,1394,11154,0,0,123.099,0
2,1395,11162,0,0,158.625,0
2,1396,11170,0,0,161.739,0
2,1397,11178,0,0,165.11500000000001,0
2,1398,11186,0,0,171.166,0
2,1399,11194,0,0,120.221,0
2,1400,11202,0,0,190.184,0
2,1401,11210,0,0,195.21299999999999,0
2,1402,11218,0,0,179.52099999999999,0
2,1403,11226,0,0,183.327,0
2,1404,11234,0,0,133.81700000000001,0
2,1405,11242,0,0,181.738,0
2,1406,11250,0,0,181.51900000000001,0
2,1407,11258,0,0,187.857,0
2,1408,11266,0,0,181.70500000000001,0
2,1409,11274,0,0,162.77000000000001,0
2,1410,11282,0,0,174.00200000000001,0
2,1411,11290,0,0,117.47799999999999,0
2,1412,11298,0,0,191.61099999999999,0
2,1413,11306,0,0,152.21199999999999,0
2,1414,11314,0,0,158.50200000000001,0
2,1415,11322,0,0,174.078,0
2,1416,11330,0,0,167.34800000000001,0
2,1417,11338,0,0,214.529,0
2,1418,11346,0,0,189.38,0
2,1419,11354,0,0,154.13999999999999,0
2,1420,11362,0,0,153.202,0
2,1421,11370,0,0,170.60599999999999,0
2,1422,11378,0,0,187.52099999999999,0
2,1423,11386,0,0,158.405,0
2,1424,11394,0,0,205.91,0
2,1425,11402,0,0,161.73699999999999,0
2,1426,11410,0,0,190.92500000000001,0
2,1427,11418,0,0,188.482,0
2,1428,11426,0,0,171.773,0
2,1429,11434,0,0,152.56200000000001,0
2,1430,11442,0,0,191.19499999999999,0
2,1431,11450,0,0,177.40700000000001,0
2,1432,11458,0,0,196.99000000000001,0
2,1433,11466,0,0,178.69200000000001,0
2,1434,11474,0,0,214.07400000000001,0
2,1435,11482,0,0,139.56299999999999,0
2,1436,11490,0,0,148.672,0
2,1437,11498,0,0,189.23099999999999,0
2,1438,11506,0,0,190.04400000000001,0
2,1439,11514,0,0,134.40100000000001,0
2,1440,11522,0,0,171.09999999999999,0
2,1441,11530,0,0,172.09299999999999,0
2,1442,11538,0,0,167.05600000000001,0
2,1443,11546,0,0,184.107,0
2,1444,11554,0,0,200.74700000000001,0
2,1445,11562,0,0,169.21100000000001,0
2,1446,11570,0,0,180.83500000000001,0
2,1447,11578,0,0,187.39400000000001,0
2,1448,11586,0,0,150.93799999999999,0
2,1449,11594,0,0,174.428,0
2,1450,11602,0,0,178.85900000000001,0
2,1451,11610,0,0,213.90100000000001,0
2,1452,11618,0,0,126.352,0
2,1453,11626,0,0,189.476,0
2,1454,11634,0,0,188.74000000000001,0
2,1455,11642,0,0,174.99600000000001,0
2,1456,11650,0,0,144.16900000000001,0
2,1457,11658,0,0,183.73599999999999,0
2,1458,11666,0,0,141.03299999999999,0
2,1459,11674,0,0,184.952,0
2,1460,11682,0,0,195.20400000000001,0
2,1461,11690,0,0,187.92099999999999,0
2,1462,11698,0,0,207.24799999999999,0
2,1463,11706,0,0,166.75999999999999,0
2,1464,11714,0,0,152.751,0
2,1465,11722,0,0,178.59100000000001,0
2,1466,11730,0,0,206.93100000000001,0
2,1467,11738,0,0,169.125,0
2,1468,11746,0,0,177.98099999999999,0
2,1469,11754,0,0,174.696,0
2,1470,11762,0,0,178.65600000000001,0
2,1471,11770,0,0,186.00800000000001,0
2,1472,11778,0,0,200.786,0
2,1473,11786,0,0,190.773,0
2,1474,11794,0,0,169.10300000000001,0
2,1475,11802,0,0,164.774,0
2,1476,11810,0,0,182.26400000000001,0
2,1477,11818,0,0,161.99000000000001,0
2,1478,11826,0,0,185.827,0
2,1479,11834,0,0,190.589,0
2,1480,11842,0,0,187.03399999999999,0
2,1481,11850,0,0,173.001,0
2,1482,11858,0,0,183.30199999999999,0
2,1483,11866,0,0,162.392,0
2,1484,11874,0,0,169.822,0
2,1485,11882,0,0,174.369,0
2,1486,11890,0,0,188.22,0
2,1487,11898,0,0,152.17500000000001,0
2,1488,11906,0,0,169.959,0
2,1489,11914,0,0,196.03200000000001,0
2,1490,11922,0,0,158.816,0
2,1491,11930,0,0,190.39599999999999,0
2,1492,11938,0,0,188.875,0
2,1493,11946,0,0,156.56999999999999,0
2,1494,11954,0,0,190.94300000000001,0
2,1495,11962,0,0,184.33099999999999,0
2,1496,11970,0,0,178.55199999999999,0
2,1497,11978,0,0,192.50399999999999,0
2,1498,11986,0,0,166.13499999999999,0
2,1499,11994,0,0,188.88999999999999,0
2,1500,12002,0,0,184.83500000000001,0
2,1501,12010,0,0,198.066,0
2,1502,12018,0,0,187.50999999999999,0
2,1503,12026,0,0,224.29900000000001,0
2,1504,12034,0,0,171.70099999999999,0
2,1505,12042,0,0,193.65799999999999,0
2,1506,12050,0,0,211.78299999999999,0
2,1507,12058,0,0,172.76599999999999,0
2,1508,12066,0,0,181.91300000000001,0
2,1509,12074,0,0,171.93000000000001,0
2,1510,12082,0,0,185.52099999999999,0
2,1511,12090,0,0,165.54400000000001,0
2,1512,12098,0,0,175.04400000000001,0
2,1513,12106,0,0,190.46799999999999,0
2,1514,12114,0,0,184.024,0
2,1515,12122,0,0,182.089,0
2,1516,12130,0,0,188.78999999999999,0
2,1517,12138,0,0,189.81999999999999,0
2,1518,12146,0,0,183.67500000000001,0
2,1519,12154,0,0,187.63800000000001,0
2,1520,12162,0,0,144.035,0
2,1521,12170,0,0,188.119,0
2,1522,12178,0,0,170.50999999999999,0
2,1523,12186,0,0,177.714,0
2,1524,12194,0,0,188.499,0
2,1525,12202,0,0,167.19399999999999,0
2,1526,12210,0,0,193.39099999999999,0
2,1527,12218,0,0,171.47499999999999,0
2,1528,12226,0,0,178.935,0
2,1529,12234,0,0,176.80799999999999,0
2,1530,12242,0,0,216.33500000000001,0
2,1531,12250,0,0,156.25999999999999,0
2,1532,12258,0,0,179.27099999999999,0
2,1533,12266,0,0,177.63399999999999,0
2,1534,12274,0,0,180.38,0
2,1535,12282,0,0,191.316,0
2,1536,12290,0,0,180.45599999999999,0
2,1537,12298,0,0,186.036,0
2,1538,12306,0,0,170.95500000000001,0
2,1539,12314,0,0,153.75200000000001,0
2,1540,12322,0,0,154.71600000000001,0
2,1541,12330,0,0,194.43799999999999,0
2,1542,12338,0,0,149.952,0
2,1543,12346,0,0,183.857,0
2,1544,12354,0,0,159.047,0
2,1545,12362,0,0,162.85300000000001,0
2,1546,12370,0,0,164.78200000000001,0
2,1547,12378,0,0,184.35900000000001,0
2,1548,12386,0,0,159.54499999999999,0
2,1549,12394,0,0,205.94200000000001,0
2,1550,12402,0,0,240.97300000000001,0
2,1551,12410,0,0,181.06,0
2,1552,12418,0,0,178.55199999999999,0
2,1553,12426,0,0,160.155,0
2,1554,12434,0,0,184.679,0
2,1555,12442,0,0,156.49199999999999,0
2,1556,12450,0,0,175.721,0
2,1557,12458,0,0,199.148,0
2,1558,12466,0,0,169.97800000000001,0
2,1559,12474,0,0,155.57300000000001,0
2,1560,12482,0,0,153.07900000000001,0
2,1561,12490,0,0,190.524,0
2,1562,12498,0,0,147.07300000000001,0
2,1563,12506,0,0,195.21899999999999,0
2,1564,12514,0,0,177.197,0
2,1565,12522,0,0,166.804,0
2,1566,12530,0,0,204.84399999999999,0
2,1567,12538,0,0,135.476,0
2,1568,12546,0,0,162.40199999999999,0
2,1569,12554,0,0,185.928,0
2,1570,12562,0,0,196.13800000000001,0
2,1571,12570,0,0,156.02099999999999,0
2,1572,12578,0,0,180.191,0
2,1573,12586,0,0,183.00299999999999,0
2,1574,12594,0,0,194.65299999999999,0
2,1575,12602,0,0,181.63900000000001,0
2,1576,12610,0,0,169.78700000000001,0
2,1577,12618,0,0,185.40199999999999,0
2,1578,12626,0,0,208.07400000000001,0
2,1579,12634,0,0,175.13300000000001,0
2,1580,12642,0,0,183.53,0
2,1581,12650,0,0,215.49199999999999,0
2,1582,12658,0,0,152.011,0
2,1583,12666,0,0,189.85599999999999,0
2,1584,12674,0,0,150.91800000000001,0
2,1585,12682,0,0,137.601,0
2,1586,12690,0,0,154.55799999999999,0
2,1587,12698,0,0,213.95599999999999,0
2,1588,12706,0,0,190.68700000000001,0
2,1589,12714,0,0,183.91,0
2,1590,12722,0,0,132.00700000000001,0
2,1591,12730,0,0,176.65600000000001,0
2,1592,12738,0,0,153.423,0
2,1593,12746,0,0,181.721,0
2,1594,12754,0,0,185.613,0
2,1595,12762,0,0,128.90899999999999,0
2,1596,12770,0,0,213.41,0
2,1597,12778,0,0,198.578,0
2,1598,12786,0,0,158.97300000000001,0
2,1599,12794,0,0,179.102,0
2,1600,12802,0,0,177.661,0
2,1601,12810,0,0,184.79400000000001,0
2,1602,12818,0,0,161.64500000000001,0
2,1603,12826,0,0,172.12100000000001,0
2,1604,12834,0,0,232.37299999999999,0
2,1605,12842,0,0,157.89400000000001,0
2,1606,12850,0,0,141.50299999999999,0
2,1607,12858,0,0,194.32900000000001,0
2,1608,12866,0,0,181.38,0
2,1609,12874,0,0,163.61199999999999,0
2,1610,12882,0,0,149.50299999999999,0
2,1611,12890,0,0,190.68100000000001,0
2,1612,12898,0,0,195.08600000000001,0
2,1613,12906,0,0,180.15199999999999,0
2,1614,12914,0,0,147.76599999999999,0
2,1615,12922,0,0,117.13800000000001,0
2,1616,12930,0,0,197.55099999999999,0
2,1617,12938,0,0,163.84200000000001,0
2,1618,12946,0,0,185.57599999999999,0
2,1619,12954,0,0,186.453,0
2,1620,12962,0,0,159.51400000000001,0
2,1621,12970,0,0,193.68100000000001,0
2,1622,12978,0,0,199.119,0
2,1623,12986,0,0,126.02200000000001,0
2,1624,12994,0,0,185.00700000000001,0
2,1625,13002,0,0,201.36099999999999,0
2,1626,13010,0,0,141.09399999999999,0
2,1627,13018,0,0,178.43799999999999,0
2,1628,13026,0,0,141.31299999999999,0
2,1629,13034,0,0,189.63399999999999,0
2,1630,13042,0,0,182.453,0
2,1631,13050,0,0,203.363,0
2,1632,13058,0,0,188.89400000000001,0
2,1633,13066,0,0,173.352,0
2,1634,13074,0,0,185.58699999999999,0
2,1635,13082,0,0,188.81999999999999,0
2,1636,13090,0,0,192.221,0
2,1637,13098,0,0,184.25899999999999,0
2,1638,13106,0,0,157.34800000000001,0
2,1639,13114,0,0,192.691,0
2,1640,13122,0,0,181.16,0
2,1641,13130,0,0,201.19900000000001,0
2,1642,13138,0,0,231.51599999999999,0
2,1643,13146,0,0,144.74000000000001,0
2,1644,13154,0,0,203.71899999999999,0
2,1645,13162,0,0,199.80500000000001,0
2,1646,13170,0,0,190.44399999999999,0
2,1647,13178,0,0,158.42599999999999,0
2,1648,13186,0,0,165.02000000000001,0
2,1649,13194,0,0,136.76300000000001,0
2,1650,13202,0,0,173.62100000000001,0
2,1651,13210,0,0,170.45400000000001,0
2,1652,13218,0,0,205.14400000000001,0
2,1653,13226,0,0,156.32499999999999,0
2,1654,13234,0,0,185.071,0
2,1655,13242,0,0,172.66900000000001,0
2,1656,13250,0,0,184.976,0
2,1657,13258,0,0,168.19300000000001,0
2,1658,13266,0,0,200.40600000000001,0
2,1659,13274,0,0,174.32900000000001,0
2,1660,13282,0,0,185.62700000000001,0
2,1661,13290,0,0,172.41399999999999,0
2,1662,13298,0,0,196.06299999999999,0
2,1663,13306,0,0,178.16200000000001,0
2,1664,13314,0,0,186.87200000000001,0
2,1665,13322,0,0,194.66999999999999,0
2,1666,13330,0,0,134.75200000000001,0
2,1667,13338,0,0,188.04499999999999,0
2,1668,13346,0,0,170.51599999999999,0
2,1669,13354,0,0,129.10900000000001,0
2,1670,13362,0,0,187.578,0
2,1671,13370,0,0,181.99299999999999,0
2,1672,13378,0,0,151.39500000000001,0
2,1673,13386,0,0,199.95400000000001,0
2,1674,13394,0,0,194.143,0
2,1675,13402,0,0,198.46700000000001,0
2,1676,13410,0,0,151.24100000000001,0
2,1677,13418,0,0,178.804,0
2,1678,13426,0,0,210.048,0
2,1679,13434,0,0,179.15199999999999,0
2,1680,13442,0,0,122.02500000000001,0
2,1681,13450,0,0,182.73400000000001,0
2,1682,13458,0,0,175.67699999999999,0
2,1683,13466,0,0,187.499,0
2,1684,13474,0,0,157.697,0
2,1685,13482,0,0,193.71199999999999,0
2,1686,13490,0,0,159.86600000000001,0
2,1687,13498,0,0,206.02099999999999,0
2,1688,13506,0,0,150.38,0
2,1689,13514,0,0,155.97300000000001,0
2,1690,13522,0,0,174.68299999999999,0
2,1691,13530,0,0,178.517,0
2,1692,13538,0,0,180.125,0
2,1693,13546,0,0,172.422,0
2,1694,13554,0,0,170.15700000000001,0
2,1695,13562,0,0,161.77099999999999,0
2,1696,13570,0,0,168.72999999999999,0
2,1697,13578,0,0,189.45599999999999,0
2,1698,13586,0,0,205.67099999999999,0
2,1699,13594,0,0,129.982,0
2,1700,13602,0,0,180.429,0
2,1701,13610,0,0,170.785,0
2,1702,13618,0,0,179.87200000000001,0
2,1703,13626,0,0,160.82599999999999,0
2,1704,13634,0,0,187.76400000000001,0
2,1705,13642,0,0,135.346,0
2,1706,13650,0,0,145.797,0
2,1707,13658,0,0,163.345,0
2,1708,13666,0,0,152.678,0
2,1709,13674,0,0,204.63900000000001,0
2,1710,13682,0,0,153.321,0
2,1711,13690,0,0,132.84999999999999,0
2,1712,13698,0,0,170.077,0
2,1713,13706,0,0,170.18600000000001,0
2,1714,13714,0,0,177.32400000000001,0
2,1715,13722,0,0,168.87299999999999,0
2,1716,13730,0,0,185.93899999999999,0
2,1717,13738,0,0,158.20099999999999,0
2,1718,13746,0,0,147.68600000000001,0
2,1719,13754,0,0,173.482,0
2,1720,13762,0,0,191.25299999999999,0
2,1721,13770,0,0,190.50399999999999,0
2,1722,13778,0,0,196.95699999999999,0
2,1723,13786,0,0,177.90899999999999,0
2,1724,13794,0,0,174.161,0
2,1725,13802,0,0,192.47800000000001,0
2,1726,13810,0,0,185.529,0
2,1727,13818,0,0,195.31999999999999,0
2,1728,13826,0,0,166.74600000000001,0
2,1729,13834,0,0,137.143,0
2,1730,13842,0,0,162.499,0
2,1731,13850,0,0,187.321,0
2,1732,13858,0,0,183.72900000000001,0
2,1733,13866,0,0,211.25999999999999,0
2,1734,13874,0,0,175.69499999999999,0
2,1735,13882,0,0,155.012,0
2,1736,13890,0,0,125.307,0
2,1737,13898,0,0,160.05099999999999,0
2,1738,13906,0,0,174.53399999999999,0
2,1739,13914,0,0,177.68199999999999,0
2,1740,13922,0,0,175.619,0
2,1741,13930,0,0,175.27000000000001,0
2,1742,13938,0,0,174.34800000000001,0
2,1743,13946,0,0,167.88300000000001,0
2,1744,13954,0,0,167.161,0
2,1745,13962,0,0,174.18899999999999,0
2,1746,13970,0,0,174.095,0
2,1747,13978,0,0,181.71000000000001,0
2,1748,13986,0,0,176.64500000000001,0
2,1749,13994,0,0,185.874,0
2,1750,14002,0,0,177.83699999999999,0
2,1751,14010,0,0,188.304,0
2,1752,14018,0,0,194.495,0
2,1753,14026,0,0,141.589,0
2,1754,14034,0,0,188.822,0
2,1755,14042,0,0,184.21100000000001,0
2,1756,14050,0,0,167.011,0
2,1757,14058,0,0,195.01900000000001,0
2,1758,14066,0,0,177.45099999999999,0
2,1759,14074,0,0,176.876,0
2,1760,14082,0,0,154.31299999999999,0
2,1761,14090,0,0,124.95099999999999,0
2,1762,14098,0,0,159.126,0
2,1763,14106,0,0,186.56,0
2,1764,14114,0,0,201.63,0
2,1765,14122,0,0,195.345,0
2,1766,14130,0,0,198.75899999999999,0
2,1767,14138,0,0,174.60599999999999,0
2,1768,14146,0,0,196.72800000000001,0
2,1769,14154,0,0,167.774,0
2,1770,14162,0,0,209.11000000000001,0
2,1771,14170,0,0,190.18100000000001,0
2,1772,14178,0,0,188.71799999999999,0
2,1773,14186,0,0,203.535,0
2,1774,14194,0,0,132.13,0
2,1775,14202,0,0,191.125,0
2,1776,14210,0,0,171.77099999999999,0
2,1777,14218,0,0,209.28299999999999,0
2,1778,14226,0,0,199.94200000000001,0
2,1779,14234,0,0,169.39500000000001,0
2,1780,14242,0,0,194.339,0
2,1781,14250,0,0,135.65700000000001,0
2,1782,2,1,0,190.55500000000001,0
2,1783,10,1,0,201.61600000000001,0
2,1784,18,1,0,192.637,0
2,1785,26,1,0,151.85300000000001,0
2,1786,34,1,0,197.15899999999999,0
2,1787,42,1,0,156.221,0
2,1788,50,1,0,162.22300000000001,0
2,1789,58,1,0,194.26300000000001,0
2,1790,66,1,0,194.18000000000001,0
2,1791,74,1,0,148.833,0
2,1792,82,1,0,160.642,0
2,1793,90,1,0,154.18899999999999,0
2,1794,98,1,0,173.78700000000001,0
2,1795,106,1,0,164.63800000000001,0
2,1796,114,1,0,181.79900000000001,0
2,1797,122,1,0,165.73400000000001,0
2,1798,130,1,0,176.27000000000001,0
2,1799,138,1,0,176.88399999999999,0
2,1800,146,1,0,196.297,0
2,1801,154,1,0,183.012,0
2,1802,162,1,0,205.40600000000001,0
2,1803,170,1,0,195.40899999999999,0
2,1804,178,1,0,180.084,0
2,1805,186,1,0,174.08600000000001,0
2,1806,194,1,0,197.40899999999999,0
2,1807,202,1,0,177.82499999999999,0
2,1808,210,1,0,141.619,0
2,1809,218,1,0,175.66499999999999,0
2,1810,226,1,0,149.42099999999999,0
2,1811,234,1,0,166.44399999999999,0
2,1812,242,1,0,135.005,0
2,1813,250,1,0,172.12,0
2,1814,258,1,0,181.078,0
2,1815,266,1,0,186.363,0
2,1816,274,1,0,154.16300000000001,0
2,1817,282,1,0,180.63300000000001,0
2,1818,290,1,0,140.38399999999999,0
2,1819,298,1,0,192.17699999999999,0
2,1820,306,1,0,167.20599999999999,0
2,1821,314,1,0,181.357,0
2,1822,322,1,0,137.91,0
2,1823,330,1,0,170.06299999999999,0
2,1824,338,1,0,196.96100000000001,0
2,1825,346,1,0,183.827,0
2,1826,354,1,0,180.077,0
2,1827,362,1,0,181.65600000000001,0
2,1828,370,1,0,137.88,0
2,1829,378,1,0,157.613,0
2,1830,386,1,0,195.60499999999999,0
2,1831,394,1,0,143.214,0
2,1832,402,1,0,185.03299999999999,0
2,1833,410,1,0,162.72300000000001,0
2,1834,418,1,0,205.00800000000001,0
2,1835,426,1,0,134.79400000000001,0
2,1836,434,1,0,181.51599999999999,0
2,1837,442,1,0,185.48599999999999,0
2,1838,450,1,0,177.84100000000001,0
2,1839,458,1,0,199.52699999999999,0
2,1840,466,1,0,183.94200000000001,0
2,1841,474,1,0,172.482,0
2,1842,482,1,0,194.892,0
2,1843,490,1,0,139.989,0
2,1844,498,1,0,190.05699999999999,0
2,1845,506,1,0,134.84800000000001,0
2,1846,514,1,0,189.17599999999999,0
2,1847,522,1,0,200.44399999999999,0
2,1848,530,1,0,175.86199999999999,0
2,1849,538,1,0,158.52699999999999,0
2,1850,546,1,0,176.881,0
2,1851,554,1,0,206.89400000000001,0
2,1852,562,1,0,203.51300000000001,0
2,1853,570,1,0,191.434,0
2,1854,578,1,0,166.47800000000001,0
2,1855,586,1,0,163.85300000000001,0
2,1856,594,1,0,195.072,0
2,1857,602,1,0,162.36500000000001,0
2,1858,610,1,0,201.21100000000001,0
2,1859,618,1,0,169.62899999999999,0
2,1860,626,1,0,181.12100000000001,0
2,1861,634,1,0,179.876,0
2,1862,642,1,0,140.80799999999999,0
2,1863,650,1,0,141.81299999999999,0
2,1864,658,1,0,174.107,0
2,1865,666,1,0,182.398,0
2,1866,674,1,0,187.88900000000001,0
2,1867,682,1,0,145.19800000000001,0
2,1868,690,1,0,181.46199999999999,0
2,1869,698,1,0,118.69199999999999,0
2,1870,706,1,0,189.642,0
2,1871,714,1,0,180.136,0
2,1872,722,1,0,152.33000000000001,0
2,1873,730,1,0,193.52699999999999,0
2,1874,738,1,0,175.916,0
2,1875,746,1,0,146.29599999999999,0
2,1876,754,1,0,153.685,0
2,1877,762,1,0,199.19499999999999,0
2,1878,770,1,0,148.44999999999999,0
2,1879,778,1,0,167.46600000000001,0
2,1880,786,1,0,192.21100000000001,0
2,1881,794,1,0,202.33799999999999,0
2,1882,802,1,0,185.30199999999999,0
2,1883,810,1,0,184.80000000000001,0
2,1884,818,1,0,185.96899999999999,0
2,1885,826,1,0,158.62200000000001,0
2,1886,834,1,0,177.31,0
2,1887,842,1,0,178.17500000000001,0
2,1888,850,1,0,149.761,0
2,1889,858,1,0,191.947,0
2,1890,866,1,0,190.95099999999999,0
2,1891,874,1,0,174.60599999999999,0
2,1892,882,1,0,170.584,0
2,1893,890,1,0,159.91999999999999,0
2,1894,898,1,0,155.476,0
2,1895,906,1,0,174.53399999999999,0
2,1896,914,1,0,190.50299999999999,0
2,1897,922,1,0,164.44499999999999,0
2,1898,930,1,0,170.53899999999999,0
2,1899,938,1,0,175.315,0
2,1900,946,1,0,201.958,0
2,1901,954,1,0,146.33199999999999,0
2,1902,962,1,0,199.113,0
2,1903,970,1,0,199.86699999999999,0
2,1904,978,1,0,193.80500000000001,0
2,1905,986,1,0,187.34200000000001,0
2,1906,994,1,0,185.63,0
2,1907,1002,1,0,182.14599999999999,0
2,1908,1010,1,0,185.208,0
2,1909,1018,1,0,156.91900000000001,0
2,1910,1026,1,0,173.34800000000001,0
2,1911,1034,1,0,191.994,0
2,1912,1042,1,0,179.495,0
2,1913,1050,1,0,145.298,0
2,1914,1058,1,0,189.47200000000001,0
2,1915,1066,1,0,188.893,0
2,1916,1074,1,0,128.392,0
2,1917,1082,1,0,197.827,0
2,1918,1090,1,0,157.85300000000001,0
2,1919,1098,1,0,180.648,0
2,1920,1106,1,0,190.102,0
2,1921,1114,1,0,166.49299999999999,0
2,1922,1122,1,0,186.45500000000001,0
2,1923,1130,1,0,185.22499999999999,0
2,1924,1138,1,0,196.249,0
2,1925,1146,1,0,164.553,0
2,1926,1154,1,0,165.934,0
2,1927,1162,1,0,182.221,0
2,1928,1170,1,0,169.99199999999999,0
2,1929,1178,1,0,179.95699999999999,0
2,1930,1186,1,0,188.006,0
2,1931,1194,1,0,164.708,0
2,1932,1202,1,0,122.20999999999999,0
2,1933,1210,1,0,155.54900000000001,0
2,1934,1218,1,0,155.00700000000001,0
2,1935,1226,1,0,195.56200000000001,0
2,1936,1234,1,0,194.072,0
2,1937,1242,1,0,183.64599999999999,0
2,1938,1250,1,0,193.84100000000001,0
2,1939,1258,1,0,190.96700000000001,0
2,1940,1266,1,0,201.47200000000001,0
2,1941,1274,1,0,179.63300000000001,0
2,1942,1282,1,0,203.83099999999999,0
2,1943,1290,1,0,170.03700000000001,0
2,1944,1298,1,0,135.14599999999999,0
2,1945,1306,1,0,175.41399999999999,0
2,1946,1314,1,0,203.655,0
2,1947,1322,1,0,192.352,0
2,1948,1330,1,0,162.54900000000001,0
2,1949,1338,1,0,188.858,0
2,1950,1346,1,0,177.54599999999999,0
2,1951,1354,1,0,174.351,0
2,1952,1362,1,0,195.56299999999999,0
2,1953,1370,1,0,178.327,0
2,1954,1378,1,0,197.262,0
2,1955,1386,1,0,183.27600000000001,0
2,1956,1394,1,0,195.923,0
2,1957,1402,1,0,167.29900000000001,0
2,1958,1410,1,0,169.89699999999999,0
2,1959,1418,1,0,192.619,0
2,1960,1426,1,0,185.08600000000001,0
2,1961,1434,1,0,190.53800000000001,0
2,1962,1442,1,0,214.04300000000001,0
2,1963,1450,1,0,163.62799999999999,0
2,1964,1458,1,0,183.613,0
2,1965,1466,1,0,185.221,0
2,1966,1474,1,0,187.851,0
2,1967,1482,1,0,153.072,0
2,1968,1490,1,0,151.93299999999999,0
2,1969,1498,1,0,183.41800000000001,0
2,1970,1506,1,0,154.00999999999999,0
2,1971,1514,1,0,163.75,0
2,1972,1522,1,0,187.06800000000001,0
2,1973,1530,1,0,183.79300000000001,0
2,1974,1538,1,0,192.054,0
2,1975,1546,1,0,188.03399999999999,0
2,1976,1554,1,0,157.40700000000001,0
2,1977,1562,1,0,171.95500000000001,0
2,1978,1570,1,0,181.197,0
2,1979,1578,1,0,180.762,0
2,1980,1586,1,0,180.86500000000001,0
2,1981,1594,1,0,176.69300000000001,0
2,1982,1602,1,0,182.37,0
2,1983,1610,1,0,164.82300000000001,0
2,1984,1618,1,0,140.864,0
2,1985,1626,1,0,183.155,0
2,1986,1634,1,0,161.60499999999999,0
2,1987,1642,1,0,165.934,0
2,1988,1650,1,0,152.96000000000001,0
2,1989,1658,1,0,165.078,0
2,1990,1666,1,0,182.011,0
2,1991,1674,1,0,196.988,0
2,1992,1682,1,0,155.35300000000001,0
2,1993,1690,1,0,180.78399999999999,0
2,1994,1698,1,0,198.56100000000001,0
2,1995,1706,1,0,202.74000000000001,0
2,1996,1714,1,0,198.31299999999999,0
2,1997,1722,1,0,206.977,0
2,1998,1730,1,0,208.38800000000001,0
2,1999,1738,1,0,194.262,0
2,2000,1746,1,0,201.99199999999999,0
2,2001,1754,1,0,189.27099999999999,0
2,2002,1762,1,0,201.36199999999999,0
2,2003,1770,1,0,189.27199999999999,0
2,2004,1778,1,0,194.06299999999999,0
2,2005,1786,1,0,186.19399999999999,0
2,2006,1794,1,0,159.572,0
2,2007,1802,1,0,164.072,0
2,2008,1810,1,0,162.56399999999999,0
2,2009,1818,1,0,191.14099999999999,0
2,2010,1826,1,0,196.738,0
2,2011,1834,1,0,175.74299999999999,0
2,2012,1842,1,0,174.447,0
2,2013,1850,1,0,127.794,0
2,2014,1858,1,0,186.45099999999999,0
2,2015,1866,1,0,172.78299999999999,0
2,2016,1874,1,0,166.21899999999999,0
2,2017,1882,1,0,132.21199999999999,0
2,2018,1890,1,0,175.999,0
2,2019,1898,1,0,164.58199999999999,0
2,2020,1906,1,0,184.05600000000001,0
2,2021,1914,1,0,137.083,0
2,2022,1922,1,0,176.41,0
2,2023,1930,1,0,204.791,0
2,2024,1938,1,0,188.99799999999999,0
2,2025,1946,1,0,171.88800000000001,0
2,2026,1954,1,0,157.208,0
2,2027,1962,1,0,186.41800000000001,0
2,2028,1970,1,0,195.833,0
2,2029,1978,1,0,186.64500000000001,0
2,2030,1986,1,0,146.60300000000001,0
2,2031,1994,1,0,197.83000000000001,0
2,2032,2002,1,0,179.08099999999999,0
2,2033,2010,1,0,199.15199999999999,0
2,2034,2018,1,0,172.637,0
2,2035,2026,1,0,173.13399999999999,0
2,2036,2034,1,0,194.60499999999999,0
2,2037,2042,1,0,174.452,0
2,2038,2050,1,0,202.096,0
2,2039,2058,1,0,164.16499999999999,0
2,2040,2066,1,0,147.816,0
2,2041,2074,1,0,156.00800000000001,0
2,2042,2082,1,0,178.11000000000001,0
2,2043,2090,1,0,194.29400000000001,0
2,2044,2098,1,0,197.251,0
2,2045,2106,1,0,169.82599999999999,0
2,2046,2114,1,0,178.09999999999999,0
2,2047,2122,1,0,141.89699999999999,0
2,2048,2130,1,0,143.86099999999999,0
2,2049,2138,1,0,171.06399999999999,0
2,2050,2146,1,0,164.90000000000001,0
2,2051,2154,1,0,187.184,0
2,2052,2162,1,0,174.751,0
2,2053,2170,1,0,193.81700000000001,0
2,2054,2178,1,0,181.19300000000001,0
2,2055,2186,1,0,166.256,0
2,2056,2194,1,0,145.71600000000001,0
2,2057,2202,1,0,166.947,0
2,2058,2210,1,0,181.36699999999999,0
2,2059,2218,1,0,187.62,0
2,2060,2226,1,0,144.75899999999999,0
2,2061,2234,1,0,200.41499999999999,0
2,2062,2242,1,0,176.14599999999999,0
2,2063,2250,1,0,168.828,0
2,2064,2258,1,0,129.48599999999999,0
2,2065,2266,1,0,193.84700000000001,0
2,2066,2274,1,0,190.374,0
2,2067,2282,1,0,152.67599999999999,0
2,2068,2290,1,0,183.214,0
2,2069,2298,1,0,202.78299999999999,0
2,2070,2306,1,0,185.40000000000001,0
2,2071,2314,1,0,151.142,0
2,2072,2322,1,0,155.89599999999999,0
2,2073,2330,1,0,173.75999999999999,0
2,2074,2338,1,0,175.667,0
2,2075,2346,1,0,172.96199999999999,0
2,2076,2354,1,0,212.62,0
2,2077,2362,1,0,169.233,0
2,2078,2370,1,0,179.791,0
2,2079,2378,1,0,189.75899999999999,0
2,2080,2386,1,0,179.113,0
2,2081,2394,1,0,188.18199999999999,0
2,2082,2402,1,0,158.393,0
2,2083,2410,1,0,139.10400000000001,0
2,2084,2418,1,0,155.07900000000001,0
2,2085,2426,1,0,148.46100000000001,0
2,2086,2434,1,0,171.029,0
2,2087,2442,1,0,187.208,0
2,2088,2450,1,0,193.94300000000001,0
2,2089,2458,1,0,155.64400000000001,0
2,2090,2466,1,0,161.072,0
2,2091,2474,1,0,152.61000000000001,0
2,2092,2482,1,0,175.13399999999999,0
2,2093,2490,1,0,165.63399999999999,0
2,2094,2498,1,0,186.036,0
2,2095,2506,1,0,177.48400000000001,0
2,2096,2514,1,0,173.71700000000001,0
2,2097,2522,1,0,172.89599999999999,0
2,2098,2530,1,0,191.38999999999999,0
2,2099,2538,1,0,166.12700000000001,0
2,2100,2546,1,0,186.59,0
2,2101,2554,1,0,144.471,0
2,2102,2562,1,0,147.60599999999999,0
2,2103,2570,1,0,189.34999999999999,0
2,2104,2578,1,0,125.74299999999999,0
2,2105,2586,1,0,188.68600000000001,0
2,2106,2594,1,0,192.80600000000001,0
2,2107,2602,1,0,191.78,0
2,2108,2610,1,0,183.06800000000001,0
2,2109,2618,1,0,191.19,0
2,2110,2626,1,0,201.61799999999999,0
2,2111,2634,1,0,189.54400000000001,0
2,2112,2642,1,0,230.738,0
2,2113,2650,1,0,204.04400000000001,0
2,2114,2658,1,0,144.03299999999999,0
2,2115,2666,1,0,172.661,0
2,2116,2674,1,0,162.298,0
2,2117,2682,1,0,184.34700000000001,0
2,2118,2690,1,0,141.34100000000001,0
2,2119,2698,1,0,191.89099999999999,0
2,2120,2706,1,0,166.01400000000001,0
2,2121,2714,1,0,193.48099999999999,0
2,2122,2722,1,0,188.81299999999999,0
2,2123,2730,1,0,192.964,0
2,2124,2738,1,0,210.92599999999999,0
2,2125,2746,1,0,185.98099999999999,0
2,2126,2754,1,0,180.66300000000001,0
2,2127,2762,1,0,179.256,0
2,2128,2770,1,0,190.733,0
2,2129,2778,1,0,174.30500000000001,0
2,2130,2786,1,0,173.37899999999999,0
2,2131,2794,1,0,176.554,0
2,2132,2802,1,0,176.376,0
2,2133,2810,1,0,168.476,0
2,2134,2818,1,0,163.696,0
2,2135,2826,1,0,151.07900000000001,0
2,2136,2834,1,0,181.75700000000001,0
2,2137,2842,1,0,177.351,0
2,2138,2850,1,0,152.52099999999999,0
2,2139,2858,1,0,179.02699999999999,0
2,2140,2866,1,0,173.88800000000001,0
2,2141,2874,1,0,164.661,0
2,2142,2882,1,0,147.27000000000001,0
2,2143,2890,1,0,178.958,0
2,2144,2898,1,0,187.44,0
2,2145,2906,1,0,173.00299999999999,0
2,2146,2914,1,0,162.197,0
2,2147,2922,1,0,180.804,0
2,2148,2930,1,0,182.53200000000001,0
2,2149,2938,1,0,126.774,0
2,2150,2946,1,0,172.20699999999999,0
2,2151,2954,1,0,163.95500000000001,0
2,2152,2962,1,0,201.54499999999999,0
2,2153,2970,1,0,187.881,0
2,2154,2978,1,0,187.221,0
2,2155,2986,1,0,180.309,0
2,2156,2994,1,0,189.63,0
2,2157,3002,1,0,207.05799999999999,0
2,2158,3010,1,0,203.226,0
2,2159,3018,1,0,176.10499999999999,0
2,2160,3026,1,0,183.971,0
2,2161,3034,1,0,171.13200000000001,0
2,2162,3042,1,0,172.34899999999999,0
2,2163,3050,1,0,162.95400000000001,0
2,2164,3058,1,0,137.54499999999999,0
2,2165,3066,1,0,166.62,0
2,2166,3074,1,0,204.947,0
2,2167,3082,1,0,171.411,0
2,2168,3090,1,0,198.583,0
2,2169,3098,1,0,137.381,0
2,2170,3106,1,0,156.30500000000001,0
2,2171,3114,1,0,175.72900000000001,0
2,2172,3122,1,0,168.06800000000001,0
2,2173,3130,1,0,174.06999999999999,0
2,2174,3138,1,0,176.89099999999999,0
2,2175,3146,1,0,212.30199999999999,0
2,2176,3154,1,0,174.584,0
2,2177,3162,1,0,163.74700000000001,0
2,2178,3170,1,0,199.31299999999999,0
2,2179,3178,1,0,211.65899999999999,0
2,2180,3186,1,0,142.57400000000001,0
2,2181,3194,1,0,187.214,0
2,2182,3202,1,0,185.97800000000001,0
2,2183,3210,1,0,119.52,0
2,2184,3218,1,0,176.74000000000001,0
2,2185,3226,1,0,165.68600000000001,0
2,2186,3234,1,0,178.92099999999999,0
2,2187,3242,1,0,191.43799999999999,0
2,2188,3250,1,0,203.77799999999999,0
2,2189,3258,1,0,174.398,0
2,2190,3266,1,0,184.43799999999999,0
2,2191,3274,1,0,177.56800000000001,0
2,2192,3282,1,0,177.83799999999999,0
2,2193,3290,1,0,152.92500000000001,0
2,2194,3298,1,0,150.07400000000001,0
2,2195,3306,1,0,183.12700000000001,0
2,2196,3314,1,0,219.63300000000001,0
2,2197,3322,1,0,188.499,0
2,2198,3330,1,0,194.489,0
2,2199,3338,1,0,189.90100000000001,0
2,2200,3346,1,0,193.19800000000001,0
2,2201,3354,1,0,180.809,0
2,2202,3362,1,0,162.04900000000001,0
2,2203,3370,1,0,191.35599999999999,0
2,2204,3378,1,0,192.042,0
2,2205,3386,1,0,179.595,0
2,2206,3394,1,0,203.90000000000001,0
2,2207,3402,1,0,163.511,0
2,2208,3410,1,0,196.72300000000001,0
2,2209,3418,1,0,170.57599999999999,0
2,2210,3426,1,0,184.39099999999999,0
2,2211,3434,1,0,194.072,0
2,2212,3442,1,0,173.18600000000001,0
2,2213,3450,1,0,173.55600000000001,0
2,2214,3458,1,0,183.99000000000001,0
2,2215,3466,1,0,132.93899999999999,0
2,2216,3474,1,0,164.09,0
2,2217,3482,1,0,151.56,0
2,2218,3490,1,0,178.387,0
2,2219,3498,1,0,187.827,0
2,2220,3506,1,0,170.006,0
2,2221,3514,1,0,183.41499999999999,0
2,2222,3522,1,0,171.893,0
2,2223,3530,1,0,196.84399999999999,0
2,2224,3538,1,0,155.17699999999999,0
2,2225,3546,1,0,193.37700000000001,0
2,2226,3554,1,0,154.57599999999999,0
2,2227,3562,1,0,201.149,0
2,2228,3570,1,0,162.91499999999999,0
2,2229,3578,1,0,164.20599999999999,0
2,2230,3586,1,0,183.65000000000001,0
2,2231,3594,1,0,177.28399999999999,0
2,2232,3602,1,0,187.46100000000001,0
2,2233,3610,1,0,196.053,0
2,2234,3618,1,0,179.27199999999999,0
2,2235,3626,1,0,172.17099999999999,0
2,2236,3634,1,0,156.69399999999999,0
2,2237,3642,1,0,167.64099999999999,0
2,2238,3650,1,0,187.85900000000001,0
2,2239,3658,1,0,163.57400000000001,0
2,2240,3666,1,0,181.16499999999999,0
2,2241,3674,1,0,193.31,0
2,2242,3682,1,0,196.738,0
2,2243,3690,1,0,186.66,0
2,2244,3698,1,0,160.59200000000001,0
2,2245,3706,1,0,180.72300000000001,0
2,2246,3714,1,0,171.494,0
2,2247,3722,1,0,174.54499999999999,0
2,2248,3730,1,0,189.685,0
2,2249,3738,1,0,167.994,0
2,2250,3746,1,0,190.833,0
2,2251,3754,1,0,184.15299999999999,0
2,2252,3762,1,0,187.20400000000001,0
2,2253,3770,1,0,195.03299999999999,0
2,2254,3778,1,0,167.434,0
2,2255,3786,1,0,152.99700000000001,0
2,2256,3794,1,0,157.66200000000001,0
2,2257,3802,1,0,194.476,0
2,2258,3810,1,0,173.72900000000001,0
2,2259,3818,1,0,199.36500000000001,0
2,2260,3826,1,0,184.72999999999999,0
2,2261,3834,1,0,198.94399999999999,0
2,2262,3842,1,0,176.31399999999999,0
2,2263,3850,1,0,156.209,0
2,2264,3858,1,0,162.03200000000001,0
2,2265,3866,1,0,179.63499999999999,0
2,2266,3874,1,0,193.33199999999999,0
2,2267,3882,1,0,203.69800000000001,0
2,2268,3890,1,0,178.952,0
2,2269,3898,1,0,193.35300000000001,0
2,2270,3906,1,0,196.80000000000001,0
2,2271,3914,1,0,150.83199999999999,0
2,2272,3922,1,0,178.90899999999999,0
2,2273,3930,1,0,192.643,0
2,2274,3938,1,0,158.97200000000001,0
2,2275,3946,1,0,206.79400000000001,0
2,2276,3954,1,0,157.29400000000001,0
2,2277,3962,1,0,171.83099999999999,0
2,2278,3970,1,0,191.62100000000001,0
2,2279,3978,1,0,171.245,0
2,2280,3986,1,0,169.45500000000001,0
2,2281,3994,1,0,222.20500000000001,0
2,2282,4002,1,0,174.30000000000001,0
2,2283,4010,1,0,130.30799999999999,0
2,2284,4018,1,0,180.666,0
2,2285,4026,1,0,171.21199999999999,0
2,2286,4034,1,0,191.476,0
2,2287,4042,1,0,162.40600000000001,0
2,2288,4050,1,0,154.83099999999999,0
2,2289,4058,1,0,175.73500000000001,0
2,2290,4066,1,0,171.69,0
2,2291,4074,1,0,167.25999999999999,0
2,2292,4082,1,0,173.87100000000001,0
2,2293,4090,1,0,197.41900000000001,0
2,2294,4098,1,0,191.14599999999999,0
2,2295,4106,1,0,191.947,0
2,2296,4114,1,0,147.24600000000001,0
2,2297,4122,1,0,176.654,0
2,2298,4130,1,0,198.399,0
2,2299,4138,1,0,165.31200000000001,0
2,2300,4146,1,0,199.04900000000001,0
2,2301,4154,1,0,165.178,0
2,2302,4162,1,0,170.54599999999999,0
2,2303,4170,1,0,173.71199999999999,0
2,2304,4178,1,0,137.72300000000001,0
2,2305,4186,1,0,165.69,0
2,2306,4194,1,0,180.59299999999999,0
2,2307,4202,1,0,200.928,0
2,2308,4210,1,0,196.059,0
2,2309,4218,1,0,127.256,0
2,2310,4226,1,0,188.529,0
2,2311,4234,1,0,171.16,0
2,2312,4242,1,0,132.43700000000001,0
2,2313,4250,1,0,192.58699999999999,0
2,2314,4258,1,0,187.04900000000001,0
2,2315,4266,1,0,191.44900000000001,0
2,2316,4274,1,0,162.97499999999999,0
2,2317,4282,1,0,184.46299999999999,0
2,2318,4290,1,0,184.66300000000001,0
2,2319,4298,1,0,183.84999999999999,0
2,2320,4306,1,0,183.34100000000001,0
2,2321,4314,1,0,163.46000000000001,0
2,2322,4322,1,0,128.25,0
2,2323,4330,1,0,153.042,0
2,2324,4338,1,0,161.06800000000001,0
2,2325,4346,1,0,145.30600000000001,0
2,2326,4354,1,0,154.56200000000001,0
2,2327,4362,1,0,181.001,0
2,2328,4370,1,0,144.47399999999999,0
2,2329,4378,1,0,174.423,0
2,2330,4386,1,0,171.59899999999999,0
2,2331,4394,1,0,148.696,0
2,2332,4402,1,0,171.10900000000001,0
2,2333,4410,1,0,191.50999999999999,0
2,2334,4418,1,0,176.92099999999999,0
2,2335,4426,1,0,162.42500000000001,0
2,2336,4434,1,0,175.26400000000001,0
2,2337,4442,1,0,192.839,0
2,2338,4450,1,0,171.70699999999999,0
2,2339,4458,1,0,158.327,0
2,2340,4466,1,0,188.053,0
2,2341,4474,1,0,167.488,0
2,2342,4482,1,0,178.93899999999999,0
2,2343,4490,1,0,156.16399999999999,0
2,2344,4498,1,0,180.95400000000001,0
2,2345,4506,1,0,189.45099999999999,0
2,2346,4514,1,0,156.49299999999999,0
2,2347,4522,1,0,197.91399999999999,0
2,2348,4530,1,0,185.678,0
2,2349,4538,1,0,171.387,0
2,2350,4546,1,0,161.416,0
2,2351,4554,1,0,191.089,0
2,2352,4562,1,0,171.99299999999999,0
2,2353,4570,1,0,183.19900000000001,0
2,2354,4578,1,0,160.33500000000001,0
2,2355,4586,1,0,132.255,0
2,2356,4594,1,0,176.423,0
2,2357,4602,1,0,156.46000000000001,0
2,2358,4610,1,0,193.32599999999999,0
2,2359,4618,1,0,179.29300000000001,0
2,2360,4626,1,0,193.26499999999999,0
2,2361,4634,1,0,146.917,0
2,2362,4642,1,0,204.214,0
2,2363,4650,1,0,175.273,0
2,2364,4658,1,0,160.51900000000001,0
2,2365,4666,1,0,136.084,0
2,2366,4674,1,0,205.72900000000001,0
2,2367,4682,1,0,186.81100000000001,0
2,2368,4690,1,0,168.66900000000001,0
2,2369,4698,1,0,214.99299999999999,0
2,2370,4706,1,0,175.25299999999999,0
2,2371,4714,1,0,179.941,0
2,2372,4722,1,0,154.75200000000001,0
2,2373,4730,1,0,171.804,0
2,2374,4738,1,0,175.40299999999999,0
2,2375,4746,1,0,178.05099999999999,0
2,2376,4754,1,0,134.459,0
2,2377,4762,1,0,186.41999999999999,0
2,2378,4770,1,0,176.32300000000001,0
2,2379,4778,1,0,156.82400000000001,0
2,2380,4786,1,0,194.45500000000001,0
2,2381,4794,1,0,149.67500000000001,0
2,2382,4802,1,0,166.09,0
2,2383,4810,1,0,159.76499999999999,0
2,2384,4818,1,0,185.23400000000001,0
2,2385,4826,1,0,146.97499999999999,0
2,2386,4834,1,0,182.15199999999999,0
2,2387,4842,1,0,194.75999999999999,0
2,2388,4850,1,0,179.56100000000001,0
2,2389,4858,1,0,188.065,0
2,2390,4866,1,0,185.721,0
2,2391,4874,1,0,163.79300000000001,0
2,2392,4882,1,0,191.25700000000001,0
2,2393,4890,1,0,145.87,0
2,2394,4898,1,0,188.19300000000001,0
2,2395,4906,1,0,175.608,0
2,2396,4914,1,0,236.05199999999999,0
2,2397,4922,1,0,187.39599999999999,0
2,2398,4930,1,0,181.27699999999999,0
2,2399,4938,1,0,181.81100000000001,0
2,2400,4946,1,0,183.72200000000001,0
2,2401,4954,1,0,182.72800000000001,0
2,2402,4962,1,0,184.637,0
2,2403,4970,1,0,142.102,0
2,2404,4978,1,0,173.03800000000001,0
2,2405,4986,1,0,190.41,0
2,2406,4994,1,0,197.48699999999999,0
2,2407,5002,1,0,202.24700000000001,0
2,2408,5010,1,0,186.83799999999999,0
2,2409,5018,1,0,170.95599999999999,0
2,2410,5026,1,0,171.87700000000001,0
2,2411,5034,1,0,160.274,0
2,2412,5042,1,0,168.27099999999999,0
2,2413,5050,1,0,188.67699999999999,0
2,2414,5058,1,0,202.66300000000001,0
2,2415,5066,1,0,178.38900000000001,0
2,2416,5074,1,0,161.464,0
2,2417,5082,1,0,183.80500000000001,0
2,2418,5090,1,0,144.62700000000001,0
2,2419,5098,1,0,195.18799999999999,0
2,2420,5106,1,0,188.74799999999999,0
2,2421,5114,1,0,178.48400000000001,0
2,2422,5122,1,0,174.91999999999999,0
2,2423,5130,1,0,173.75,0
2,2424,5138,1,0,160.01599999999999,0
2,2425,5146,1,0,186.08699999999999,0
2,2426,5154,1,0,183.095,0
2,2427,5162,1,0,195.73099999999999,0
2,2428,5170,1,0,188.98599999999999,0
2,2429,5178,1,0,185.559,0
2,2430,5186,1,0,169.93100000000001,0
2,2431,5194,1,0,194.03800000000001,0
2,2432,5202,1,0,171.31899999999999,0
2,2433,5210,1,0,179.53999999999999,0
2,2434,5218,1,0,141.911,0
2,2435,5226,1,0,154.45400000000001,0
2,2436,5234,1,0,187.47499999999999,0
2,2437,5242,1,0,184.72900000000001,0
2,2438,5250,1,0,135.60400000000001,0
2,2439,5258,1,0,201.10300000000001,0
2,2440,5266,1,0,146.59700000000001,0
2,2441,5274,1,0,195.68700000000001,0
2,2442,5282,1,0,172.38900000000001,0
2,2443,5290,1,0,203.51599999999999,0
2,2444,5298,1,0,150.417,0
2,2445,5306,1,0,202.78200000000001,0
2,2446,5314,1,0,184.61699999999999,0
2,2447,5322,1,0,208.131,0
2,2448,5330,1,0,177.38399999999999,0
2,2449,5338,1,0,137.74100000000001,0
2,2450,5346,1,0,213.96799999999999,0
2,2451,5354,1,0,156.40899999999999,0
2,2452,5362,1,0,198.79300000000001,0
2,2453,5370,1,0,184.441,0
2,2454,5378,1,0,166.08199999999999,0
2,2455,5386,1,0,184.173,0
2,2456,5394,1,0,170.16900000000001,0
2,2457,5402,1,0,198.44999999999999,0
2,2458,5410,1,0,188.44200000000001,0
2,2459,5418,1,0,179.81299999999999,0
2,2460,5426,1,0,177.11199999999999,0
2,2461,5434,1,0,162.82900000000001,0
2,2462,5442,1,0,183.036,0
2,2463,5450,1,0,156.923,0
2,2464,5458,1,0,175.78899999999999,0
2,2465,5466,1,0,204.238,0
2,2466,5474,1,0,180.654,0
2,2467,5482,1,0,163.46600000000001,0
2,2468,5490,1,0,168.215,0
2,2469,5498,1,0,173.69399999999999,0
2,2470,5506,1,0,182.488,0
2,2471,5514,1,0,162.21799999999999,0
2,2472,5522,1,0,176.352,0
2,2473,5530,1,0,184.34700000000001,0
2,2474,5538,1,0,165.87700000000001,0
2,2475,5546,1,0,172.589,0
2,2476,5554,1,0,169.28700000000001,0
2,2477,5562,1,0,191.279,0
2,2478,5570,1,0,188.078,0
2,2479,5578,1,0,186.68799999999999,0
2,2480,5586,1,0,165.66399999999999,0
2,2481,5594,1,0,189.30500000000001,0
2,2482,5602,1,0,165.62700000000001,0
2,2483,5610,1,0,191.03700000000001,0
2,2484,5618,1,0,122.88800000000001,0
2,2485,5626,1,0,181.04599999999999,0
2,2486,5634,1,0,184.26499999999999,0
2,2487,5642,1,0,184.12299999999999,0
2,2488,5650,1,0,179.16200000000001,0
2,2489,5658,1,0,169.779,0
2,2490,5666,1,0,149.798,0
2,2491,5674,1,0,185.54300000000001,0
2,2492,5682,1,0,139.286,0
2,2493,5690,1,0,180.72999999999999,0
2,2494,5698,1,0,178.41300000000001,0
2,2495,5706,1,0,149.01499999999999,0
2,2496,5714,1,0,168.91800000000001,0
2,2497,5722,1,0,117.377,0
2,2498,5730,1,0,200.95599999999999,0
2,2499,5738,1,0,155.44300000000001,0
2,2500,5746,1,0,209.786,0
2,2501,5754,1,0,165.345,0
2,2502,5762,1,0,161.28700000000001,0
2,2503,5770,1,0,161.63300000000001,0
2,2504,5778,1,0,162.93799999999999,0
2,2505,5786,1,0,192.18799999999999,0
2,2506,5794,1,0,190.53299999999999,0
2,2507,5802,1,0,175.87899999999999,0
2,2508,5810,1,0,196.714,0
2,2509,5818,1,0,181.81299999999999,0
2,2510,5826,1,0,190.863,0
2,2511,5834,1,0,179.82499999999999,0
2,2512,5842,1,0,193.95099999999999,0
2,2513,5850,1,0,162.58000000000001,0
2,2514,5858,1,0,183.18700000000001,0
2,2515,5866,1,0,192.02799999999999,0
2,2516,5874,1,0,181.32300000000001,0
2,2517,5882,1,0,163.904,0
2,2518,5890,1,0,165.011,0
2,2519,5898,1,0,178.92699999999999,0
2,2520,5906,1,0,191.38800000000001,0
2,2521,5914,1,0,144.01400000000001,0
2,2522,5922,1,0,198.739,0
2,2523,5930,1,0,138.88800000000001,0
2,2524,5938,1,0,185.691,0
2,2525,5946,1,0,192.708,0
2,2526,5954,1,0,208.74600000000001,0
2,2527,5962,1,0,155.08799999999999,0
2,2528,5970,1,0,125.877,0
2,2529,5978,1,0,162.55000000000001,0
2,2530,5986,1,0,190.815,0
2,2531,5994,1,0,168.46799999999999,0
2,2532,6002,1,0,168.203,0
2,2533,6010,1,0,181.25299999999999,0
2,2534,6018,1,0,196.00700000000001,0
2,2535,6026,1,0,219.87,0
2,2536,6034,1,0,149.297,0
2,2537,6042,1,0,190.327,0
2,2538,6050,1,0,125.26300000000001,0
2,2539,6058,1,0,168.37100000000001,0
2,2540,6066,1,0,199.40199999999999,0
2,2541,6074,1,0,168.357,0
2,2542,6082,1,0,186.804,0
2,2543,6090,1,0,192.69200000000001,0
2,2544,6098,1,0,175.61199999999999,0
2,2545,6106,1,0,190.184,0
2,2546,6114,1,0,189.71700000000001,0
2,2547,6122,1,0,207.649,0
2,2548,6130,1,0,195.816,0
2,2549,6138,1,0,160.696,0
2,2550,6146,1,0,195.71199999999999,0
2,2551,6154,1,0,199.72399999999999,0
2,2552,6162,1,0,165.25,0
2,2553,6170,1,0,180.023,0
2,2554,6178,1,0,204.25999999999999,0
2,2555,6186,1,0,152.46100000000001,0
2,2556,6194,1,0,153.49600000000001,0
2,2557,6202,1,0,189.38900000000001,0
2,2558,6210,1,0,198.02500000000001,0
2,2559,6218,1,0,183.09100000000001,0
2,2560,6226,1,0,188.52600000000001,0
2,2561,6234,1,0,190.126,0
2,2562,6242,1,0,197.012,0
2,2563,6250,1,0,189.88999999999999,0
2,2564,6258,1,0,186.101,0
2,2565,6266,1,0,178.845,0
2,2566,6274,1,0,182.45699999999999,0
2,2567,6282,1,0,202.96199999999999,0
2,2568,6290,1,0,181.98099999999999,0
2,2569,6298,1,0,189.09200000000001,0
2,2570,6306,1,0,193.58500000000001,0
2,2571,6314,1,0,179.46899999999999,0
2,2572,6322,1,0,156.971,0
2,2573,6330,1,0,135.59100000000001,0
2,2574,6338,1,0,175.095,0
2,2575,6346,1,0,181.226,0
2,2576,6354,1,0,136.34,0
2,2577,6362,1,0,184.285,0
2,2578,6370,1,0,156.87299999999999,0
2,2579,6378,1,0,185.018,0
2,2580,6386,1,0,167.54499999999999,0
2,2581,6394,1,0,146.05600000000001,0
2,2582,6402,1,0,164.535,0
2,2583,6410,1,0,163.60599999999999,0
2,2584,6418,1,0,187.59200000000001,0
2,2585,6426,1,0,174.214,0
2,2586,6434,1,0,174.14099999999999,0
2,2587,6442,1,0,212.517,0
2,2588,6450,1,0,203.78399999999999,0
2,2589,6458,1,0,129.45500000000001,0
2,2590,6466,1,0,186.24000000000001,0
2,2591,6474,1,0,145.13200000000001,0
2,2592,6482,1,0,168.87799999999999,0
2,2593,6490,1,0,158.697,0
2,2594,6498,1,0,180.22999999999999,0
2,2595,6506,1,0,190.73699999999999,0
2,2596,6514,1,0,178.90299999999999,0
2,2597,6522,1,0,195.89099999999999,0
2,2598,6530,1,0,200.61799999999999,0
2,2599,6538,1,0,200.363,0
2,2600,6546,1,0,147.57599999999999,0
2,2601,6554,1,0,145.97300000000001,0
2,2602,6562,1,0,180.51300000000001,0
2,2603,6570,1,0,198.45400000000001,0
2,2604,6578,1,0,208.75299999999999,0
2,2605,6586,1,0,170.273,0
2,2606,6594,1,0,194.392,0
2,2607,6602,1,0,174.75899999999999,0
2,2608,6610,1,0,184.54499999999999,0
2,2609,6618,1,0,180.423,0
2,2610,6626,1,0,184.31299999999999,0
2,2611,6634,1,0,171.94999999999999,0
2,2612,6642,1,0,184.667,0
2,2613,6650,1,0,180.89500000000001,0
2,2614,6658,1,0,183.75200000000001,0
2,2615,6666,1,0,183.309,0
2,2616,6674,1,0,201.76900000000001,0
2,2617,6682,1,0,195.98400000000001,0
2,2618,6690,1,0,173,0
2,2619,6698,1,0,149.429,0
2,2620,6706,1,0,192.60599999999999,0
2,2621,6714,1,0,191.84800000000001,0
2,2622,6722,1,0,146.542,0
2,2623,6730,1,0,188.00299999999999,0
2,2624,6738,1,0,174.66399999999999,0
2,2625,6746,1,0,110.727,0
2,2626,6754,1,0,181.53999999999999,0
2,2627,6762,1,0,162.07300000000001,0
2,2628,6770,1,0,169.82499999999999,0
2,2629,6778,1,0,176.53999999999999,0
2,2630,6786,1,0,143.31999999999999,0
2,2631,6794,1,0,196.18299999999999,0
2,2632,6802,1,0,162.768,0
2,2633,6810,1,0,186.63399999999999,0
2,2634,6818,1,0,195.64400000000001,0
2,2635,6826,1,0,172.80500000000001,0
2,2636,6834,1,0,187.15700000000001,0
2,2637,6842,1,0,168.68799999999999,0
2,2638,6850,1,0,210.24799999999999,0
2,2639,6858,1,0,130.83500000000001,0
2,2640,6866,1,0,156.155,0
2,2641,6874,1,0,181.07900000000001,0
2,2642,6882,1,0,163.74000000000001,0
2,2643,6890,1,0,211.01900000000001,0
2,2644,6898,1,0,171.18199999999999,0
2,2645,6906,1,0,172.93899999999999,0
2,2646,6914,1,0,171.13900000000001,0
2,2647,6922,1,0,196.905,0
2,2648,6930,1,0,170.47300000000001,0
2,2649,6938,1,0,157.53,0
2,2650,6946,1,0,187.517,0
2,2651,6954,1,0,185.86000000000001,0
2,2652,6962,1,0,180.649,0
2,2653,6970,1,0,197.01599999999999,0
2,2654,6978,1,0,170.66800000000001,0
2,2655,6986,1,0,182.08699999999999,0
2,2656,6994,1,0,197.19399999999999,0
2,2657,7002,1,0,190.74799999999999,0
2,2658,7010,1,0,123.652,0
2,2659,7018,1,0,177.92400000000001,0
2,2660,7026,1,0,148.20400000000001,0
2,2661,7034,1,0,156.44,0
2,2662,7042,1,0,126.765,0
2,2663,7050,1,0,167.495,0
2,2664,7058,1,0,177.03700000000001,0
2,2665,7066,1,0,173.066,0
2,2666,7074,1,0,165.52000000000001,0
2,2667,7082,1,0,159.88800000000001,0
2,2668,7090,1,0,183.43899999999999,0
2,2669,7098,1,0,193.054,0
2,2670,7106,1,0,127.489,0
2,2671,7114,1,0,175.221,0
2,2672,7122,1,0,165.23099999999999,0
2,2673,7130,1,0,194.47999999999999,0
2,2674,7138,1,0,185.666,0
2,2675,7146,1,0,185.73500000000001,0
2,2676,7154,1,0,193.83500000000001,0
2,2677,7162,1,0,165.79300000000001,0
2,2678,7170,1,0,171.63499999999999,0
2,2679,7178,1,0,167.624,0
2,2680,7186,1,0,155.34200000000001,0
2,2681,7194,1,0,125.524,0
2,2682,7202,1,0,190.69300000000001,0
2,2683,7210,1,0,184.012,0
2,2684,7218,1,0,175.68700000000001,0
2,2685,7226,1,0,163.56,0
2,2686,7234,1,0,148.74799999999999,0
2,2687,7242,1,0,186.71000000000001,0
2,2688,7250,1,0,150.55500000000001,0
2,2689,7258,1,0,175.66800000000001,0
2,2690,7266,1,0,198.798,0
2,2691,7274,1,0,138.25700000000001,0
2,2692,7282,1,0,173.62,0
2,2693,7290,1,0,181.952,0
2,2694,7298,1,0,164.256,0
2,2695,7306,1,0,190.61099999999999,0
2,2696,7314,1,0,174.99199999999999,0
2,2697,7322,1,0,194.31299999999999,0
2,2698,7330,1,0,192.101,0
2,2699,7338,1,0,183.35499999999999,0
2,2700,7346,1,0,191.04599999999999,0
2,2701,7354,1,0,184.304,0
2,2702,7362,1,0,241.322,0
2,2703,7370,1,0,197.39400000000001,0
2,2704,7378,1,0,226.166,0
2,2705,7386,1,0,168.839,0
2,2706,7394,1,0,199.88399999999999,0
2,2707,7402,1,0,186.09200000000001,0
2,2708,7410,1,0,174.79499999999999,0
2,2709,7418,1,0,202.303,0
2,2710,7426,1,0,191.28999999999999,0
2,2711,7434,1,0,180.238,0
2,2712,7442,1,0,204.774,0
2,2713,7450,1,0,176.15100000000001,0
2,2714,7458,1,0,171.898,0
2,2715,7466,1,0,187.07400000000001,0
2,2716,7474,1,0,199.23400000000001,0
2,2717,7482,1,0,197.95699999999999,0
2,2718,7490,1,0,174.25299999999999,0
2,2719,7498,1,0,171.15100000000001,0
2,2720,7506,1,0,203.37899999999999,0
2,2721,7514,1,0,169.81800000000001,0
2,2722,7522,1,0,187.84999999999999,0
2,2723,7530,1,0,153.63900000000001,0
2,2724,7538,1,0,195.69300000000001,0
2,2725,7546,1,0,185.797,0
2,2726,7554,1,0,195.595,0
2,2727,7562,1,0,183.46700000000001,0
2,2728,7570,1,0,199.774,0
2,2729,7578,1,0,216.87899999999999,0
2,2730,7586,1,0,159.46299999999999,0
2,2731,7594,1,0,205.524,0
2,2732,7602,1,0,173.184,0
2,2733,7610,1,0,159.88200000000001,0
2,2734,7618,1,0,181.02000000000001,0
2,2735,7626,1,0,193.553,0
2,2736,7634,1,0,182.25899999999999,0
2,2737,7642,1,0,174.77000000000001,0
2,2738,7650,1,0,207.30600000000001,0
2,2739,7658,1,0,194.209,0
2,2740,7666,1,0,187.10499999999999,0
2,2741,7674,1,0,182.06100000000001,0
2,2742,7682,1,0,184.07599999999999,0
2,2743,7690,1,0,175.82300000000001,0
2,2744,7698,1,0,161.62299999999999,0
2,2745,7706,1,0,161.38999999999999,0
2,2746,7714,1,0,184.53700000000001,0
2,2747,7722,1,0,184.374,0
2,2748,7730,1,0,193.49100000000001,0
2,2749,7738,1,0,182.398,0
2,2750,7746,1,0,159.11799999999999,0
2,2751,7754,1,0,149.74000000000001,0
2,2752,7762,1,0,176.363,0
2,2753,7770,1,0,134.90199999999999,0
2,2754,7778,1,0,217.15100000000001,0
2,2755,7786,1,0,158.637,0
2,2756,7794,1,0,218.90199999999999,0
2,2757,7802,1,0,209.03,0
2,2758,7810,1,0,149.881,0
2,2759,7818,1,0,179.613,0
2,2760,7826,1,0,119.65900000000001,0
2,2761,7834,1,0,152.292,0
2,2762,7842,1,0,187.95099999999999,0
2,2763,7850,1,0,181.083,0
2,2764,7858,1,0,194.09,0
2,2765,7866,1,0,187.35300000000001,0
2,2766,7874,1,0,185.167,0
2,2767,7882,1,0,180.976,0
2,2768,7890,1,0,187.25399999999999,0
2,2769,7898,1,0,186.185,0
2,2770,7906,1,0,154.60599999999999,0
2,2771,7914,1,0,145.92699999999999,0
2,2772,7922,1,0,192.56,0
2,2773,7930,1,0,202.233,0
2,2774,7938,1,0,170.11000000000001,0
2,2775,7946,1,0,172.94,0
2,2776,7954,1,0,212.29900000000001,0
2,2777,7962,1,0,140.26900000000001,0
2,2778,7970,1,0,155.66300000000001,0
2,2779,7978,1,0,160.035,0
2,2780,7986,1,0,199.50200000000001,0
2,2781,7994,1,0,170.614,0
2,2782,8002,1,0,130.636,0
2,2783,8010,1,0,188.68799999999999,0
2,2784,8018,1,0,151.05000000000001,0
2,2785,8026,1,0,194.52699999999999,0
2,2786,8034,1,0,175.30600000000001,0
2,2787,8042,1,0,151.29400000000001,0
2,2788,8050,1,0,188.43299999999999,0
2,2789,8058,1,0,210.21199999999999,0
2,2790,8066,1,0,147.71799999999999,0
2,2791,8074,1,0,164.00399999999999,0
2,2792,8082,1,0,143.858,0
2,2793,8090,1,0,188.35300000000001,0
2,2794,8098,1,0,189.25,0
2,2795,8106,1,0,162.667,0
2,2796,8114,1,0,176.82300000000001,0
2,2797,8122,1,0,174.92599999999999,0
2,2798,8130,1,0,183.88999999999999,0
2,2799,8138,1,0,152.946,0
2,2800,8146,1,0,163.679,0
2,2801,8154,1,0,199.322,0
2,2802,8162,1,0,120.968,0
2,2803,8170,1,0,188.178,0
2,2804,8178,1,0,194.30699999999999,0
2,2805,8186,1,0,167.93899999999999,0
2,2806,8194,1,0,188.96000000000001,0
2,2807,8202,1,0,192.56100000000001,0
2,2808,8210,1,0,185.321,0
2,2809,8218,1,0,201.08699999999999,0
2,2810,8226,1,0,178.46700000000001,0
2,2811,8234,1,0,184.131,0
2,2812,8242,1,0,172.00800000000001,0
2,2813,8250,1,0,205.95699999999999,0
2,2814,8258,1,0,212.39099999999999,0
2,2815,8266,1,0,293.04000000000002,0
2,2816,8274,1,0,161.453,0
2,2817,8282,1,0,188.53200000000001,0
2,2818,8290,1,0,173.601,0
2,2819,8298,1,0,156.327,0
2,2820,8306,1,0,181.761,0
2,2821,8314,1,0,194.768,0
2,2822,8322,1,0,176.21799999999999,0
2,2823,8330,1,0,184.334,0
2,2824,8338,1,0,156.11000000000001,0
2,2825,8346,1,0,188.797,0
2,2826,8354,1,0,141.5,0
2,2827,8362,1,0,192.095,0
2,2828,8370,1,0,142.53399999999999,0
2,2829,8378,1,0,175.95400000000001,0
2,2830,8386,1,0,184.678,0
2,2831,8394,1,0,199.90799999999999,0
2,2832,8402,1,0,201.78899999999999,0
2,2833,8410,1,0,192.64599999999999,0
2,2834,8418,1,0,198.14400000000001,0
2,2835,8426,1,0,174.553,0
2,2836,8434,1,0,182.773,0
2,2837,8442,1,0,186.62200000000001,0
2,2838,8450,1,0,189.953,0
2,2839,8458,1,0,189.66900000000001,0
2,2840,8466,1,0,180.77699999999999,0
2,2841,8474,1,0,143.28899999999999,0
2,2842,8482,1,0,172.59700000000001,0
2,2843,8490,1,0,182.083,0
2,2844,8498,1,0,135.94999999999999,0
2,2845,8506,1,0,176.11199999999999,0
2,2846,8514,1,0,196.12200000000001,0
2,2847,8522,1,0,163.61199999999999,0
2,2848,8530,1,0,182.11799999999999,0
2,2849,8538,1,0,172.02199999999999,0
2,2850,8546,1,0,191.494,0
2,2851,8554,1,0,193.71000000000001,0
2,2852,8562,1,0,169.035,0
2,2853,8570,1,0,167.65000000000001,0
2,2854,8578,1,0,194.95099999999999,0
2,2855,8586,1,0,178.29499999999999,0
2,2856,8594,1,0,193.65899999999999,0
2,2857,8602,1,0,185.95099999999999,0
2,2858,8610,1,0,196.452,0
2,2859,8618,1,0,178.143,0
2,2860,8626,1,0,165.21899999999999,0
2,2861,8634,1,0,195.33600000000001,0
2,2862,8642,1,0,188.80799999999999,0
2,2863,8650,1,0,179.36000000000001,0
2,2864,8658,1,0,183.976,0
2,2865,8666,1,0,193.73599999999999,0
2,2866,8674,1,0,198.136,0
2,2867,8682,1,0,202.148,0
2,2868,8690,1,0,181.04300000000001,0
2,2869,8698,1,0,139.44200000000001,0
2,2870,8706,1,0,175.77000000000001,0
2,2871,8714,1,0,155.11099999999999,0
2,2872,8722,1,0,180.928,0
2,2873,8730,1,0,181.59299999999999,0
2,2874,8738,1,0,218.34899999999999,0
2,2875,8746,1,0,188.09700000000001,0
2,2876,8754,1,0,139.60900000000001,0
2,2877,8762,1,0,215.00299999999999,0
2,2878,8770,1,0,194.54599999999999,0
2,2879,8778,1,0,161.41399999999999,0
2,2880,8786,1,0,123.458,0
2,2881,8794,1,0,165.798,0
2,2882,8802,1,0,186.422,0
2,2883,8810,1,0,188.035,0
2,2884,8818,1,0,141.52199999999999,0
2,2885,8826,1,0,176.738,0
2,2886,8834,1,0,195.971,0
2,2887,8842,1,0,183.89599999999999,0
2,2888,8850,1,0,135.83600000000001,0
2,2889,8858,1,0,201.71000000000001,0
2,2890,8866,1,0,167.21899999999999,0
2,2891,8874,1,0,145.66800000000001,0
2,2892,8882,1,0,187.346,0
2,2893,8890,1,0,207.03399999999999,0
2,2894,8898,1,0,208.114,0
2,2895,8906,1,0,192.71700000000001,0
2,2896,8914,1,0,189.25200000000001,0
2,2897,8922,1,0,178.09100000000001,0
2,2898,8930,1,0,179.76300000000001,0
2,2899,8938,1,0,207.857,0
2,2900,8946,1,0,187.13399999999999,0
2,2901,8954,1,0,209.953,0
2,2902,8962,1,0,229.672,0
2,2903,8970,1,0,190.44999999999999,0
2,2904,8978,1,0,201.995,0
2,2905,8986,1,0,186.809,0
2,2906,8994,1,0,184.785,0
2,2907,9002,1,0,183.904,0
2,2908,9010,1,0,177.41,0
2,2909,9018,1,0,188.446,0
2,2910,9026,1,0,144.01599999999999,0
2,2911,9034,1,0,175.38800000000001,0
2,2912,9042,1,0,177.215,0
2,2913,9050,1,0,186.43000000000001,0
2,2914,9058,1,0,202.73500000000001,0
2,2915,9066,1,0,179.34999999999999,0
2,2916,9074,1,0,156.43000000000001,0
2,2917,9082,1,0,206.19399999999999,0
2,2918,9090,1,0,184.49000000000001,0
2,2919,9098,1,0,184.89699999999999,0
2,2920,9106,1,0,153.69800000000001,0
2,2921,9114,1,0,171.41999999999999,0
2,2922,9122,1,0,183.19499999999999,0
2,2923,9130,1,0,191.90700000000001,0
2,2924,9138,1,0,178.887,0
2,2925,9146,1,0,168.33799999999999,0
2,2926,9154,1,0,135.63399999999999,0
2,2927,9162,1,0,147.494,0
2,2928,9170,1,0,188.80799999999999,0
2,2929,9178,1,0,174.292,0
2,2930,9186,1,0,143.44,0
2,2931,9194,1,0,206.005,0
2,2932,9202,1,0,166.88300000000001,0
2,2933,9210,1,0,173.16499999999999,0
2,2934,9218,1,0,178.36600000000001,0
2,2935,9226,1,0,182.82599999999999,0
2,2936,9234,1,0,173.702,0
2,2937,9242,1,0,182.18299999999999,0
2,2938,9250,1,0,193.27600000000001,0
2,2939,9258,1,0,159.12200000000001,0
2,2940,9266,1,0,148.34299999999999,0
2,2941,9274,1,0,176.43100000000001,0
2,2942,9282,1,0,120.42,0
2,2943,9290,1,0,181.01900000000001,0
2,2944,9298,1,0,188.42400000000001,0
2,2945,9306,1,0,168.43000000000001,0
2,2946,9314,1,0,162.06999999999999,0
2,2947,9322,1,0,186.64500000000001,0
2,2948,9330,1,0,140.79599999999999,0
2,2949,9338,1,0,183.41999999999999,0
2,2950,9346,1,0,167.76599999999999,0
2,2951,9354,1,0,177.435,0
2,2952,9362,1,0,201.59800000000001,0
2,2953,9370,1,0,153.626,0
2,2954,9378,1,0,176.86000000000001,0
2,2955,9386,1,0,144.27099999999999,0
2,2956,9394,1,0,191.15299999999999,0
2,2957,9402,1,0,182.59999999999999,0
2,2958,9410,1,0,216.66200000000001,0
2,2959,9418,1,0,176.04900000000001,0
2,2960,9426,1,0,183.80000000000001,0
2,2961,9434,1,0,190.61099999999999,0
2,2962,9442,1,0,168.79300000000001,0
2,2963,9450,1,0,163.036,0
2,2964,9458,1,0,162.542,0
2,2965,9466,1,0,190.119,0
2,2966,9474,1,0,174.14500000000001,0
2,2967,9482,1,0,173.352,0
2,2968,9490,1,0,173.107,0
2,2969,9498,1,0,177.36500000000001,0
2,2970,9506,1,0,162.99700000000001,0
2,2971,9514,1,0,162.81999999999999,0
2,2972,9522,1,0,179.941,0
2,2973,9530,1,0,144.24199999999999,0
2,2974,9538,1,0,206.60300000000001,0
2,2975,9546,1,0,189.702,0
2,2976,9554,1,0,164.56100000000001,0
2,2977,9562,1,0,178.16800000000001,0
2,2978,9570,1,0,206.66900000000001,0
2,2979,9578,1,0,178.30199999999999,0
2,2980,9586,1,0,137.68199999999999,0
2,2981,9594,1,0,149.34299999999999,0
2,2982,9602,1,0,155.69,0
2,2983,9610,1,0,187.90299999999999,0
2,2984,9618,1,0,178.91300000000001,0
2,2985,9626,1,0,159.322,0
2,2986,9634,1,0,166.322,0
2,2987,9642,1,0,167.72900000000001,0
2,2988,9650,1,0,164.40000000000001,0
2,2989,9658,1,0,153.16200000000001,0
2,2990,9666,1,0,159.26300000000001,0
2,2991,9674,1,0,183.773,0
2,2992,9682,1,0,201.86600000000001,0
2,2993,9690,1,0,199.49600000000001,0
2,2994,9698,1,0,163.07400000000001,0
2,2995,9706,1,0,160.80000000000001,0
2,2996,9714,1,0,169.953,0
2,2997,9722,1,0,177.113,0
2,2998,9730,1,0,172.17099999999999,0
2,2999,9738,1,0,187.64699999999999,0
2,3000,9746,1,0,186.208,0
2,3001,9754,1,0,165.15199999999999,0
2,3002,9762,1,0,176.626,0
2,3003,9770,1,0,170.08199999999999,0
2,3004,9778,1,0,199.88399999999999,0
2,3005,9786,1,0,173.36799999999999,0
2,3006,9794,1,0,196.398,0
2,3007,9802,1,0,165.959,0
2,3008,9810,1,0,186.70699999999999,0
2,3009,9818,1,0,177.17599999999999,0
2,3010,9826,1,0,191.053,0
2,3011,9834,1,0,147.26599999999999,0
2,3012,9842,1,0,184.358,0
2,3013,9850,1,0,167.50700000000001,0
2,3014,9858,1,0,188.142,0
2,3015,9866,1,0,210.78899999999999,0
2,3016,9874,1,0,180.256,0
2,3017,9882,1,0,161.93600000000001,0
2,3018,9890,1,0,150.07300000000001,0
2,3019,9898,1,0,169.74799999999999,0
2,3020,9906,1,0,178.49799999999999,0
2,3021,9914,1,0,163.22200000000001,0
2,3022,9922,1,0,162.84700000000001,0
2,3023,9930,1,0,152.41800000000001,0
2,3024,9938,1,0,148.434,0
2,3025,9946,1,0,209.34100000000001,0
2,3026,9954,1,0,195.333,0
2,3027,9962,1,0,184.465,0
2,3028,9970,1,0,198.697,0
2,3029,9978,1,0,199.13200000000001,0
2,3030,9986,1,0,184.887,0
2,3031,9994,1,0,170.38499999999999,0
2,3032,10002,1,0,190.477,0
2,3033,10010,1,0,197.64699999999999,0
2,3034,10018,1,0,173.30500000000001,0
2,3035,10026,1,0,192.94399999999999,0
2,3036,10034,1,0,163.43199999999999,0
2,3037,10042,1,0,208.374,0
2,3038,10050,1,0,178.04300000000001,0
2,3039,10058,1,0,199.72900000000001,0
2,3040,10066,1,0,143.03700000000001,0
2,3041,10074,1,0,197.626,0
2,3042,10082,1,0,128.011,0
2,3043,10090,1,0,214.09700000000001,0
2,3044,10098,1,0,176.102,0
2,3045,10106,1,0,137.03999999999999,0
2,3046,10114,1,0,168.86699999999999,0
2,3047,10122,1,0,178.30099999999999,0
2,3048,10130,1,0,181.834,0
2,3049,10138,1,0,195.28899999999999,0
2,3050,10146,1,0,195.98500000000001,0
2,3051,10154,1,0,161.79300000000001,0
2,3052,10162,1,0,205.21600000000001,0
2,3053,10170,1,0,165.29499999999999,0
2,3054,10178,1,0,184.43799999999999,0
2,3055,10186,1,0,170.77199999999999,0
2,3056,10194,1,0,197.12,0
2,3057,10202,1,0,194.755,0
2,3058,10210,1,0,166.83000000000001,0
2,3059,10218,1,0,195.726,0
2,3060,10226,1,0,164.13900000000001,0
2,3061,10234,1,0,164.94399999999999,0
2,3062,10242,1,0,126.35299999999999,0
2,3063,10250,1,0,166.756,0
2,3064,10258,1,0,123.541,0
2,3065,10266,1,0,195.00800000000001,0
2,3066,10274,1,0,177.82300000000001,0
2,3067,10282,1,0,187.501,0
2,3068,10290,1,0,134.50700000000001,0
2,3069,10298,1,0,191.81,0
2,3070,10306,1,0,200.79400000000001,0
2,3071,10314,1,0,171.18100000000001,0
2,3072,10322,1,0,192.208,0
2,3073,10330,1,0,142.66800000000001,0
2,3074,10338,1,0,186.911,0
2,3075,10346,1,0,127.084,0
2,3076,10354,1,0,156.72300000000001,0
2,3077,10362,1,0,179.72,0
2,3078,10370,1,0,191.78299999999999,0
2,3079,10378,1,0,193.45599999999999,0
2,3080,10386,1,0,155.77699999999999,0
2,3081,10394,1,0,180.50399999999999,0
2,3082,10402,1,0,187.34999999999999,0
2,3083,10410,1,0,191.41900000000001,0
2,3084,10418,1,0,200.33099999999999,0
2,3085,10426,1,0,190.779,0
2,3086,10434,1,0,178.80500000000001,0
2,3087,10442,1,0,208.40000000000001,0
2,3088,10450,1,0,192.114,0
2,3089,10458,1,0,131.30500000000001,0
2,3090,10466,1,0,210.50800000000001,0
2,3091,10474,1,0,192.18700000000001,0
2,3092,10482,1,0,161.23699999999999,0
2,3093,10490,1,0,191.822,0
2,3094,10498,1,0,185.45599999999999,0
2,3095,10506,1,0,196.58799999999999,0
2,3096,10514,1,0,167.56800000000001,0
2,3097,10522,1,0,171.25800000000001,0
2,3098,10530,1,0,186.542,0
2,3099,10538,1,0,217.46600000000001,0
2,3100,10546,1,0,186.02699999999999,0
2,3101,10554,1,0,163.91,0
2,3102,10562,1,0,177.27799999999999,0
2,3103,10570,1,0,150.172,0
2,3104,10578,1,0,174.458,0
2,3105,10586,1,0,187.00200000000001,0
2,3106,10594,1,0,139.98699999999999,0
2,3107,10602,1,0,169.75999999999999,0
2,3108,10610,1,0,174.827,0
2,3109,10618,1,0,173.17599999999999,0
2,3110,10626,1,0,188.46299999999999,0
2,3111,10634,1,0,162.113,0
2,3112,10642,1,0,152.584,0
2,3113,10650,1,0,202.46000000000001,0
2,3114,10658,1,0,179.273,0
2,3115,10666,1,0,190.499,0
2,3116,10674,1,0,185.27799999999999,0
2,3117,10682,1,0,191.16,0
2,3118,10690,1,0,157.233,0
2,3119,10698,1,0,189.93899999999999,0
2,3120,10706,1,0,191.631,0
2,3121,10714,1,0,189.63900000000001,0
2,3122,10722,1,0,185.07300000000001,0
2,3123,10730,1,0,189.88399999999999,0
2,3124,10738,1,0,185.24799999999999,0
2,3125,10746,1,0,188.17500000000001,0
2,3126,10754,1,0,195.464,0
2,3127,10762,1,0,178.62700000000001,0
2,3128,10770,1,0,158.756,0
2,3129,10778,1,0,158.43199999999999,0
2,3130,10786,1,0,162.64500000000001,0
2,3131,10794,1,0,174.864,0
2,3132,10802,1,0,163.72999999999999,0
2,3133,10810,1,0,187.41300000000001,0
2,3134,10818,1,0,152.155,0
2,3135,10826,1,0,160.297,0
2,3136,10834,1,0,192.07599999999999,0
2,3137,10842,1,0,181.029,0
2,3138,10850,1,0,180.93100000000001,0
2,3139,10858,1,0,169.05600000000001,0
2,3140,10866,1,0,200.84200000000001,0
2,3141,10874,1,0,204.61799999999999,0
2,3142,10882,1,0,142.142,0
2,3143,10890,1,0,185.286,0
2,3144,10898,1,0,193.143,0
2,3145,10906,1,0,176.28299999999999,0
2,3146,10914,1,0,161.834,0
2,3147,10922,1,0,119.411,0
2,3148,10930,1,0,187.30699999999999,0
2,3149,10938,1,0,184.89699999999999,0
2,3150,10946,1,0,197.001,0
2,3151,10954,1,0,200.94,0
2,3152,10962,1,0,186.12799999999999,0
2,3153,10970,1,0,214.80500000000001,0
2,3154,10978,1,0,175.92500000000001,0
2,3155,10986,1,0,187.84999999999999,0
2,3156,10994,1,0,171.58600000000001,0
2,3157,11002,1,0,159.77600000000001,0
2,3158,11010,1,0,187.024,0
2,3159,11018,1,0,188.136,0
2,3160,11026,1,0,182.626,0
2,3161,11034,1,0,190.68199999999999,0
2,3162,11042,1,0,163.26900000000001,0
2,3163,11050,1,0,204.38900000000001,0
2,3164,11058,1,0,159.24199999999999,0
2,3165,11066,1,0,189.39500000000001,0
2,3166,11074,1,0,134.65600000000001,0
2,3167,11082,1,0,171.434,0
2,3168,11090,1,0,141.13800000000001,0
2,3169,11098,1,0,188.655,0
2,3170,11106,1,0,192.822,0
2,3171,11114,1,0,157.30099999999999,0
2,3172,11122,1,0,180.691,0
2,3173,11130,1,0,166.81299999999999,0
2,3174,11138,1,0,201.203,0
2,3175,11146,1,0,198.62,0
2,3176,11154,1,0,123.05,0
2,3177,11162,1,0,162.42400000000001,0
2,3178,11170,1,0,162.185,0
2,3179,11178,1,0,160.16,0
2,3180,11186,1,0,169.63800000000001,0
2,3181,11194,1,0,119.38,0
2,3182,11202,1,0,190.71299999999999,0
2,3183,11210,1,0,194.64699999999999,0
2,3184,11218,1,0,181.56899999999999,0
2,3185,11226,1,0,181.74100000000001,0
2,3186,11234,1,0,129.667,0
2,3187,11242,1,0,190.358,0
2,3188,11250,1,0,181.10400000000001,0
2,3189,11258,1,0,193.744,0
2,3190,11266,1,0,187.13800000000001,0
2,3191,11274,1,0,161.357,0
2,3192,11282,1,0,171.995,0
2,3193,11290,1,0,118.121,0
2,3194,11298,1,0,201.488,0
2,3195,11306,1,0,152.77799999999999,0
2,3196,11314,1,0,158.858,0
2,3197,11322,1,0,172.76300000000001,0
2,3198,11330,1,0,166.80000000000001,0
2,3199,11338,1,0,215.30000000000001,0
2,3200,11346,1,0,190.40700000000001,0
2,3201,11354,1,0,155.55199999999999,0
2,3202,11362,1,0,155.113,0
2,3203,11370,1,0,164.55699999999999,0
2,3204,11378,1,0,188.04400000000001,0
2,3205,11386,1,0,161.80699999999999,0
2,3206,11394,1,0,202.529,0
2,3207,11402,1,0,164.69300000000001,0
2,3208,11410,1,0,187.559,0
2,3209,11418,1,0,187.61500000000001,0
2,3210,11426,1,0,174.63900000000001,0
2,3211,11434,1,0,154.29300000000001,0
2,3212,11442,1,0,222.05000000000001,0
2,3213,11450,1,0,178.184,0
2,3214,11458,1,0,193.565,0
2,3215,11466,1,0,177.578,0
2,3216,11474,1,0,181.98599999999999,0
2,3217,11482,1,0,137.184,0
2,3218,11490,1,0,150.28100000000001,0
2,3219,11498,1,0,194.19399999999999,0
2,3220,11506,1,0,185.815,0
2,3221,11514,1,0,134.98599999999999,0
2,3222,11522,1,0,170.52500000000001,0
2,3223,11530,1,0,174.93100000000001,0
2,3224,11538,1,0,170.107,0
2,3225,11546,1,0,179.881,0
2,3226,11554,1,0,197.73599999999999,0
2,3227,11562,1,0,170.08099999999999,0
2,3228,11570,1,0,183.41900000000001,0
2,3229,11578,1,0,190.81200000000001,0
2,3230,11586,1,0,149.31200000000001,0
2,3231,11594,1,0,181.595,0
2,3232,11602,1,0,178.26300000000001,0
2,3233,11610,1,0,215.69,0
2,3234,11618,1,0,125.925,0
2,3235,11626,1,0,195.89099999999999,0
2,3236,11634,1,0,184.94499999999999,0
2,3237,11642,1,0,174.37299999999999,0
2,3238,11650,1,0,143.56200000000001,0
2,3239,11658,1,0,182.44200000000001,0
2,3240,11666,1,0,139.26599999999999,0
2,3241,11674,1,0,187.52600000000001,0
2,3242,11682,1,0,194.155,0
2,3243,11690,1,0,180.852,0
2,3244,11698,1,0,207.02799999999999,0
2,3245,11706,1,0,167.77099999999999,0
2,3246,11714,1,0,151.959,0
2,3247,11722,1,0,179.36000000000001,0
2,3248,11730,1,0,201.24799999999999,0
2,3249,11738,1,0,168.56,0
2,3250,11746,1,0,175.35400000000001,0
2,3251,11754,1,0,174.054,0
2,3252,11762,1,0,179.59100000000001,0
2,3253,11770,1,0,184.167,0
2,3254,11778,1,0,192.065,0
2,3255,11786,1,0,192.06,0
2,3256,11794,1,0,171.22,0
2,3257,11802,1,0,164.48599999999999,0
2,3258,11810,1,0,187.84100000000001,0
2,3259,11818,1,0,161.00800000000001,0
2,3260,11826,1,0,186.035,0
2,3261,11834,1,0,181.33600000000001,0
2,3262,11842,1,0,186.16399999999999,0
2,3263,11850,1,0,173.86199999999999,0
2,3264,11858,1,0,183.839,0
2,3265,11866,1,0,158.886,0
2,3266,11874,1,0,169.602,0
2,3267,11882,1,0,173.28899999999999,0
2,3268,11890,1,0,188.495,0
2,3269,11898,1,0,155.44800000000001,0
2,3270,11906,1,0,168.738,0
2,3271,11914,1,0,190.58500000000001,0
2,3272,11922,1,0,159.05699999999999,0
2,3273,11930,1,0,191.49600000000001,0
2,3274,11938,1,0,195.52799999999999,0
2,3275,11946,1,0,157.417,0
2,3276,11954,1,0,187.78899999999999,0
2,3277,11962,1,0,185.459,0
2,3278,11970,1,0,180.48599999999999,0
2,3279,11978,1,0,192.453,0
2,3280,11986,1,0,166.54599999999999,0
2,3281,11994,1,0,194.94900000000001,0
2,3282,12002,1,0,184.82499999999999,0
2,3283,12010,1,0,198.601,0
2,3284,12018,1,0,189.63499999999999,0
2,3285,12026,1,0,226.28700000000001,0
2,3286,12034,1,0,169.398,0
2,3287,12042,1,0,188.702,0
2,3288,12050,1,0,209.69800000000001,0
2,3289,12058,1,0,172.95699999999999,0
2,3290,12066,1,0,185.66399999999999,0
2,3291,12074,1,0,173.774,0
2,3292,12082,1,0,182.58000000000001,0
2,3293,12090,1,0,169.98099999999999,0
2,3294,12098,1,0,175.67699999999999,0
2,3295,12106,1,0,187.869,0
2,3296,12114,1,0,190.49799999999999,0
2,3297,12122,1,0,213.02099999999999,0
2,3298,12130,1,0,186.58600000000001,0
2,3299,12138,1,0,188.34899999999999,0
2,3300,12146,1,0,181.99799999999999,0
2,3301,12154,1,0,159.44,0
2,3302,12162,1,0,144.876,0
2,3303,12170,1,0,188.226,0
2,3304,12178,1,0,170.25700000000001,0
2,3305,12186,1,0,178.21299999999999,0
2,3306,12194,1,0,188.24600000000001,0
2,3307,12202,1,0,171.851,0
2,3308,12210,1,0,193.02799999999999,0
2,3309,12218,1,0,171.08000000000001,0
2,3310,12226,1,0,179.863,0
2,3311,12234,1,0,178.06999999999999,0
2,3312,12242,1,0,218.31999999999999,0
2,3313,12250,1,0,159.13999999999999,0
2,3314,12258,1,0,172.36799999999999,0
2,3315,12266,1,0,177.63800000000001,0
2,3316,12274,1,0,173.33000000000001,0
2,3317,12282,1,0,190.05000000000001,0
2,3318,12290,1,0,184.047,0
2,3319,12298,1,0,189.58199999999999,0
2,3320,12306,1,0,169.31999999999999,0
2,3321,12314,1,0,142.19900000000001,0
2,3322,12322,1,0,156.84399999999999,0
2,3323,12330,1,0,196.60300000000001,0
2,3324,12338,1,0,148.57599999999999,0
2,3325,12346,1,0,184.148,0
2,3326,12354,1,0,158.636,0
2,3327,12362,1,0,161.02199999999999,0
2,3328,12370,1,0,167.18299999999999,0
2,3329,12378,1,0,185.16200000000001,0
2,3330,12386,1,0,161.99299999999999,0
2,3331,12394,1,0,207.63800000000001,0
2,3332,12402,1,0,238.65600000000001,0
2,3333,12410,1,0,184.77099999999999,0
2,3334,12418,1,0,178.19,0
2,3335,12426,1,0,162.685,0
2,3336,12434,1,0,188.28200000000001,0
2,3337,12442,1,0,149.05500000000001,0
2,3338,12450,1,0,177.137,0
2,3339,12458,1,0,200.30000000000001,0
2,3340,12466,1,0,169.81,0
2,3341,12474,1,0,157.99700000000001,0
2,3342,12482,1,0,155.476,0
2,3343,12490,1,0,186.95599999999999,0
2,3344,12498,1,0,150.06299999999999,0
2,3345,12506,1,0,196.56999999999999,0
2,3346,12514,1,0,176.964,0
2,3347,12522,1,0,170.37700000000001,0
2,3348,12530,1,0,197.613,0
2,3349,12538,1,0,134.06800000000001,0
2,3350,12546,1,0,161.12899999999999,0
2,3351,12554,1,0,188.21600000000001,0
2,3352,12562,1,0,207.72499999999999,0
2,3353,12570,1,0,156.74100000000001,0
2,3354,12578,1,0,178.672,0
2,3355,12586,1,0,184.23699999999999,0
2,3356,12594,1,0,194.04900000000001,0
2,3357,12602,1,0,183.16999999999999,0
2,3358,12610,1,0,172.977,0
2,3359,12618,1,0,179.786,0
2,3360,12626,1,0,196.50299999999999,0
2,3361,12634,1,0,175.37299999999999,0
2,3362,12642,1,0,183.43000000000001,0
2,3363,12650,1,0,215.96700000000001,0
2,3364,12658,1,0,154.435,0
2,3365,12666,1,0,186.43600000000001,0
2,3366,12674,1,0,149.91200000000001,0
2,3367,12682,1,0,138.78299999999999,0
2,3368,12690,1,0,153.79300000000001,0
2,3369,12698,1,0,219.708,0
2,3370,12706,1,0,188.61000000000001,0
2,3371,12714,1,0,171.51599999999999,0
2,3372,12722,1,0,131.989,0
2,3373,12730,1,0,176.624,0
2,3374,12738,1,0,160.02500000000001,0
2,3375,12746,1,0,182.74199999999999,0
2,3376,12754,1,0,184.00800000000001,0
2,3377,12762,1,0,123.01300000000001,0
2,3378,12770,1,0,215.155,0
2,3379,12778,1,0,196.15100000000001,0
2,3380,12786,1,0,160.34800000000001,0
2,3381,12794,1,0,181.119,0
2,3382,12802,1,0,205.172,0
2,3383,12810,1,0,182.22900000000001,0
2,3384,12818,1,0,160.86000000000001,0
2,3385,12826,1,0,172.334,0
2,3386,12834,1,0,203.18000000000001,0
2,3387,12842,1,0,158.99100000000001,0
2,3388,12850,1,0,139.048,0
2,3389,12858,1,0,194.376,0
2,3390,12866,1,0,185.97399999999999,0
2,3391,12874,1,0,163.79300000000001,0
2,3392,12882,1,0,152.09399999999999,0
2,3393,12890,1,0,194.28299999999999,0
2,3394,12898,1,0,193.965,0
2,3395,12906,1,0,180.69399999999999,0
2,3396,12914,1,0,149.71100000000001,0
2,3397,12922,1,0,117.372,0
2,3398,12930,1,0,199.13300000000001,0
2,3399,12938,1,0,166.715,0
2,3400,12946,1,0,184.71100000000001,0
2,3401,12954,1,0,187.459,0
2,3402,12962,1,0,157.79300000000001,0
2,3403,12970,1,0,192.55199999999999,0
2,3404,12978,1,0,203.53299999999999,0
2,3405,12986,1,0,132.71100000000001,0
2,3406,12994,1,0,182.87100000000001,0
2,3407,13002,1,0,201.005,0
2,3408,13010,1,0,141.15600000000001,0
2,3409,13018,1,0,183.20400000000001,0
2,3410,13026,1,0,140.125,0
2,3411,13034,1,0,187.09999999999999,0
2,3412,13042,1,0,183.619,0
2,3413,13050,1,0,202.31700000000001,0
2,3414,13058,1,0,189.03999999999999,0
2,3415,13066,1,0,171.495,0
2,3416,13074,1,0,189.261,0
2,3417,13082,1,0,184.572,0
2,3418,13090,1,0,192.12899999999999,0
2,3419,13098,1,0,194.565,0
2,3420,13106,1,0,161.06899999999999,0
2,3421,13114,1,0,192.68299999999999,0
2,3422,13122,1,0,175.023,0
2,3423,13130,1,0,199.946,0
2,3424,13138,1,0,196.904,0
2,3425,13146,1,0,144.57300000000001,0
2,3426,13154,1,0,212.376,0
2,3427,13162,1,0,193.79900000000001,0
2,3428,13170,1,0,191.429,0
2,3429,13178,1,0,158.726,0
2,3430,13186,1,0,163.68799999999999,0
2,3431,13194,1,0,138.05099999999999,0
2,3432,13202,1,0,175.048,0
2,3433,13210,1,0,165.154,0
2,3434,13218,1,0,201.01599999999999,0
2,3435,13226,1,0,166.86799999999999,0
2,3436,13234,1,0,185.97200000000001,0
2,3437,13242,1,0,176.18299999999999,0
2,3438,13250,1,0,181.19499999999999,0
2,3439,13258,1,0,168.92599999999999,0
2,3440,13266,1,0,203.99000000000001,0
2,3441,13274,1,0,177.15199999999999,0
2,3442,13282,1,0,185.94300000000001,0
2,3443,13290,1,0,177.904,0
2,3444,13298,1,0,191.322,0
2,3445,13306,1,0,176.90700000000001,0
2,3446,13314,1,0,185.47999999999999,0
2,3447,13322,1,0,200.999,0
2,3448,13330,1,0,139.27799999999999,0
2,3449,13338,1,0,189.44300000000001,0
2,3450,13346,1,0,166.761,0
2,3451,13354,1,0,130.25200000000001,0
2,3452,13362,1,0,187.36699999999999,0
2,3453,13370,1,0,180.56299999999999,0
2,3454,13378,1,0,162.11199999999999,0
2,3455,13386,1,0,200.51300000000001,0
2,3456,13394,1,0,190.08799999999999,0
2,3457,13402,1,0,197.512,0
2,3458,13410,1,0,153.57900000000001,0
2,3459,13418,1,0,180.46299999999999,0
2,3460,13426,1,0,212.98699999999999,0
2,3461,13434,1,0,174.25399999999999,0
2,3462,13442,1,0,125.289,0
2,3463,13450,1,0,182.83799999999999,0
2,3464,13458,1,0,178.209,0
2,3465,13466,1,0,190.85599999999999,0
2,3466,13474,1,0,186.803,0
2,3467,13482,1,0,187.55099999999999,0
2,3468,13490,1,0,159.328,0
2,3469,13498,1,0,206.59700000000001,0
2,3470,13506,1,0,118.726,0
2,3471,13514,1,0,161.10599999999999,0
2,3472,13522,1,0,176.83000000000001,0
2,3473,13530,1,0,173.471,0
2,3474,13538,1,0,179.85499999999999,0
2,3475,13546,1,0,175.249,0
2,3476,13554,1,0,170.27000000000001,0
2,3477,13562,1,0,163.11199999999999,0
2,3478,13570,1,0,171.96600000000001,0
2,3479,13578,1,0,189.697,0
2,3480,13586,1,0,204.61799999999999,0
2,3481,13594,1,0,129.286,0
2,3482,13602,1,0,183.23699999999999,0
2,3483,13610,1,0,172.33500000000001,0
2,3484,13618,1,0,179.23599999999999,0
2,3485,13626,1,0,153.11799999999999,0
2,3486,13634,1,0,189.31,0
2,3487,13642,1,0,138.304,0
2,3488,13650,1,0,150.60499999999999,0
2,3489,13658,1,0,168.45599999999999,0
2,3490,13666,1,0,156.393,0
2,3491,13674,1,0,201.97,0
2,3492,13682,1,0,152.262,0
2,3493,13690,1,0,131.94,0
2,3494,13698,1,0,173.80099999999999,0
2,3495,13706,1,0,169.221,0
2,3496,13714,1,0,177.03,0
2,3497,13722,1,0,161.84200000000001,0
2,3498,13730,1,0,184.93299999999999,0
2,3499,13738,1,0,154.602,0
2,3500,13746,1,0,151.625,0
2,3501,13754,1,0,179.09700000000001,0
2,3502,13762,1,0,188.017,0
2,3503,13770,1,0,190.87700000000001,0
2,3504,13778,1,0,199.047,0
2,3505,13786,1,0,181.65600000000001,0
2,3506,13794,1,0,186.41399999999999,0
2,3507,13802,1,0,193.79400000000001,0
2,3508,13810,1,0,185.71600000000001,0
2,3509,13818,1,0,195.61500000000001,0
2,3510,13826,1,0,165.38,0
2,3511,13834,1,0,138.767,0
2,3512,13842,1,0,164.708,0
2,3513,13850,1,0,185.88,0
2,3514,13858,1,0,176.99700000000001,0
2,3515,13866,1,0,211.459,0
2,3516,13874,1,0,178.59800000000001,0
2,3517,13882,1,0,159.69999999999999,0
2,3518,13890,1,0,127.063,0
2,3519,13898,1,0,162.38800000000001,0
2,3520,13906,1,0,170.69800000000001,0
2,3521,13914,1,0,177.36500000000001,0
2,3522,13922,1,0,173.608,0
2,3523,13930,1,0,179.077,0
2,3524,13938,1,0,175.61000000000001,0
2,3525,13946,1,0,163.78100000000001,0
2,3526,13954,1,0,164.77699999999999,0
2,3527,13962,1,0,173.63300000000001,0
2,3528,13970,1,0,176.18000000000001,0
2,3529,13978,1,0,180.202,0
2,3530,13986,1,0,175.22300000000001,0
2,3531,13994,1,0,187.642,0
2,3532,14002,1,0,174.482,0
2,3533,14010,1,0,184.57400000000001,0
2,3534,14018,1,0,195.04400000000001,0
2,3535,14026,1,0,147.24600000000001,0
2,3536,14034,1,0,189.33099999999999,0
2,3537,14042,1,0,180.94999999999999,0
2,3538,14050,1,0,167.107,0
2,3539,14058,1,0,193.94900000000001,0
2,3540,14066,1,0,180.989,0
2,3541,14074,1,0,178.179,0
2,3542,14082,1,0,149.06100000000001,0
2,3543,14090,1,0,129.595,0
2,3544,14098,1,0,156.768,0
2,3545,14106,1,0,182.893,0
2,3546,14114,1,0,210.095,0
2,3547,14122,1,0,197.404,0
2,3548,14130,1,0,192.886,0
2,3549,14138,1,0,173.46299999999999,0
2,3550,14146,1,0,193.251,0
2,3551,14154,1,0,200.32400000000001,0
2,3552,14162,1,0,204.81299999999999,0
2,3553,14170,1,0,182.68700000000001,0
2,3554,14178,1,0,185.70599999999999,0
2,3555,14186,1,0,166.93100000000001,0
2,3556,14194,1,0,131.566,0
2,3557,14202,1,0,188.94999999999999,0
2,3558,14210,1,0,170.24700000000001,0
2,3559,14218,1,0,203.203,0
2,3560,14226,1,0,199.97200000000001,0
2,3561,14234,1,0,168.06,0
2,3562,14242,1,0,198.50399999999999,0
2,3563,14250,1,0,136.61600000000001,0
2,3564,2,2,0,186.12899999999999,0
2,3565,10,2,0,201.321,0
2,3566,18,2,0,194.14400000000001,0
2,3567,26,2,0,150.89099999999999,0
2,3568,34,2,0,202.69399999999999,0
2,3569,42,2,0,158.50200000000001,0
2,3570,50,2,0,158.55500000000001,0
2,3571,58,2,0,192.001,0
2,3572,66,2,0,191.21600000000001,0
2,3573,74,2,0,148.82499999999999,0
2,3574,82,2,0,162.05099999999999,0
2,3575,90,2,0,153.30600000000001,0
2,3576,98,2,0,172.50700000000001,0
2,3577,106,2,0,163.04400000000001,0
2,3578,114,2,0,183.54599999999999,0
2,3579,122,2,0,175.167,0
2,3580,130,2,0,183.83099999999999,0
2,3581,138,2,0,179.25899999999999,0
2,3582,146,2,0,190.953,0
2,3583,154,2,0,182.88200000000001,0
2,3584,162,2,0,205.126,0
2,3585,170,2,0,196.30199999999999,0
2,3586,178,2,0,177.67099999999999,0
2,3587,186,2,0,173.81399999999999,0
2,3588,194,2,0,196.15199999999999,0
2,3589,202,2,0,182.67699999999999,0
2,3590,210,2,0,141.26900000000001,0
2,3591,218,2,0,183.102,0
2,3592,226,2,0,148.46700000000001,0
2,3593,234,2,0,169.17400000000001,0
2,3594,242,2,0,144.25399999999999,0
2,3595,250,2,0,172.876,0
2,3596,258,2,0,183.49199999999999,0
2,3597,266,2,0,188.755,0
2,3598,274,2,0,154.94900000000001,0
2,3599,282,2,0,177.28999999999999,0
2,3600,290,2,0,138.078,0
2,3601,298,2,0,185.30600000000001,0
2,3602,306,2,0,166.26599999999999,0
2,3603,314,2,0,184.94300000000001,0
2,3604,322,2,0,138.20599999999999,0
2,3605,330,2,0,164.935,0
2,3606,338,2,0,196.215,0
2,3607,346,2,0,180.15899999999999,0
2,3608,354,2,0,175.36000000000001,0
2,3609,362,2,0,181.517,0
2,3610,370,2,0,136.851,0
2,3611,378,2,0,155.221,0
2,3612,386,2,0,197.88499999999999,0
2,3613,394,2,0,138.98699999999999,0
2,3614,402,2,0,182.19200000000001,0
2,3615,410,2,0,169.054,0
2,3616,418,2,0,200.21799999999999,0
2,3617,426,2,0,134.745,0
2,3618,434,2,0,182.738,0
2,3619,442,2,0,185.04400000000001,0
2,3620,450,2,0,181.47999999999999,0
2,3621,458,2,0,197.81899999999999,0
2,3622,466,2,0,182.07300000000001,0
2,3623,474,2,0,172.506,0
2,3624,482,2,0,193.68299999999999,0
2,3625,490,2,0,145.608,0
2,3626,498,2,0,199.26599999999999,0
2,3627,506,2,0,137.27799999999999,0
2,3628,514,2,0,188.43899999999999,0
2,3629,522,2,0,198.00899999999999,0
2,3630,530,2,0,177.779,0
2,3631,538,2,0,163.238,0
2,3632,546,2,0,178.45099999999999,0
2,3633,554,2,0,205.09999999999999,0
2,3634,562,2,0,201.60499999999999,0
2,3635,570,2,0,192.08199999999999,0
2,3636,578,2,0,194.23400000000001,0
2,3637,586,2,0,165.095,0
2,3638,594,2,0,197.38900000000001,0
2,3639,602,2,0,155.386,0
2,3640,610,2,0,168.40700000000001,0
2,3641,618,2,0,168.524,0
2,3642,626,2,0,186.00700000000001,0
2,3643,634,2,0,180.90199999999999,0
2,3644,642,2,0,146.35400000000001,0
2,3645,650,2,0,143.86600000000001,0
2,3646,658,2,0,173.411,0
2,3647,666,2,0,181.90100000000001,0
2,3648,674,2,0,191.91999999999999,0
2,3649,682,2,0,148.54400000000001,0
2,3650,690,2,0,176.32599999999999,0
2,3651,698,2,0,119.99299999999999,0
2,3652,706,2,0,190.41800000000001,0
2,3653,714,2,0,185.34999999999999,0
2,3654,722,2,0,154.489,0
2,3655,730,2,0,194.565,0
2,3656,738,2,0,170.476,0
2,3657,746,2,0,147.739,0
2,3658,754,2,0,153.523,0
2,3659,762,2,0,203.68299999999999,0
2,3660,770,2,0,144.12799999999999,0
2,3661,778,2,0,170.90600000000001,0
2,3662,786,2,0,198.92500000000001,0
2,3663,794,2,0,199.006,0
2,3664,802,2,0,182.358,0
2,3665,810,2,0,185.29400000000001,0
2,3666,818,2,0,191.49100000000001,0
2,3667,826,2,0,158.30799999999999,0
2,3668,834,2,0,171.36699999999999,0
2,3669,842,2,0,174.84399999999999,0
2,3670,850,2,0,147.71000000000001,0
2,3671,858,2,0,189.785,0
2,3672,866,2,0,192.93299999999999,0
2,3673,874,2,0,166.64400000000001,0
2,3674,882,2,0,168.584,0
2,3675,890,2,0,154.97800000000001,0
2,3676,898,2,0,155.346,0
2,3677,906,2,0,178.70400000000001,0
2,3678,914,2,0,188.566,0
2,3679,922,2,0,161.626,0
2,3680,930,2,0,169.999,0
2,3681,938,2,0,175.959,0
2,3682,946,2,0,200.19800000000001,0
2,3683,954,2,0,150.62100000000001,0
2,3684,962,2,0,200.97999999999999,0
2,3685,970,2,0,195.06100000000001,0
2,3686,978,2,0,193.21799999999999,0
2,3687,986,2,0,185.953,0
2,3688,994,2,0,188.58699999999999,0
2,3689,1002,2,0,180.786,0
2,3690,1010,2,0,182.613,0
2,3691,1018,2,0,157.994,0
2,3692,1026,2,0,174.339,0
2,3693,1034,2,0,190.42400000000001,0
2,3694,1042,2,0,182.94499999999999,0
2,3695,1050,2,0,142.61799999999999,0
2,3696,1058,2,0,187.28800000000001,0
2,3697,1066,2,0,185.17099999999999,0
2,3698,1074,2,0,127.176,0
2,3699,1082,2,0,196.41,0
2,3700,1090,2,0,162.40700000000001,0
2,3701,1098,2,0,183.55199999999999,0
2,3702,1106,2,0,187.86799999999999,0
2,3703,1114,2,0,167.661,0
2,3704,1122,2,0,187.101,0
2,3705,1130,2,0,185.90899999999999,0
2,3706,1138,2,0,195.696,0
2,3707,1146,2,0,162.93799999999999,0
2,3708,1154,2,0,168.22999999999999,0
2,3709,1162,2,0,183.41399999999999,0
2,3710,1170,2,0,167.67599999999999,0
2,3711,1178,2,0,183.27799999999999,0
2,3712,1186,2,0,187.161,0
2,3713,1194,2,0,161.66499999999999,0
2,3714,1202,2,0,121.48399999999999,0
2,3715,1210,2,0,155.202,0
2,3716,1218,2,0,156.54599999999999,0
2,3717,1226,2,0,194.53,0
2,3718,1234,2,0,196.03200000000001,0
2,3719,1242,2,0,181.28399999999999,0
2,3720,1250,2,0,223.65100000000001,0
2,3721,1258,2,0,189.447,0
2,3722,1266,2,0,200.67599999999999,0
2,3723,1274,2,0,176.03200000000001,0
2,3724,1282,2,0,167.25399999999999,0
2,3725,1290,2,0,169.03899999999999,0
2,3726,1298,2,0,133.785,0
2,3727,1306,2,0,176.84899999999999,0
2,3728,1314,2,0,207.89500000000001,0
2,3729,1322,2,0,192.10300000000001,0
2,3730,1330,2,0,160.881,0
2,3731,1338,2,0,188.566,0
2,3732,1346,2,0,178.411,0
2,3733,1354,2,0,176.964,0
2,3734,1362,2,0,199.44300000000001,0
2,3735,1370,2,0,177.71600000000001,0
2,3736,1378,2,0,196.63900000000001,0
2,3737,1386,2,0,180.422,0
2,3738,1394,2,0,191.19200000000001,0
2,3739,1402,2,0,167.267,0
2,3740,1410,2,0,167.40799999999999,0
2,3741,1418,2,0,186.916,0
2,3742,1426,2,0,184.501,0
2,3743,1434,2,0,190.31200000000001,0
2,3744,1442,2,0,222.76400000000001,0
2,3745,1450,2,0,157.435,0
2,3746,1458,2,0,179.00899999999999,0
2,3747,1466,2,0,185.59999999999999,0
2,3748,1474,2,0,188.28399999999999,0
2,3749,1482,2,0,158.53899999999999,0
2,3750,1490,2,0,151.53200000000001,0
2,3751,1498,2,0,179.73699999999999,0
2,3752,1506,2,0,152.74799999999999,0
2,3753,1514,2,0,164.238,0
2,3754,1522,2,0,185.39500000000001,0
2,3755,1530,2,0,182.69399999999999,0
2,3756,1538,2,0,190.846,0
2,3757,1546,2,0,184.00700000000001,0
2,3758,1554,2,0,154.50899999999999,0
2,3759,1562,2,0,172.50899999999999,0
2,3760,1570,2,0,178.565,0
2,3761,1578,2,0,181.072,0
2,3762,1586,2,0,180.79599999999999,0
2,3763,1594,2,0,175.37700000000001,0
2,3764,1602,2,0,190.46600000000001,0
2,3765,1610,2,0,162.47200000000001,0
2,3766,1618,2,0,140.87299999999999,0
2,3767,1626,2,0,184.70500000000001,0
2,3768,1634,2,0,168.21899999999999,0
2,3769,1642,2,0,168.001,0
2,3770,1650,2,0,155.13900000000001,0
2,3771,1658,2,0,165.88999999999999,0
2,3772,1666,2,0,182.22900000000001,0
2,3773,1674,2,0,198.19900000000001,0
2,3774,1682,2,0,154.971,0
2,3775,1690,2,0,185.13300000000001,0
2,3776,1698,2,0,199.95099999999999,0
2,3777,1706,2,0,205.756,0
2,3778,1714,2,0,204.38,0
2,3779,1722,2,0,200.995,0
2,3780,1730,2,0,206.506,0
2,3781,1738,2,0,194.47800000000001,0
2,3782,1746,2,0,204.32400000000001,0
2,3783,1754,2,0,192.01900000000001,0
2,3784,1762,2,0,198.16399999999999,0
2,3785,1770,2,0,185.01599999999999,0
2,3786,1778,2,0,190.65000000000001,0
2,3787,1786,2,0,185.43199999999999,0
2,3788,1794,2,0,159.09,0
2,3789,1802,2,0,169.958,0
2,3790,1810,2,0,155.42599999999999,0
2,3791,1818,2,0,185.81299999999999,0
2,3792,1826,2,0,199.14699999999999,0
2,3793,1834,2,0,176.31700000000001,0
2,3794,1842,2,0,174.45500000000001,0
2,3795,1850,2,0,128.554,0
2,3796,1858,2,0,185.983,0
2,3797,1866,2,0,172.13200000000001,0
2,3798,1874,2,0,165.25,0
2,3799,1882,2,0,135.56700000000001,0
2,3800,1890,2,0,174.875,0
2,3801,1898,2,0,167.82400000000001,0
2,3802,1906,2,0,175.845,0
2,3803,1914,2,0,140.358,0
2,3804,1922,2,0,169.607,0
2,3805,1930,2,0,234.59800000000001,0
2,3806,1938,2,0,189.49100000000001,0
2,3807,1946,2,0,161.91499999999999,0
2,3808,1954,2,0,155.03899999999999,0
2,3809,1962,2,0,157.19399999999999,0
2,3810,1970,2,0,193.47300000000001,0
2,3811,1978,2,0,186.679,0
2,3812,1986,2,0,149.667,0
2,3813,1994,2,0,192.405,0
2,3814,2002,2,0,211.12299999999999,0
2,3815,2010,2,0,199.65700000000001,0
2,3816,2018,2,0,176.49700000000001,0
2,3817,2026,2,0,179.95699999999999,0
2,3818,2034,2,0,196.78100000000001,0
2,3819,2042,2,0,174.87200000000001,0
2,3820,2050,2,0,200.33199999999999,0
2,3821,2058,2,0,164.006,0
2,3822,2066,2,0,149.143,0
2,3823,2074,2,0,161.363,0
2,3824,2082,2,0,178.66300000000001,0
2,3825,2090,2,0,190.292,0
2,3826,2098,2,0,200.34700000000001,0
2,3827,2106,2,0,168.29300000000001,0
2,3828,2114,2,0,175.874,0
2,3829,2122,2,0,147.87,0
2,3830,2130,2,0,144.762,0
2,3831,2138,2,0,163.423,0
2,3832,2146,2,0,162.18799999999999,0
2,3833,2154,2,0,187.864,0
2,3834,2162,2,0,173.43700000000001,0
2,3835,2170,2,0,194.62299999999999,0
2,3836,2178,2,0,179.48099999999999,0
2,3837,2186,2,0,170.12700000000001,0
2,3838,2194,2,0,144.12100000000001,0
2,3839,2202,2,0,164.649,0
2,3840,2210,2,0,185.09700000000001,0
2,3841,2218,2,0,193.208,0
2,3842,2226,2,0,144.25,0
2,3843,2234,2,0,201.91399999999999,0
2,3844,2242,2,0,175.32900000000001,0
2,3845,2250,2,0,167.70500000000001,0
2,3846,2258,2,0,130.69999999999999,0
2,3847,2266,2,0,205.52600000000001,0
2,3848,2274,2,0,189.33500000000001,0
2,3849,2282,2,0,152.154,0
2,3850,2290,2,0,186.05799999999999,0
2,3851,2298,2,0,202.32900000000001,0
2,3852,2306,2,0,191.548,0
2,3853,2314,2,0,151.512,0
2,3854,2322,2,0,151.81999999999999,0
2,3855,2330,2,0,176.351,0
2,3856,2338,2,0,175.434,0
2,3857,2346,2,0,172.738,0
2,3858,2354,2,0,215.09700000000001,0
2,3859,2362,2,0,158.88399999999999,0
2,3860,2370,2,0,173.72999999999999,0
2,3861,2378,2,0,197.59999999999999,0
2,3862,2386,2,0,177.70099999999999,0
2,3863,2394,2,0,193.23400000000001,0
2,3864,2402,2,0,160.32499999999999,0
2,3865,2410,2,0,137.86500000000001,0
2,3866,2418,2,0,152.773,0
2,3867,2426,2,0,148.35599999999999,0
2,3868,2434,2,0,171.59200000000001,0
2,3869,2442,2,0,193.738,0
2,3870,2450,2,0,190.56800000000001,0
2,3871,2458,2,0,153.38999999999999,0
2,3872,2466,2,0,160.78299999999999,0
2,3873,2474,2,0,152.708,0
2,3874,2482,2,0,175.12200000000001,0
2,3875,2490,2,0,180.85499999999999,0
2,3876,2498,2,0,185.86099999999999,0
2,3877,2506,2,0,174.55600000000001,0
2,3878,2514,2,0,172.16200000000001,0
2,3879,2522,2,0,171.38900000000001,0
2,3880,2530,2,0,190.96600000000001,0
2,3881,2538,2,0,172.10400000000001,0
2,3882,2546,2,0,185.77000000000001,0
2,3883,2554,2,0,139.79300000000001,0
2,3884,2562,2,0,148.499,0
2,3885,2570,2,0,192.11500000000001,0
2,3886,2578,2,0,128.18299999999999,0
2,3887,2586,2,0,193.88999999999999,0
2,3888,2594,2,0,193.803,0
2,3889,2602,2,0,187.315,0
2,3890,2610,2,0,209.803,0
2,3891,2618,2,0,191.143,0
2,3892,2626,2,0,205.20599999999999,0
2,3893,2634,2,0,189.77000000000001,0
2,3894,2642,2,0,191.643,0
2,3895,2650,2,0,200.929,0
2,3896,2658,2,0,135.49299999999999,0
2,3897,2666,2,0,174.82300000000001,0
2,3898,2674,2,0,168.52699999999999,0
2,3899,2682,2,0,187.845,0
2,3900,2690,2,0,138.749,0
2,3901,2698,2,0,190.07599999999999,0
2,3902,2706,2,0,168.386,0
2,3903,2714,2,0,199.33699999999999,0
2,3904,2722,2,0,192.98599999999999,0
2,3905,2730,2,0,191.208,0
2,3906,2738,2,0,208.03800000000001,0
2,3907,2746,2,0,186.239,0
2,3908,2754,2,0,181.91900000000001,0
2,3909,2762,2,0,177.13499999999999,0
2,3910,2770,2,0,185.161,0
2,3911,2778,2,0,175.542,0
2,3912,2786,2,0,178.12200000000001,0
2,3913,2794,2,0,185.71600000000001,0
2,3914,2802,2,0,176.49799999999999,0
2,3915,2810,2,0,165.584,0
2,3916,2818,2,0,157.31200000000001,0
2,3917,2826,2,0,151.66999999999999,0
2,3918,2834,2,0,181.964,0
2,3919,2842,2,0,177.21700000000001,0
2,3920,2850,2,0,153.404,0
2,3921,2858,2,0,175.78100000000001,0
2,3922,2866,2,0,169.999,0
2,3923,2874,2,0,162.148,0
2,3924,2882,2,0,146.04499999999999,0
2,3925,2890,2,0,179.22800000000001,0
2,3926,2898,2,0,194.536,0
2,3927,2906,2,0,173.16300000000001,0
2,3928,2914,2,0,156.90600000000001,0
2,3929,2922,2,0,178.10599999999999,0
2,3930,2930,2,0,184.35400000000001,0
2,3931,2938,2,0,129.86500000000001,0
2,3932,2946,2,0,176.15700000000001,0
2,3933,2954,2,0,162.5,0
2,3934,2962,2,0,198.40700000000001,0
2,3935,2970,2,0,186.434,0
2,3936,2978,2,0,189.459,0
2,3937,2986,2,0,182.36099999999999,0
2,3938,2994,2,0,180.172,0
2,3939,3002,2,0,205.37799999999999,0
2,3940,3010,2,0,200.63300000000001,0
2,3941,3018,2,0,175.78299999999999,0
2,3942,3026,2,0,175.66200000000001,0
2,3943,3034,2,0,177.37799999999999,0
2,3944,3042,2,0,170.54400000000001,0
2,3945,3050,2,0,157.77600000000001,0
2,3946,3058,2,0,142.703,0
2,3947,3066,2,0,166.727,0
2,3948,3074,2,0,208.92699999999999,0
2,3949,3082,2,0,177.02099999999999,0
2,3950,3090,2,0,197.55799999999999,0
2,3951,3098,2,0,134.73500000000001,0
2,3952,3106,2,0,157.196,0
2,3953,3114,2,0,177.38900000000001,0
2,3954,3122,2,0,173.22499999999999,0
2,3955,3130,2,0,173.99299999999999,0
2,3956,3138,2,0,178.81,0
2,3957,3146,2,0,210.566,0
2,3958,3154,2,0,173.57900000000001,0
2,3959,3162,2,0,162.09899999999999,0
2,3960,3170,2,0,202.554,0
2,3961,3178,2,0,211.18799999999999,0
2,3962,3186,2,0,148.56700000000001,0
2,3963,3194,2,0,183.69399999999999,0
2,3964,3202,2,0,185.923,0
2,3965,3210,2,0,120.325,0
2,3966,3218,2,0,182.73699999999999,0
2,3967,3226,2,0,169,0
2,3968,3234,2,0,174.97399999999999,0
2,3969,3242,2,0,191.66,0
2,3970,3250,2,0,205.82400000000001,0
2,3971,3258,2,0,178.12899999999999,0
2,3972,3266,2,0,187.27699999999999,0
2,3973,3274,2,0,174.78,0
2,3974,3282,2,0,211.74700000000001,0
2,3975,3290,2,0,154.39500000000001,0
2,3976,3298,2,0,147.608,0
2,3977,3306,2,0,182.65899999999999,0
2,3978,3314,2,0,187.38499999999999,0
2,3979,3322,2,0,190.14400000000001,0
2,3980,3330,2,0,192.25800000000001,0
2,3981,3338,2,0,189.56999999999999,0
2,3982,3346,2,0,193.72200000000001,0
2,3983,3354,2,0,182.804,0
2,3984,3362,2,0,155.351,0
2,3985,3370,2,0,190.256,0
2,3986,3378,2,0,192.58500000000001,0
2,3987,3386,2,0,179.06100000000001,0
2,3988,3394,2,0,206.79300000000001,0
2,3989,3402,2,0,173.52699999999999,0
2,3990,3410,2,0,193.785,0
2,3991,3418,2,0,171.47200000000001,0
2,3992,3426,2,0,183.44800000000001,0
2,3993,3434,2,0,194.89099999999999,0
2,3994,3442,2,0,167.87,0
2,3995,3450,2,0,171.53999999999999,0
2,3996,3458,2,0,182.845,0
2,3997,3466,2,0,132.47300000000001,0
2,3998,3474,2,0,161.55099999999999,0
2,3999,3482,2,0,157.131,0
2,4000,3490,2,0,177.98500000000001,0
2,4001,3498,2,0,187.12,0
2,4002,3506,2,0,173.577,0
2,4003,3514,2,0,181.80799999999999,0
2,4004,3522,2,0,171.124,0
2,4005,3530,2,0,200.16399999999999,0
2,4006,3538,2,0,153.959,0
2,4007,3546,2,0,182.315,0
2,4008,3554,2,0,152.857,0
2,4009,3562,2,0,198.33799999999999,0
2,4010,3570,2,0,165.84,0
2,4011,3578,2,0,162.96299999999999,0
2,4012,3586,2,0,185.54499999999999,0
2,4013,3594,2,0,176.56800000000001,0
2,4014,3602,2,0,187.541,0
2,4015,3610,2,0,196.16300000000001,0
2,4016,3618,2,0,182.46700000000001,0
2,4017,3626,2,0,178.67500000000001,0
2,4018,3634,2,0,152.44900000000001,0
2,4019,3642,2,0,166.46700000000001,0
2,4020,3650,2,0,182.297,0
2,4021,3658,2,0,167.45500000000001,0
2,4022,3666,2,0,182.91399999999999,0
2,4023,3674,2,0,191.21700000000001,0
2,4024,3682,2,0,192.29599999999999,0
2,4025,3690,2,0,188.21199999999999,0
2,4026,3698,2,0,160.04400000000001,0
2,4027,3706,2,0,185.42599999999999,0
2,4028,3714,2,0,171.696,0
2,4029,3722,2,0,175.01900000000001,0
2,4030,3730,2,0,189.59,0
2,4031,3738,2,0,173.75299999999999,0
2,4032,3746,2,0,197.06200000000001,0
2,4033,3754,2,0,194.49100000000001,0
2,4034,3762,2,0,190.702,0
2,4035,3770,2,0,186.928,0
2,4036,3778,2,0,170.92500000000001,0
2,4037,3786,2,0,153.77600000000001,0
2,4038,3794,2,0,160.40600000000001,0
2,4039,3802,2,0,197.56899999999999,0
2,4040,3810,2,0,172.58500000000001,0
2,4041,3818,2,0,197.82599999999999,0
2,4042,3826,2,0,181.46100000000001,0
2,4043,3834,2,0,191.12299999999999,0
2,4044,3842,2,0,181.77600000000001,0
2,4045,3850,2,0,157.96100000000001,0
2,4046,3858,2,0,160.77199999999999,0
2,4047,3866,2,0,180.03200000000001,0
2,4048,3874,2,0,192.404,0
2,4049,3882,2,0,207.68899999999999,0
2,4050,3890,2,0,177.01400000000001,0
2,4051,3898,2,0,187.40899999999999,0
2,4052,3906,2,0,195.28299999999999,0
2,4053,3914,2,0,152.53899999999999,0
2,4054,3922,2,0,175.018,0
2,4055,3930,2,0,191.815,0
2,4056,3938,2,0,147.732,0
2,4057,3946,2,0,202.36099999999999,0
2,4058,3954,2,0,159.44900000000001,0
2,4059,3962,2,0,205.52600000000001,0
2,4060,3970,2,0,192.18000000000001,0
2,4061,3978,2,0,170.25800000000001,0
2,4062,3986,2,0,166.21000000000001,0
2,4063,3994,2,0,189.82300000000001,0
2,4064,4002,2,0,176.66,0
2,4065,4010,2,0,137.078,0
2,4066,4018,2,0,180.524,0
2,4067,4026,2,0,170.11099999999999,0
2,4068,4034,2,0,186.14599999999999,0
2,4069,4042,2,0,164.678,0
2,4070,4050,2,0,156.15100000000001,0
2,4071,4058,2,0,174.208,0
2,4072,4066,2,0,175.12200000000001,0
2,4073,4074,2,0,166.46000000000001,0
2,4074,4082,2,0,170.541,0
2,4075,4090,2,0,194.054,0
2,4076,4098,2,0,190.762,0
2,4077,4106,2,0,194.57599999999999,0
2,4078,4114,2,0,149.435,0
2,4079,4122,2,0,177.77799999999999,0
2,4080,4130,2,0,194.20599999999999,0
2,4081,4138,2,0,165.221,0
2,4082,4146,2,0,195.82400000000001,0
2,4083,4154,2,0,173.05000000000001,0
2,4084,4162,2,0,172.709,0
2,4085,4170,2,0,174.23599999999999,0
2,4086,4178,2,0,141.00399999999999,0
2,4087,4186,2,0,166.21899999999999,0
2,4088,4194,2,0,183.40799999999999,0
2,4089,4202,2,0,196.28700000000001,0
2,4090,4210,2,0,197.34,0
2,4091,4218,2,0,124.224,0
2,4092,4226,2,0,188.36500000000001,0
2,4093,4234,2,0,173.51599999999999,0
2,4094,4242,2,0,131.04599999999999,0
2,4095,4250,2,0,196.477,0
2,4096,4258,2,0,183.99100000000001,0
2,4097,4266,2,0,184.98699999999999,0
2,4098,4274,2,0,162.78,0
2,4099,4282,2,0,185.75800000000001,0
2,4100,4290,2,0,187.517,0
2,4101,4298,2,0,188.17400000000001,0
2,4102,4306,2,0,184.09999999999999,0
2,4103,4314,2,0,168.25299999999999,0
2,4104,4322,2,0,130.53,0
2,4105,4330,2,0,148.999,0
2,4106,4338,2,0,165.06299999999999,0
2,4107,4346,2,0,147.84200000000001,0
2,4108,4354,2,0,156.99700000000001,0
2,4109,4362,2,0,176.62200000000001,0
2,4110,4370,2,0,143.79400000000001,0
2,4111,4378,2,0,185.93799999999999,0
2,4112,4386,2,0,173.78299999999999,0
2,4113,4394,2,0,151.381,0
2,4114,4402,2,0,171.102,0
2,4115,4410,2,0,192.029,0
2,4116,4418,2,0,178.66300000000001,0
2,4117,4426,2,0,159.72200000000001,0
2,4118,4434,2,0,180.58099999999999,0
2,4119,4442,2,0,188.77099999999999,0
2,4120,4450,2,0,165.214,0
2,4121,4458,2,0,154.91999999999999,0
2,4122,4466,2,0,184.84399999999999,0
2,4123,4474,2,0,166.827,0
2,4124,4482,2,0,176.63300000000001,0
2,4125,4490,2,0,154.62799999999999,0
2,4126,4498,2,0,177.249,0
2,4127,4506,2,0,187.20599999999999,0
2,4128,4514,2,0,154.54400000000001,0
2,4129,4522,2,0,196.06299999999999,0
2,4130,4530,2,0,186.113,0
2,4131,4538,2,0,168.922,0
2,4132,4546,2,0,156.78999999999999,0
2,4133,4554,2,0,189.084,0
2,4134,4562,2,0,174.666,0
2,4135,4570,2,0,178.99600000000001,0
2,4136,4578,2,0,162.94900000000001,0
2,4137,4586,2,0,134.602,0
2,4138,4594,2,0,168.33000000000001,0
2,4139,4602,2,0,155.41399999999999,0
2,4140,4610,2,0,191.84999999999999,0
2,4141,4618,2,0,179.65600000000001,0
2,4142,4626,2,0,194.12700000000001,0
2,4143,4634,2,0,145.58199999999999,0
2,4144,4642,2,0,226.72399999999999,0
2,4145,4650,2,0,169.32300000000001,0
2,4146,4658,2,0,153.875,0
2,4147,4666,2,0,138.941,0
2,4148,4674,2,0,177.249,0
2,4149,4682,2,0,183.572,0
2,4150,4690,2,0,172.62100000000001,0
2,4151,4698,2,0,215.75700000000001,0
2,4152,4706,2,0,175.03800000000001,0
2,4153,4714,2,0,183.06299999999999,0
2,4154,4722,2,0,154.34200000000001,0
2,4155,4730,2,0,167.69300000000001,0
2,4156,4738,2,0,174.36699999999999,0
2,4157,4746,2,0,180.19999999999999,0
2,4158,4754,2,0,141.27000000000001,0
2,4159,4762,2,0,187.52799999999999,0
2,4160,4770,2,0,178.96799999999999,0
2,4161,4778,2,0,154.71199999999999,0
2,4162,4786,2,0,194.73599999999999,0
2,4163,4794,2,0,151.50399999999999,0
2,4164,4802,2,0,165.87100000000001,0
2,4165,4810,2,0,162.00299999999999,0
2,4166,4818,2,0,187.029,0
2,4167,4826,2,0,146.78999999999999,0
2,4168,4834,2,0,184.51499999999999,0
2,4169,4842,2,0,195.916,0
2,4170,4850,2,0,183.46100000000001,0
2,4171,4858,2,0,191.23500000000001,0
2,4172,4866,2,0,185.28999999999999,0
2,4173,4874,2,0,163.72499999999999,0
2,4174,4882,2,0,191.43000000000001,0
2,4175,4890,2,0,146.85499999999999,0
2,4176,4898,2,0,187.66999999999999,0
2,4177,4906,2,0,175.43600000000001,0
2,4178,4914,2,0,253.821,0
2,4179,4922,2,0,199.244,0
2,4180,4930,2,0,181.98699999999999,0
2,4181,4938,2,0,188.66399999999999,0
2,4182,4946,2,0,179.59,0
2,4183,4954,2,0,179.73500000000001,0
2,4184,4962,2,0,187.34899999999999,0
2,4185,4970,2,0,142.84,0
2,4186,4978,2,0,173.83199999999999,0
2,4187,4986,2,0,197.75299999999999,0
2,4188,4994,2,0,198.68000000000001,0
2,4189,5002,2,0,199.77600000000001,0
2,4190,5010,2,0,188.80600000000001,0
2,4191,5018,2,0,166.779,0
2,4192,5026,2,0,171.911,0
2,4193,5034,2,0,161.46899999999999,0
2,4194,5042,2,0,159.74299999999999,0
2,4195,5050,2,0,189.06,0
2,4196,5058,2,0,201.28800000000001,0
2,4197,5066,2,0,179.24000000000001,0
2,4198,5074,2,0,165.77699999999999,0
2,4199,5082,2,0,183.40799999999999,0
2,4200,5090,2,0,147.53200000000001,0
2,4201,5098,2,0,191.822,0
2,4202,5106,2,0,188.654,0
2,4203,5114,2,0,186.08000000000001,0
2,4204,5122,2,0,174.99700000000001,0
2,4205,5130,2,0,172.995,0
2,4206,5138,2,0,158.67599999999999,0
2,4207,5146,2,0,186.28899999999999,0
2,4208,5154,2,0,184.654,0
2,4209,5162,2,0,194.53200000000001,0
2,4210,5170,2,0,184.726,0
2,4211,5178,2,0,184.28100000000001,0
2,4212,5186,2,0,168.768,0
2,4213,5194,2,0,195.83000000000001,0
2,4214,5202,2,0,173.84899999999999,0
2,4215,5210,2,0,179.18799999999999,0
2,4216,5218,2,0,139.322,0
2,4217,5226,2,0,150.673,0
2,4218,5234,2,0,192.94399999999999,0
2,4219,5242,2,0,184.56200000000001,0
2,4220,5250,2,0,140.536,0
2,4221,5258,2,0,204.17500000000001,0
2,4222,5266,2,0,143.95599999999999,0
2,4223,5274,2,0,191.89099999999999,0
2,4224,5282,2,0,172.82499999999999,0
2,4225,5290,2,0,193.87299999999999,0
2,4226,5298,2,0,151.99799999999999,0
2,4227,5306,2,0,204.614,0
2,4228,5314,2,0,216.59299999999999,0
2,4229,5322,2,0,206.137,0
2,4230,5330,2,0,177.48599999999999,0
2,4231,5338,2,0,140.00700000000001,0
2,4232,5346,2,0,183.89599999999999,0
2,4233,5354,2,0,155.65600000000001,0
2,4234,5362,2,0,198.29300000000001,0
2,4235,5370,2,0,183.82400000000001,0
2,4236,5378,2,0,166.80699999999999,0
2,4237,5386,2,0,188.387,0
2,4238,5394,2,0,173.04599999999999,0
2,4239,5402,2,0,204.97800000000001,0
2,4240,5410,2,0,190.511,0
2,4241,5418,2,0,179.495,0
2,4242,5426,2,0,182.994,0
2,4243,5434,2,0,163.46799999999999,0
2,4244,5442,2,0,185.99199999999999,0
2,4245,5450,2,0,154.232,0
2,4246,5458,2,0,180.86500000000001,0
2,4247,5466,2,0,205.886,0
2,4248,5474,2,0,181.31899999999999,0
2,4249,5482,2,0,168.22800000000001,0
2,4250,5490,2,0,165.47900000000001,0
2,4251,5498,2,0,173.697,0
2,4252,5506,2,0,181.21899999999999,0
2,4253,5514,2,0,163.99199999999999,0
2,4254,5522,2,0,177.97900000000001,0
2,4255,5530,2,0,188.506,0
2,4256,5538,2,0,159.89099999999999,0
2,4257,5546,2,0,173.221,0
2,4258,5554,2,0,171.06999999999999,0
2,4259,5562,2,0,193.65700000000001,0
2,4260,5570,2,0,189.80600000000001,0
2,4261,5578,2,0,186.79900000000001,0
2,4262,5586,2,0,158.66499999999999,0
2,4263,5594,2,0,192.00999999999999,0
2,4264,5602,2,0,165.005,0
2,4265,5610,2,0,193.41900000000001,0
2,4266,5618,2,0,122.133,0
2,4267,5626,2,0,178.393,0
2,4268,5634,2,0,183.53700000000001,0
2,4269,5642,2,0,182.57300000000001,0
2,4270,5650,2,0,180.21199999999999,0
2,4271,5658,2,0,180.547,0
2,4272,5666,2,0,147.08099999999999,0
2,4273,5674,2,0,181.50999999999999,0
2,4274,5682,2,0,140.125,0
2,4275,5690,2,0,181.46100000000001,0
2,4276,5698,2,0,177.828,0
2,4277,5706,2,0,154.93799999999999,0
2,4278,5714,2,0,166.56100000000001,0
2,4279,5722,2,0,118.477,0
2,4280,5730,2,0,193.04400000000001,0
2,4281,5738,2,0,155.98699999999999,0
2,4282,5746,2,0,201.75,0
2,4283,5754,2,0,169.62,0
2,4284,5762,2,0,160.15299999999999,0
2,4285,5770,2,0,155.78200000000001,0
2,4286,5778,2,0,161.42500000000001,0
2,4287,5786,2,0,194.97900000000001,0
2,4288,5794,2,0,197.011,0
2,4289,5802,2,0,180.37799999999999,0
2,4290,5810,2,0,194.292,0
2,4291,5818,2,0,177.39500000000001,0
2,4292,5826,2,0,189.61000000000001,0
2,4293,5834,2,0,181.952,0
2,4294,5842,2,0,195.65000000000001,0
2,4295,5850,2,0,162.667,0
2,4296,5858,2,0,179.833,0
2,4297,5866,2,0,190.483,0
2,4298,5874,2,0,179.899,0
2,4299,5882,2,0,163.33799999999999,0
2,4300,5890,2,0,168.34100000000001,0
2,4301,5898,2,0,180.55099999999999,0
2,4302,5906,2,0,188.864,0
2,4303,5914,2,0,142.57400000000001,0
2,4304,5922,2,0,196.60900000000001,0
2,4305,5930,2,0,138.506,0
2,4306,5938,2,0,182.34800000000001,0
2,4307,5946,2,0,191.20500000000001,0
2,4308,5954,2,0,205.434,0
2,4309,5962,2,0,154.595,0
2,4310,5970,2,0,125.834,0
2,4311,5978,2,0,158.07400000000001,0
2,4312,5986,2,0,190.54400000000001,0
2,4313,5994,2,0,198.005,0
2,4314,6002,2,0,161.19,0
2,4315,6010,2,0,178.941,0
2,4316,6018,2,0,195.13200000000001,0
2,4317,6026,2,0,194.36600000000001,0
2,4318,6034,2,0,152.10400000000001,0
2,4319,6042,2,0,190.91800000000001,0
2,4320,6050,2,0,124.964,0
2,4321,6058,2,0,171.864,0
2,4322,6066,2,0,199.16800000000001,0
2,4323,6074,2,0,169.595,0
2,4324,6082,2,0,185.85900000000001,0
2,4325,6090,2,0,190.09299999999999,0
2,4326,6098,2,0,179.25,0
2,4327,6106,2,0,197.363,0
2,4328,6114,2,0,193.88300000000001,0
2,4329,6122,2,0,206.89099999999999,0
2,4330,6130,2,0,192.684,0
2,4331,6138,2,0,159.67400000000001,0
2,4332,6146,2,0,199.24799999999999,0
2,4333,6154,2,0,204.10400000000001,0
2,4334,6162,2,0,164.25,0
2,4335,6170,2,0,179.21299999999999,0
2,4336,6178,2,0,200.10400000000001,0
2,4337,6186,2,0,151.56700000000001,0
2,4338,6194,2,0,158.07599999999999,0
2,4339,6202,2,0,190.58000000000001,0
2,4340,6210,2,0,200.374,0
2,4341,6218,2,0,176.678,0
2,4342,6226,2,0,190.196,0
2,4343,6234,2,0,190.886,0
2,4344,6242,2,0,192.97800000000001,0
2,4345,6250,2,0,193.25,0
2,4346,6258,2,0,185.63,0
2,4347,6266,2,0,180.72200000000001,0
2,4348,6274,2,0,181.57900000000001,0
2,4349,6282,2,0,206.726,0
2,4350,6290,2,0,179.828,0
2,4351,6298,2,0,188.202,0
2,4352,6306,2,0,190.042,0
2,4353,6314,2,0,174.68600000000001,0
2,4354,6322,2,0,155.14599999999999,0
2,4355,6330,2,0,138.19900000000001,0
2,4356,6338,2,0,183.05600000000001,0
2,4357,6346,2,0,176.36600000000001,0
2,4358,6354,2,0,135.36600000000001,0
2,4359,6362,2,0,177.72399999999999,0
2,4360,6370,2,0,157.036,0
2,4361,6378,2,0,188.14599999999999,0
2,4362,6386,2,0,167.38,0
2,4363,6394,2,0,142.56999999999999,0
2,4364,6402,2,0,159.55199999999999,0
2,4365,6410,2,0,166.16399999999999,0
2,4366,6418,2,0,184.929,0
2,4367,6426,2,0,178.81800000000001,0
2,4368,6434,2,0,174.19999999999999,0
2,4369,6442,2,0,200.50399999999999,0
2,4370,6450,2,0,201.178,0
2,4371,6458,2,0,124.298,0
2,4372,6466,2,0,187.34200000000001,0
2,4373,6474,2,0,148.327,0
2,4374,6482,2,0,171.46199999999999,0
2,4375,6490,2,0,155.72200000000001,0
2,4376,6498,2,0,187.779,0
2,4377,6506,2,0,189.99799999999999,0
2,4378,6514,2,0,177.09200000000001,0
2,4379,6522,2,0,197.35499999999999,0
2,4380,6530,2,0,201.19499999999999,0
2,4381,6538,2,0,196.011,0
2,4382,6546,2,0,148.60900000000001,0
2,4383,6554,2,0,138.78899999999999,0
2,4384,6562,2,0,181.23099999999999,0
2,4385,6570,2,0,199.494,0
2,4386,6578,2,0,200.49000000000001,0
2,4387,6586,2,0,168.22399999999999,0
2,4388,6594,2,0,194.214,0
2,4389,6602,2,0,174.86199999999999,0
2,4390,6610,2,0,187.90299999999999,0
2,4391,6618,2,0,188.39599999999999,0
2,4392,6626,2,0,179.732,0
2,4393,6634,2,0,167.036,0
2,4394,6642,2,0,183.386,0
2,4395,6650,2,0,186.40700000000001,0
2,4396,6658,2,0,181.691,0
2,4397,6666,2,0,181.14099999999999,0
2,4398,6674,2,0,239.87799999999999,0
2,4399,6682,2,0,193.262,0
2,4400,6690,2,0,173.13300000000001,0
2,4401,6698,2,0,148.51499999999999,0
2,4402,6706,2,0,161.06,0
2,4403,6714,2,0,190.626,0
2,4404,6722,2,0,149.74000000000001,0
2,4405,6730,2,0,191.827,0
2,4406,6738,2,0,177.97900000000001,0
2,4407,6746,2,0,111.321,0
2,4408,6754,2,0,181.149,0
2,4409,6762,2,0,158.09700000000001,0
2,4410,6770,2,0,169.40600000000001,0
2,4411,6778,2,0,182.654,0
2,4412,6786,2,0,145.50800000000001,0
2,4413,6794,2,0,196.774,0
2,4414,6802,2,0,164.24600000000001,0
2,4415,6810,2,0,184.34,0
2,4416,6818,2,0,195.31800000000001,0
2,4417,6826,2,0,174.69300000000001,0
2,4418,6834,2,0,194.803,0
2,4419,6842,2,0,171.155,0
2,4420,6850,2,0,209.648,0
2,4421,6858,2,0,131.46600000000001,0
2,4422,6866,2,0,156.88900000000001,0
2,4423,6874,2,0,184.25200000000001,0
2,4424,6882,2,0,166.85599999999999,0
2,4425,6890,2,0,207.99799999999999,0
2,4426,6898,2,0,169.72900000000001,0
2,4427,6906,2,0,175.673,0
2,4428,6914,2,0,172.79400000000001,0
2,4429,6922,2,0,199.923,0
2,4430,6930,2,0,201.791,0
2,4431,6938,2,0,158.83699999999999,0
2,4432,6946,2,0,185.488,0
2,4433,6954,2,0,187.85400000000001,0
2,4434,6962,2,0,178.52500000000001,0
2,4435,6970,2,0,204.37100000000001,0
2,4436,6978,2,0,172.81200000000001,0
2,4437,6986,2,0,185.66800000000001,0
2,4438,6994,2,0,195.70400000000001,0
2,4439,7002,2,0,193.82900000000001,0
2,4440,7010,2,0,127.288,0
2,4441,7018,2,0,178.37,0
2,4442,7026,2,0,148.54599999999999,0
2,4443,7034,2,0,154.04400000000001,0
2,4444,7042,2,0,127.896,0
2,4445,7050,2,0,167.38800000000001,0
2,4446,7058,2,0,181.39699999999999,0
2,4447,7066,2,0,176.02000000000001,0
2,4448,7074,2,0,163.81100000000001,0
2,4449,7082,2,0,157.19900000000001,0
2,4450,7090,2,0,182.00299999999999,0
2,4451,7098,2,0,192.12100000000001,0
2,4452,7106,2,0,132.608,0
2,4453,7114,2,0,176.35599999999999,0
2,4454,7122,2,0,172.31399999999999,0
2,4455,7130,2,0,191.166,0
2,4456,7138,2,0,184.18000000000001,0
2,4457,7146,2,0,187.54400000000001,0
2,4458,7154,2,0,195.04499999999999,0
2,4459,7162,2,0,166.124,0
2,4460,7170,2,0,168.88,0
2,4461,7178,2,0,164.75899999999999,0
2,4462,7186,2,0,157.94999999999999,0
2,4463,7194,2,0,127.81999999999999,0
2,4464,7202,2,0,195.87799999999999,0
2,4465,7210,2,0,192.43600000000001,0
2,4466,7218,2,0,175.059,0
2,4467,7226,2,0,163.37299999999999,0
2,4468,7234,2,0,149.738,0
2,4469,7242,2,0,188.59999999999999,0
2,4470,7250,2,0,154.58600000000001,0
2,4471,7258,2,0,179.24100000000001,0
2,4472,7266,2,0,196.33099999999999,0
2,4473,7274,2,0,138.739,0
2,4474,7282,2,0,172.00399999999999,0
2,4475,7290,2,0,185.37899999999999,0
2,4476,7298,2,0,158.01900000000001,0
2,4477,7306,2,0,192.26400000000001,0
2,4478,7314,2,0,170.37700000000001,0
2,4479,7322,2,0,200.73099999999999,0
2,4480,7330,2,0,190.82300000000001,0
2,4481,7338,2,0,182.19499999999999,0
2,4482,7346,2,0,216.571,0
2,4483,7354,2,0,182.279,0
2,4484,7362,2,0,238.96799999999999,0
2,4485,7370,2,0,196.03299999999999,0
2,4486,7378,2,0,197.70599999999999,0
2,4487,7386,2,0,169.36099999999999,0
2,4488,7394,2,0,199.99000000000001,0
2,4489,7402,2,0,188.08099999999999,0
2,4490,7410,2,0,174.33000000000001,0
2,4491,7418,2,0,203.251,0
2,4492,7426,2,0,190.46000000000001,0
2,4493,7434,2,0,181.82400000000001,0
2,4494,7442,2,0,202.13999999999999,0
2,4495,7450,2,0,174.38999999999999,0
2,4496,7458,2,0,171.29900000000001,0
2,4497,7466,2,0,194.13499999999999,0
2,4498,7474,2,0,194.54400000000001,0
2,4499,7482,2,0,195.66399999999999,0
2,4500,7490,2,0,171.65899999999999,0
2,4501,7498,2,0,169.511,0
2,4502,7506,2,0,205.00299999999999,0
2,4503,7514,2,0,171.52500000000001,0
2,4504,7522,2,0,189.29300000000001,0
2,4505,7530,2,0,150.38900000000001,0
2,4506,7538,2,0,195.32400000000001,0
2,4507,7546,2,0,182.98699999999999,0
2,4508,7554,2,0,195.87200000000001,0
2,4509,7562,2,0,184.565,0
2,4510,7570,2,0,195.03800000000001,0
2,4511,7578,2,0,215.13,0
2,4512,7586,2,0,161.02600000000001,0
2,4513,7594,2,0,206.20400000000001,0
2,4514,7602,2,0,171.72399999999999,0
2,4515,7610,2,0,161.94999999999999,0
2,4516,7618,2,0,180.99700000000001,0
2,4517,7626,2,0,194.363,0
2,4518,7634,2,0,185.52099999999999,0
2,4519,7642,2,0,174.98599999999999,0
2,4520,7650,2,0,205.47300000000001,0
2,4521,7658,2,0,197.66399999999999,0
2,4522,7666,2,0,191.965,0
2,4523,7674,2,0,183.28100000000001,0
2,4524,7682,2,0,181.429,0
2,4525,7690,2,0,175.22999999999999,0
2,4526,7698,2,0,162.07900000000001,0
2,4527,7706,2,0,159.51900000000001,0
2,4528,7714,2,0,184.15600000000001,0
2,4529,7722,2,0,183.51599999999999,0
2,4530,7730,2,0,195.12700000000001,0
2,4531,7738,2,0,183.66499999999999,0
2,4532,7746,2,0,152.898,0
2,4533,7754,2,0,149.08500000000001,0
2,4534,7762,2,0,177.83099999999999,0
2,4535,7770,2,0,140.72399999999999,0
2,4536,7778,2,0,218.83699999999999,0
2,4537,7786,2,0,159.84299999999999,0
2,4538,7794,2,0,215.94200000000001,0
2,4539,7802,2,0,206.55600000000001,0
2,4540,7810,2,0,153.214,0
2,4541,7818,2,0,179.26499999999999,0
2,4542,7826,2,0,119.855,0
2,4543,7834,2,0,151.23099999999999,0
2,4544,7842,2,0,187.233,0
2,4545,7850,2,0,180.53100000000001,0
2,4546,7858,2,0,196.93600000000001,0
2,4547,7866,2,0,191.12899999999999,0
2,4548,7874,2,0,182.77500000000001,0
2,4549,7882,2,0,176.66499999999999,0
2,4550,7890,2,0,186.96100000000001,0
2,4551,7898,2,0,182.494,0
2,4552,7906,2,0,158.30000000000001,0
2,4553,7914,2,0,148.19399999999999,0
2,4554,7922,2,0,191.297,0
2,4555,7930,2,0,197.494,0
2,4556,7938,2,0,174.15100000000001,0
2,4557,7946,2,0,173.279,0
2,4558,7954,2,0,209.059,0
2,4559,7962,2,0,140.43700000000001,0
2,4560,7970,2,0,153.208,0
2,4561,7978,2,0,159.74100000000001,0
2,4562,7986,2,0,199.208,0
2,4563,7994,2,0,165.39400000000001,0
2,4564,8002,2,0,133.31899999999999,0
2,4565,8010,2,0,189.26400000000001,0
2,4566,8018,2,0,146.88999999999999,0
2,4567,8026,2,0,228.65199999999999,0
2,4568,8034,2,0,174.648,0
2,4569,8042,2,0,157.41999999999999,0
2,4570,8050,2,0,188.51400000000001,0
2,4571,8058,2,0,178.53299999999999,0
2,4572,8066,2,0,138.72800000000001,0
2,4573,8074,2,0,165.30500000000001,0
2,4574,8082,2,0,144.274,0
2,4575,8090,2,0,196.03999999999999,0
2,4576,8098,2,0,190.06,0
2,4577,8106,2,0,163.792,0
2,4578,8114,2,0,173.88999999999999,0
2,4579,8122,2,0,176.108,0
2,4580,8130,2,0,186.90799999999999,0
2,4581,8138,2,0,149.74100000000001,0
2,4582,8146,2,0,165.374,0
2,4583,8154,2,0,200.25399999999999,0
2,4584,8162,2,0,122.86799999999999,0
2,4585,8170,2,0,189.46799999999999,0
2,4586,8178,2,0,194.94200000000001,0
2,4587,8186,2,0,170.863,0
2,4588,8194,2,0,188.39599999999999,0
2,4589,8202,2,0,193.804,0
2,4590,8210,2,0,189.089,0
2,4591,8218,2,0,204.476,0
2,4592,8226,2,0,182.86799999999999,0
2,4593,8234,2,0,191.96299999999999,0
2,4594,8242,2,0,172.25899999999999,0
2,4595,8250,2,0,202.089,0
2,4596,8258,2,0,209.31100000000001,0
2,4597,8266,2,0,298.62400000000002,0
2,4598,8274,2,0,162.554,0
2,4599,8282,2,0,187.57400000000001,0
2,4600,8290,2,0,176.137,0
2,4601,8298,2,0,156.62100000000001,0
2,4602,8306,2,0,188.17400000000001,0
2,4603,8314,2,0,199.44800000000001,0
2,4604,8322,2,0,182.47399999999999,0
2,4605,8330,2,0,184.10300000000001,0
2,4606,8338,2,0,156.011,0
2,4607,8346,2,0,188.06800000000001,0
2,4608,8354,2,0,146.416,0
2,4609,8362,2,0,192.68700000000001,0
2,4610,8370,2,0,144.50200000000001,0
2,4611,8378,2,0,172.64699999999999,0
2,4612,8386,2,0,181.41800000000001,0
2,4613,8394,2,0,206.21199999999999,0
2,4614,8402,2,0,201.357,0
2,4615,8410,2,0,189.68799999999999,0
2,4616,8418,2,0,198.27099999999999,0
2,4617,8426,2,0,178.703,0
2,4618,8434,2,0,179.30600000000001,0
2,4619,8442,2,0,191.74199999999999,0
2,4620,8450,2,0,192.654,0
2,4621,8458,2,0,185.38399999999999,0
2,4622,8466,2,0,181.613,0
2,4623,8474,2,0,143.363,0
2,4624,8482,2,0,175.15899999999999,0
2,4625,8490,2,0,180.90199999999999,0
2,4626,8498,2,0,134.69,0
2,4627,8506,2,0,169.096,0
2,4628,8514,2,0,198.28200000000001,0
2,4629,8522,2,0,165.559,0
2,4630,8530,2,0,189.85900000000001,0
2,4631,8538,2,0,171.30799999999999,0
2,4632,8546,2,0,189.95400000000001,0
2,4633,8554,2,0,189.92400000000001,0
2,4634,8562,2,0,168.73500000000001,0
2,4635,8570,2,0,165.55000000000001,0
2,4636,8578,2,0,197.21899999999999,0
2,4637,8586,2,0,178.59999999999999,0
2,4638,8594,2,0,190.25700000000001,0
2,4639,8602,2,0,186.44200000000001,0
2,4640,8610,2,0,192.607,0
2,4641,8618,2,0,179.22399999999999,0
2,4642,8626,2,0,166.203,0
2,4643,8634,2,0,194.61500000000001,0
2,4644,8642,2,0,188.87799999999999,0
2,4645,8650,2,0,182.10499999999999,0
2,4646,8658,2,0,187.34899999999999,0
2,4647,8666,2,0,191.602,0
2,4648,8674,2,0,200.62100000000001,0
2,4649,8682,2,0,195.55000000000001,0
2,4650,8690,2,0,179.036,0
2,4651,8698,2,0,143.89099999999999,0
2,4652,8706,2,0,208.55199999999999,0
2,4653,8714,2,0,153.66900000000001,0
2,4654,8722,2,0,182.898,0
2,4655,8730,2,0,180.15299999999999,0
2,4656,8738,2,0,190.91800000000001,0
2,4657,8746,2,0,195.196,0
2,4658,8754,2,0,137.11500000000001,0
2,4659,8762,2,0,215.16200000000001,0
2,4660,8770,2,0,190.69200000000001,0
2,4661,8778,2,0,161.68700000000001,0
2,4662,8786,2,0,121.598,0
2,4663,8794,2,0,171.876,0
2,4664,8802,2,0,188.80000000000001,0
2,4665,8810,2,0,187.476,0
2,4666,8818,2,0,137.63399999999999,0
2,4667,8826,2,0,180.001,0
2,4668,8834,2,0,203.00200000000001,0
2,4669,8842,2,0,189.65299999999999,0
2,4670,8850,2,0,137.054,0
2,4671,8858,2,0,198.73400000000001,0
2,4672,8866,2,0,167.63999999999999,0
2,4673,8874,2,0,146.126,0
2,4674,8882,2,0,189.054,0
2,4675,8890,2,0,213.82499999999999,0
2,4676,8898,2,0,203.251,0
2,4677,8906,2,0,185.54499999999999,0
2,4678,8914,2,0,189.79300000000001,0
2,4679,8922,2,0,175.35400000000001,0
2,4680,8930,2,0,185.36199999999999,0
2,4681,8938,2,0,200.11600000000001,0
2,4682,8946,2,0,185.39500000000001,0
2,4683,8954,2,0,201.31899999999999,0
2,4684,8962,2,0,226.48500000000001,0
2,4685,8970,2,0,193.71799999999999,0
2,4686,8978,2,0,199.04499999999999,0
2,4687,8986,2,0,189.70400000000001,0
2,4688,8994,2,0,181.11199999999999,0
2,4689,9002,2,0,182.48699999999999,0
2,4690,9010,2,0,171.447,0
2,4691,9018,2,0,187.499,0
2,4692,9026,2,0,145.68700000000001,0
2,4693,9034,2,0,163.911,0
2,4694,9042,2,0,174.71799999999999,0
2,4695,9050,2,0,186.613,0
2,4696,9058,2,0,204.852,0
2,4697,9066,2,0,177.733,0
2,4698,9074,2,0,156.50800000000001,0
2,4699,9082,2,0,204.81999999999999,0
2,4700,9090,2,0,185.22900000000001,0
2,4701,9098,2,0,184.839,0
2,4702,9106,2,0,154.23599999999999,0
2,4703,9114,2,0,171.49000000000001,0
2,4704,9122,2,0,180.90299999999999,0
2,4705,9130,2,0,195.90100000000001,0
2,4706,9138,2,0,182,0
2,4707,9146,2,0,167.91300000000001,0
2,4708,9154,2,0,139.84,0
2,4709,9162,2,0,139.74299999999999,0
2,4710,9170,2,0,193.078,0
2,4711,9178,2,0,176.58000000000001,0
2,4712,9186,2,0,141.041,0
2,4713,9194,2,0,210.52000000000001,0
2,4714,9202,2,0,167.392,0
2,4715,9210,2,0,172.69999999999999,0
2,4716,9218,2,0,177.66200000000001,0
2,4717,9226,2,0,181.708,0
2,4718,9234,2,0,176.43700000000001,0
2,4719,9242,2,0,182.108,0
2,4720,9250,2,0,190.45699999999999,0
2,4721,9258,2,0,157.43000000000001,0
2,4722,9266,2,0,148.916,0
2,4723,9274,2,0,169.27600000000001,0
2,4724,9282,2,0,121.327,0
2,4725,9290,2,0,182.035,0
2,4726,9298,2,0,190.93799999999999,0
2,4727,9306,2,0,169.78899999999999,0
2,4728,9314,2,0,155.17099999999999,0
2,4729,9322,2,0,186.37100000000001,0
2,4730,9330,2,0,140.91900000000001,0
2,4731,9338,2,0,193.386,0
2,4732,9346,2,0,170.601,0
2,4733,9354,2,0,176.018,0
2,4734,9362,2,0,196.148,0
2,4735,9370,2,0,155.494,0
2,4736,9378,2,0,210.63200000000001,0
2,4737,9386,2,0,147.00399999999999,0
2,4738,9394,2,0,185.08600000000001,0
2,4739,9402,2,0,176.101,0
2,4740,9410,2,0,180.26400000000001,0
2,4741,9418,2,0,178.06899999999999,0
2,4742,9426,2,0,185.096,0
2,4743,9434,2,0,192.93000000000001,0
2,4744,9442,2,0,168.62200000000001,0
2,4745,9450,2,0,160.90600000000001,0
2,4746,9458,2,0,166.643,0
2,4747,9466,2,0,192.47300000000001,0
2,4748,9474,2,0,178.495,0
2,4749,9482,2,0,172.476,0
2,4750,9490,2,0,171.822,0
2,4751,9498,2,0,182.12799999999999,0
2,4752,9506,2,0,161.148,0
2,4753,9514,2,0,166.58799999999999,0
2,4754,9522,2,0,181.43600000000001,0
2,4755,9530,2,0,144.18700000000001,0
2,4756,9538,2,0,202.73699999999999,0
2,4757,9546,2,0,191.28399999999999,0
2,4758,9554,2,0,166.922,0
2,4759,9562,2,0,179.17500000000001,0
2,4760,9570,2,0,205.74600000000001,0
2,4761,9578,2,0,178.37700000000001,0
2,4762,9586,2,0,134.65299999999999,0
2,4763,9594,2,0,148.464,0
2,4764,9602,2,0,157.72,0
2,4765,9610,2,0,193.62700000000001,0
2,4766,9618,2,0,180.298,0
2,4767,9626,2,0,160.232,0
2,4768,9634,2,0,164.393,0
2,4769,9642,2,0,168.988,0
2,4770,9650,2,0,165.42599999999999,0
2,4771,9658,2,0,155.27199999999999,0
2,4772,9666,2,0,162.57400000000001,0
2,4773,9674,2,0,183.398,0
2,4774,9682,2,0,195.90000000000001,0
2,4775,9690,2,0,200.34899999999999,0
2,4776,9698,2,0,165.874,0
2,4777,9706,2,0,165.672,0
2,4778,9714,2,0,176.036,0
2,4779,9722,2,0,174.55699999999999,0
2,4780,9730,2,0,167.49299999999999,0
2,4781,9738,2,0,190.02099999999999,0
2,4782,9746,2,0,185.38900000000001,0
2,4783,9754,2,0,167.57499999999999,0
2,4784,9762,2,0,178.61099999999999,0
2,4785,9770,2,0,168.00700000000001,0
2,4786,9778,2,0,197.26400000000001,0
2,4787,9786,2,0,174.57300000000001,0
2,4788,9794,2,0,202.76599999999999,0
2,4789,9802,2,0,168.43000000000001,0
2,4790,9810,2,0,187.26900000000001,0
2,4791,9818,2,0,173.63300000000001,0
2,4792,9826,2,0,189.673,0
2,4793,9834,2,0,151.39500000000001,0
2,4794,9842,2,0,188.17599999999999,0
2,4795,9850,2,0,170.92099999999999,0
2,4796,9858,2,0,189.20699999999999,0
2,4797,9866,2,0,209.773,0
2,4798,9874,2,0,182.19800000000001,0
2,4799,9882,2,0,166.976,0
2,4800,9890,2,0,150.72200000000001,0
2,4801,9898,2,0,171.553,0
2,4802,9906,2,0,177.702,0
2,4803,9914,2,0,159.249,0
2,4804,9922,2,0,165.77199999999999,0
2,4805,9930,2,0,155.98400000000001,0
2,4806,9938,2,0,147.80500000000001,0
2,4807,9946,2,0,210.33799999999999,0
2,4808,9954,2,0,189.13200000000001,0
2,4809,9962,2,0,183.69499999999999,0
2,4810,9970,2,0,200.11799999999999,0
2,4811,9978,2,0,199.54400000000001,0
2,4812,9986,2,0,183.84100000000001,0
2,4813,9994,2,0,167.875,0
2,4814,10002,2,0,189.38300000000001,0
2,4815,10010,2,0,196.35400000000001,0
2,4816,10018,2,0,176.465,0
2,4817,10026,2,0,194.12299999999999,0
2,4818,10034,2,0,163.501,0
2,4819,10042,2,0,207.66999999999999,0
2,4820,10050,2,0,174.47399999999999,0
2,4821,10058,2,0,236.52799999999999,0
2,4822,10066,2,0,141.52500000000001,0
2,4823,10074,2,0,194.48699999999999,0
2,4824,10082,2,0,125.949,0
2,4825,10090,2,0,181.61500000000001,0
2,4826,10098,2,0,172.358,0
2,4827,10106,2,0,142.18899999999999,0
2,4828,10114,2,0,167.55699999999999,0
2,4829,10122,2,0,174.97200000000001,0
2,4830,10130,2,0,184.06700000000001,0
2,4831,10138,2,0,197.29300000000001,0
2,4832,10146,2,0,199.989,0
2,4833,10154,2,0,165.459,0
2,4834,10162,2,0,199.86600000000001,0
2,4835,10170,2,0,165.24000000000001,0
2,4836,10178,2,0,184.49100000000001,0
2,4837,10186,2,0,174.55199999999999,0
2,4838,10194,2,0,201.33600000000001,0
2,4839,10202,2,0,193.113,0
2,4840,10210,2,0,167.56399999999999,0
2,4841,10218,2,0,190.726,0
2,4842,10226,2,0,166.55500000000001,0
2,4843,10234,2,0,168.76599999999999,0
2,4844,10242,2,0,126.643,0
2,4845,10250,2,0,169.941,0
2,4846,10258,2,0,124.059,0
2,4847,10266,2,0,189.07900000000001,0
2,4848,10274,2,0,177.88900000000001,0
2,4849,10282,2,0,185.21000000000001,0
2,4850,10290,2,0,140.74600000000001,0
2,4851,10298,2,0,194.423,0
2,4852,10306,2,0,203.858,0
2,4853,10314,2,0,172,0
2,4854,10322,2,0,192.64500000000001,0
2,4855,10330,2,0,145.52500000000001,0
2,4856,10338,2,0,186.35300000000001,0
2,4857,10346,2,0,126.72499999999999,0
2,4858,10354,2,0,159.54400000000001,0
2,4859,10362,2,0,171.86099999999999,0
2,4860,10370,2,0,187.94300000000001,0
2,4861,10378,2,0,195.63,0
2,4862,10386,2,0,153.41300000000001,0
2,4863,10394,2,0,187.316,0
2,4864,10402,2,0,185.38900000000001,0
2,4865,10410,2,0,200.44800000000001,0
2,4866,10418,2,0,197.29499999999999,0
2,4867,10426,2,0,194.822,0
2,4868,10434,2,0,175.88900000000001,0
2,4869,10442,2,0,203.886,0
2,4870,10450,2,0,192.38200000000001,0
2,4871,10458,2,0,130.483,0
2,4872,10466,2,0,211.61600000000001,0
2,4873,10474,2,0,192.602,0
2,4874,10482,2,0,157.64099999999999,0
2,4875,10490,2,0,195.166,0
2,4876,10498,2,0,192.17500000000001,0
2,4877,10506,2,0,198.94300000000001,0
2,4878,10514,2,0,166.499,0
2,4879,10522,2,0,173.04599999999999,0
2,4880,10530,2,0,188.916,0
2,4881,10538,2,0,213.053,0
2,4882,10546,2,0,187.05699999999999,0
2,4883,10554,2,0,166.161,0
2,4884,10562,2,0,179.80699999999999,0
2,4885,10570,2,0,152.696,0
2,4886,10578,2,0,174.197,0
2,4887,10586,2,0,184.321,0
2,4888,10594,2,0,136.971,0
2,4889,10602,2,0,170.56999999999999,0
2,4890,10610,2,0,175.417,0
2,4891,10618,2,0,170.471,0
2,4892,10626,2,0,185.06299999999999,0
2,4893,10634,2,0,164.429,0
2,4894,10642,2,0,151.84999999999999,0
2,4895,10650,2,0,204.58600000000001,0
2,4896,10658,2,0,172.55199999999999,0
2,4897,10666,2,0,187.78399999999999,0
2,4898,10674,2,0,179.64099999999999,0
2,4899,10682,2,0,190.114,0
2,4900,10690,2,0,158.61699999999999,0
2,4901,10698,2,0,183.64400000000001,0
2,4902,10706,2,0,189.00200000000001,0
2,4903,10714,2,0,184.666,0
2,4904,10722,2,0,185.37799999999999,0
2,4905,10730,2,0,193.09299999999999,0
2,4906,10738,2,0,217.16300000000001,0
2,4907,10746,2,0,189.51599999999999,0
2,4908,10754,2,0,192.14400000000001,0
2,4909,10762,2,0,173.88399999999999,0
2,4910,10770,2,0,128.416,0
2,4911,10778,2,0,160.08099999999999,0
2,4912,10786,2,0,156.92500000000001,0
2,4913,10794,2,0,174.631,0
2,4914,10802,2,0,164.78899999999999,0
2,4915,10810,2,0,183.59800000000001,0
2,4916,10818,2,0,152.876,0
2,4917,10826,2,0,162.90899999999999,0
2,4918,10834,2,0,193.83199999999999,0
2,4919,10842,2,0,182.94900000000001,0
2,4920,10850,2,0,179.614,0
2,4921,10858,2,0,166.86000000000001,0
2,4922,10866,2,0,201.11000000000001,0
2,4923,10874,2,0,212.21299999999999,0
2,4924,10882,2,0,140.99299999999999,0
2,4925,10890,2,0,185.74799999999999,0
2,4926,10898,2,0,184.14699999999999,0
2,4927,10906,2,0,173.136,0
2,4928,10914,2,0,162.453,0
2,4929,10922,2,0,119.578,0
2,4930,10930,2,0,187.97200000000001,0
2,4931,10938,2,0,177.34800000000001,0
2,4932,10946,2,0,198.09999999999999,0
2,4933,10954,2,0,201.03700000000001,0
2,4934,10962,2,0,189.309,0
2,4935,10970,2,0,216.392,0
2,4936,10978,2,0,176.75800000000001,0
2,4937,10986,2,0,183.22,0
2,4938,10994,2,0,169.82400000000001,0
2,4939,11002,2,0,165,0
2,4940,11010,2,0,187.756,0
2,4941,11018,2,0,193.636,0
2,4942,11026,2,0,175.876,0
2,4943,11034,2,0,192.60300000000001,0
2,4944,11042,2,0,164.81899999999999,0
2,4945,11050,2,0,207.45599999999999,0
2,4946,11058,2,0,156.53,0
2,4947,11066,2,0,191.642,0
2,4948,11074,2,0,132.41900000000001,0
2,4949,11082,2,0,172.09899999999999,0
2,4950,11090,2,0,139.19,0
2,4951,11098,2,0,191.13,0
2,4952,11106,2,0,192.52099999999999,0
2,4953,11114,2,0,156.47399999999999,0
2,4954,11122,2,0,179.48099999999999,0
2,4955,11130,2,0,167.00399999999999,0
2,4956,11138,2,0,211.547,0
2,4957,11146,2,0,200.018,0
2,4958,11154,2,0,122.77200000000001,0
2,4959,11162,2,0,161.40100000000001,0
2,4960,11170,2,0,159.648,0
2,4961,11178,2,0,159.41800000000001,0
2,4962,11186,2,0,172.904,0
2,4963,11194,2,0,118.706,0
2,4964,11202,2,0,190.02000000000001,0
2,4965,11210,2,0,195.773,0
2,4966,11218,2,0,185.76499999999999,0
2,4967,11226,2,0,180.86600000000001,0
2,4968,11234,2,0,133.923,0
2,4969,11242,2,0,180.74199999999999,0
2,4970,11250,2,0,179.61199999999999,0
2,4971,11258,2,0,186.64400000000001,0
2,4972,11266,2,0,181.023,0
2,4973,11274,2,0,161.16,0
2,4974,11282,2,0,176.84200000000001,0
2,4975,11290,2,0,121.675,0
2,4976,11298,2,0,193.95699999999999,0
2,4977,11306,2,0,150.43799999999999,0
2,4978,11314,2,0,156.91300000000001,0
2,4979,11322,2,0,174.76400000000001,0
2,4980,11330,2,0,171.24600000000001,0
2,4981,11338,2,0,215.96000000000001,0
2,4982,11346,2,0,193.375,0
2,4983,11354,2,0,151.887,0
2,4984,11362,2,0,154.703,0
2,4985,11370,2,0,168.60300000000001,0
2,4986,11378,2,0,191.47300000000001,0
2,4987,11386,2,0,160.77500000000001,0
2,4988,11394,2,0,202.34399999999999,0
2,4989,11402,2,0,163.79599999999999,0
2,4990,11410,2,0,215.06299999999999,0
2,4991,11418,2,0,193.643,0
2,4992,11426,2,0,170.893,0
2,4993,11434,2,0,151.07400000000001,0
2,4994,11442,2,0,188.15799999999999,0
2,4995,11450,2,0,177.238,0
2,4996,11458,2,0,190.696,0
2,4997,11466,2,0,181.23699999999999,0
2,4998,11474,2,0,180.46799999999999,0
2,4999,11482,2,0,136.06899999999999,0
2,5000,11490,2,0,149.05099999999999,0
2,5001,11498,2,0,194.20500000000001,0
2,5002,11506,2,0,197.422,0
2,5003,11514,2,0,136.453,0
2,5004,11522,2,0,168.80699999999999,0
2,5005,11530,2,0,176.131,0
2,5006,11538,2,0,165.56299999999999,0
2,5007,11546,2,0,180.233,0
2,5008,11554,2,0,212.48500000000001,0
2,5009,11562,2,0,169.41499999999999,0
2,5010,11570,2,0,182.625,0
2,5011,11578,2,0,186.94200000000001,0
2,5012,11586,2,0,149.51400000000001,0
2,5013,11594,2,0,172.56999999999999,0
2,5014,11602,2,0,184.14699999999999,0
2,5015,11610,2,0,215.66399999999999,0
2,5016,11618,2,0,125.325,0
2,5017,11626,2,0,190.792,0
2,5018,11634,2,0,184.863,0
2,5019,11642,2,0,174.43100000000001,0
2,5020,11650,2,0,144.71100000000001,0
2,5021,11658,2,0,184.83500000000001,0
2,5022,11666,2,0,140.14599999999999,0
2,5023,11674,2,0,183.33199999999999,0
2,5024,11682,2,0,194.851,0
2,5025,11690,2,0,186.47499999999999,0
2,5026,11698,2,0,207.84700000000001,0
2,5027,11706,2,0,166.20400000000001,0
2,5028,11714,2,0,147.09200000000001,0
2,5029,11722,2,0,186.68299999999999,0
2,5030,11730,2,0,204.05799999999999,0
2,5031,11738,2,0,172.23400000000001,0
2,5032,11746,2,0,176.131,0
2,5033,11754,2,0,173.273,0
2,5034,11762,2,0,178.423,0
2,5035,11770,2,0,184.19,0
2,5036,11778,2,0,192.10400000000001,0
2,5037,11786,2,0,193.19200000000001,0
2,5038,11794,2,0,171.86500000000001,0
2,5039,11802,2,0,166.62299999999999,0
2,5040,11810,2,0,184.54599999999999,0
2,5041,11818,2,0,160.06999999999999,0
2,5042,11826,2,0,186.04499999999999,0
2,5043,11834,2,0,181.19999999999999,0
2,5044,11842,2,0,188.13999999999999,0
2,5045,11850,2,0,172.58000000000001,0
2,5046,11858,2,0,184.93100000000001,0
2,5047,11866,2,0,160.81,0
2,5048,11874,2,0,174.28200000000001,0
2,5049,11882,2,0,175.15299999999999,0
2,5050,11890,2,0,187.17699999999999,0
2,5051,11898,2,0,151.92500000000001,0
2,5052,11906,2,0,168.53200000000001,0
2,5053,11914,2,0,194.88200000000001,0
2,5054,11922,2,0,163.27199999999999,0
2,5055,11930,2,0,193.571,0
2,5056,11938,2,0,193.21199999999999,0
2,5057,11946,2,0,159.048,0
2,5058,11954,2,0,182.35400000000001,0
2,5059,11962,2,0,188.01900000000001,0
2,5060,11970,2,0,182.93600000000001,0
2,5061,11978,2,0,191.298,0
2,5062,11986,2,0,161.76900000000001,0
2,5063,11994,2,0,190.834,0
2,5064,12002,2,0,186.732,0
2,5065,12010,2,0,199.52099999999999,0
2,5066,12018,2,0,187.69,0
2,5067,12026,2,0,225.67599999999999,0
2,5068,12034,2,0,168.65600000000001,0
2,5069,12042,2,0,190.672,0
2,5070,12050,2,0,210.595,0
2,5071,12058,2,0,173.78399999999999,0
2,5072,12066,2,0,186.41,0
2,5073,12074,2,0,170.51400000000001,0
2,5074,12082,2,0,190.43799999999999,0
2,5075,12090,2,0,198.149,0
2,5076,12098,2,0,175.25200000000001,0
2,5077,12106,2,0,186.792,0
2,5078,12114,2,0,186.02699999999999,0
2,5079,12122,2,0,181.27500000000001,0
2,5080,12130,2,0,186.91,0
2,5081,12138,2,0,189.80799999999999,0
2,5082,12146,2,0,182.66,0
2,5083,12154,2,0,157.23599999999999,0
2,5084,12162,2,0,145.01499999999999,0
2,5085,12170,2,0,187.42400000000001,0
2,5086,12178,2,0,175.928,0
2,5087,12186,2,0,178.56399999999999,0
2,5088,12194,2,0,191.73599999999999,0
2,5089,12202,2,0,169.60400000000001,0
2,5090,12210,2,0,192.41900000000001,0
2,5091,12218,2,0,170.84999999999999,0
2,5092,12226,2,0,183.20500000000001,0
2,5093,12234,2,0,178.172,0
2,5094,12242,2,0,216.74000000000001,0
2,5095,12250,2,0,158.523,0
2,5096,12258,2,0,173.29499999999999,0
2,5097,12266,2,0,180.73699999999999,0
2,5098,12274,2,0,172.50200000000001,0
2,5099,12282,2,0,193.142,0
2,5100,12290,2,0,182.02699999999999,0
2,5101,12298,2,0,188.608,0
2,5102,12306,2,0,172.60900000000001,0
2,5103,12314,2,0,146.36500000000001,0
2,5104,12322,2,0,156.13399999999999,0
2,5105,12330,2,0,193.89400000000001,0
2,5106,12338,2,0,150.01300000000001,0
2,5107,12346,2,0,184.28,0
2,5108,12354,2,0,159.78899999999999,0
2,5109,12362,2,0,163.91,0
2,5110,12370,2,0,167.23400000000001,0
2,5111,12378,2,0,189.542,0
2,5112,12386,2,0,157.375,0
2,5113,12394,2,0,204.846,0
2,5114,12402,2,0,239.59399999999999,0
2,5115,12410,2,0,183.28,0
2,5116,12418,2,0,176.41999999999999,0
2,5117,12426,2,0,170.208,0
2,5118,12434,2,0,185.548,0
2,5119,12442,2,0,154.214,0
2,5120,12450,2,0,179.613,0
2,5121,12458,2,0,199.81700000000001,0
2,5122,12466,2,0,170.73400000000001,0
2,5123,12474,2,0,156.25,0
2,5124,12482,2,0,153.27500000000001,0
2,5125,12490,2,0,191.309,0
2,5126,12498,2,0,151.09999999999999,0
2,5127,12506,2,0,194.285,0
2,5128,12514,2,0,179.45099999999999,0
2,5129,12522,2,0,166.506,0
2,5130,12530,2,0,200.417,0
2,5131,12538,2,0,138.91999999999999,0
2,5132,12546,2,0,163.65000000000001,0
2,5133,12554,2,0,184.58699999999999,0
2,5134,12562,2,0,196.32599999999999,0
2,5135,12570,2,0,151.33199999999999,0
2,5136,12578,2,0,182.17400000000001,0
2,5137,12586,2,0,178.69499999999999,0
2,5138,12594,2,0,197.453,0
2,5139,12602,2,0,183.34899999999999,0
2,5140,12610,2,0,168.41800000000001,0
2,5141,12618,2,0,187.65100000000001,0
2,5142,12626,2,0,200.49199999999999,0
2,5143,12634,2,0,176.74100000000001,0
2,5144,12642,2,0,187.065,0
2,5145,12650,2,0,210.571,0
2,5146,12658,2,0,150.86000000000001,0
2,5147,12666,2,0,183.441,0
2,5148,12674,2,0,155.84399999999999,0
2,5149,12682,2,0,139.648,0
2,5150,12690,2,0,154.488,0
2,5151,12698,2,0,212.494,0
2,5152,12706,2,0,188.16,0
2,5153,12714,2,0,178.45599999999999,0
2,5154,12722,2,0,136.697,0
2,5155,12730,2,0,181.66800000000001,0
2,5156,12738,2,0,158.524,0
2,5157,12746,2,0,182.77500000000001,0
2,5158,12754,2,0,186.55799999999999,0
2,5159,12762,2,0,126.349,0
2,5160,12770,2,0,247.08199999999999,0
2,5161,12778,2,0,198.714,0
2,5162,12786,2,0,159.63300000000001,0
2,5163,12794,2,0,178.95099999999999,0
2,5164,12802,2,0,175.589,0
2,5165,12810,2,0,187.14099999999999,0
2,5166,12818,2,0,166.13399999999999,0
2,5167,12826,2,0,171.387,0
2,5168,12834,2,0,202.88200000000001,0
2,5169,12842,2,0,162.125,0
2,5170,12850,2,0,139.893,0
2,5171,12858,2,0,199.81700000000001,0
2,5172,12866,2,0,186.75899999999999,0
2,5173,12874,2,0,164.273,0
2,5174,12882,2,0,149.30000000000001,0
2,5175,12890,2,0,191.392,0
2,5176,12898,2,0,195.101,0
2,5177,12906,2,0,181.61699999999999,0
2,5178,12914,2,0,145.828,0
2,5179,12922,2,0,118.015,0
2,5180,12930,2,0,194.76499999999999,0
2,5181,12938,2,0,165.131,0
2,5182,12946,2,0,187.53700000000001,0
2,5183,12954,2,0,186.22,0
2,5184,12962,2,0,156.499,0
2,5185,12970,2,0,194.46100000000001,0
2,5186,12978,2,0,200.595,0
2,5187,12986,2,0,126.20999999999999,0
2,5188,12994,2,0,186.245,0
2,5189,13002,2,0,201.589,0
2,5190,13010,2,0,140.35599999999999,0
2,5191,13018,2,0,175.655,0
2,5192,13026,2,0,139.01900000000001,0
2,5193,13034,2,0,195.34999999999999,0
2,5194,13042,2,0,186.10400000000001,0
2,5195,13050,2,0,199.77699999999999,0
2,5196,13058,2,0,189.012,0
2,5197,13066,2,0,167.13800000000001,0
2,5198,13074,2,0,184.59800000000001,0
2,5199,13082,2,0,186.465,0
2,5200,13090,2,0,191.74100000000001,0
2,5201,13098,2,0,187.83099999999999,0
2,5202,13106,2,0,159.178,0
2,5203,13114,2,0,191.327,0
2,5204,13122,2,0,173.80699999999999,0
2,5205,13130,2,0,202.35499999999999,0
2,5206,13138,2,0,196.40700000000001,0
2,5207,13146,2,0,143.90000000000001,0
2,5208,13154,2,0,205.18100000000001,0
2,5209,13162,2,0,191.47900000000001,0
2,5210,13170,2,0,194.51499999999999,0
2,5211,13178,2,0,154.45599999999999,0
2,5212,13186,2,0,166.79300000000001,0
2,5213,13194,2,0,139.39699999999999,0
2,5214,13202,2,0,171.93000000000001,0
2,5215,13210,2,0,165.24700000000001,0
2,5216,13218,2,0,204.17099999999999,0
2,5217,13226,2,0,158.83699999999999,0
2,5218,13234,2,0,187.95400000000001,0
2,5219,13242,2,0,174.02199999999999,0
2,5220,13250,2,0,179.78200000000001,0
2,5221,13258,2,0,168.929,0
2,5222,13266,2,0,205.09399999999999,0
2,5223,13274,2,0,176.99799999999999,0
2,5224,13282,2,0,185.46000000000001,0
2,5225,13290,2,0,177.322,0
2,5226,13298,2,0,193.066,0
2,5227,13306,2,0,179.178,0
2,5228,13314,2,0,183.62299999999999,0
2,5229,13322,2,0,194.68199999999999,0
2,5230,13330,2,0,140.286,0
2,5231,13338,2,0,197.429,0
2,5232,13346,2,0,165.05799999999999,0
2,5233,13354,2,0,131.98099999999999,0
2,5234,13362,2,0,186.14599999999999,0
2,5235,13370,2,0,181.63999999999999,0
2,5236,13378,2,0,150.68600000000001,0
2,5237,13386,2,0,199.898,0
2,5238,13394,2,0,189.761,0
2,5239,13402,2,0,198.09700000000001,0
2,5240,13410,2,0,153.15199999999999,0
2,5241,13418,2,0,178.977,0
2,5242,13426,2,0,211.67699999999999,0
2,5243,13434,2,0,170.89099999999999,0
2,5244,13442,2,0,156.44,0
2,5245,13450,2,0,183.99100000000001,0
2,5246,13458,2,0,175.86699999999999,0
2,5247,13466,2,0,185.48099999999999,0
2,5248,13474,2,0,157.12,0
2,5249,13482,2,0,188.601,0
2,5250,13490,2,0,162.023,0
2,5251,13498,2,0,207.411,0
2,5252,13506,2,0,119.58,0
2,5253,13514,2,0,157.12299999999999,0
2,5254,13522,2,0,178.405,0
2,5255,13530,2,0,173.00899999999999,0
2,5256,13538,2,0,183.745,0
2,5257,13546,2,0,176.928,0
2,5258,13554,2,0,166.83699999999999,0
2,5259,13562,2,0,162.898,0
2,5260,13570,2,0,169.423,0
2,5261,13578,2,0,195.34299999999999,0
2,5262,13586,2,0,204.036,0
2,5263,13594,2,0,130.12799999999999,0
2,5264,13602,2,0,180.05600000000001,0
2,5265,13610,2,0,170.41800000000001,0
2,5266,13618,2,0,174.87799999999999,0
2,5267,13626,2,0,164.12200000000001,0
2,5268,13634,2,0,188.291,0
2,5269,13642,2,0,138.04599999999999,0
2,5270,13650,2,0,150.565,0
2,5271,13658,2,0,163.976,0
2,5272,13666,2,0,155.233,0
2,5273,13674,2,0,201.84899999999999,0
2,5274,13682,2,0,152.708,0
2,5275,13690,2,0,130.191,0
2,5276,13698,2,0,167.43000000000001,0
2,5277,13706,2,0,163.21299999999999,0
2,5278,13714,2,0,176.69300000000001,0
2,5279,13722,2,0,160.03299999999999,0
2,5280,13730,2,0,186.791,0
2,5281,13738,2,0,159.434,0
2,5282,13746,2,0,148.43700000000001,0
2,5283,13754,2,0,174.58500000000001,0
2,5284,13762,2,0,187.202,0
2,5285,13770,2,0,196.369,0
2,5286,13778,2,0,197.303,0
2,5287,13786,2,0,180.31999999999999,0
2,5288,13794,2,0,174.46899999999999,0
2,5289,13802,2,0,190.68100000000001,0
2,5290,13810,2,0,182.81200000000001,0
2,5291,13818,2,0,200.81100000000001,0
2,5292,13826,2,0,169.203,0
2,5293,13834,2,0,135.68799999999999,0
2,5294,13842,2,0,161.36799999999999,0
2,5295,13850,2,0,188.57599999999999,0
2,5296,13858,2,0,181.995,0
2,5297,13866,2,0,213.93700000000001,0
2,5298,13874,2,0,179.09100000000001,0
2,5299,13882,2,0,155.49299999999999,0
2,5300,13890,2,0,125.98399999999999,0
2,5301,13898,2,0,161.369,0
2,5302,13906,2,0,171.63,0
2,5303,13914,2,0,173.64599999999999,0
2,5304,13922,2,0,171.56899999999999,0
2,5305,13930,2,0,174.887,0
2,5306,13938,2,0,181.03899999999999,0
2,5307,13946,2,0,160.10400000000001,0
2,5308,13954,2,0,165.917,0
2,5309,13962,2,0,173.798,0
2,5310,13970,2,0,178.03200000000001,0
2,5311,13978,2,0,178.01599999999999,0
2,5312,13986,2,0,175.80799999999999,0
2,5313,13994,2,0,185.244,0
2,5314,14002,2,0,176.458,0
2,5315,14010,2,0,187.089,0
2,5316,14018,2,0,193.91900000000001,0
2,5317,14026,2,0,142.24000000000001,0
2,5318,14034,2,0,186.12100000000001,0
2,5319,14042,2,0,178.92599999999999,0
2,5320,14050,2,0,167.28,0
2,5321,14058,2,0,197.59999999999999,0
2,5322,14066,2,0,186.06200000000001,0
2,5323,14074,2,0,178.46100000000001,0
2,5324,14082,2,0,152.61099999999999,0
2,5325,14090,2,0,130.69999999999999,0
2,5326,14098,2,0,158.773,0
2,5327,14106,2,0,188.08199999999999,0
2,5328,14114,2,0,200.911,0
2,5329,14122,2,0,226.32499999999999,0
2,5330,14130,2,0,193.53999999999999,0
2,5331,14138,2,0,175.02600000000001,0
2,5332,14146,2,0,190.667,0
2,5333,14154,2,0,167.477,0
2,5334,14162,2,0,200.36199999999999,0
2,5335,14170,2,0,186.31399999999999,0
2,5336,14178,2,0,190.81399999999999,0
2,5337,14186,2,0,166.976,0
2,5338,14194,2,0,130.56700000000001,0
2,5339,14202,2,0,187.05099999999999,0
2,5340,14210,2,0,176.86600000000001,0
2,5341,14218,2,0,209.209,0
2,5342,14226,2,0,208.17699999999999,0
2,5343,14234,2,0,172.67699999999999,0
2,5344,14242,2,0,201.99600000000001,0
2,5345,14250,2,0,136.41800000000001,0
2,5346,2,3,0,187.851,0
2,5347,10,3,0,204.571,0
2,5348,18,3,0,197.084,0
2,5349,26,3,0,152.82599999999999,0
2,5350,34,3,0,199.184,0
2,5351,42,3,0,155.75200000000001,0
2,5352,50,3,0,159.16,0
2,5353,58,3,0,201.101,0
2,5354,66,3,0,195.91499999999999,0
2,5355,74,3,0,151.44999999999999,0
2,5356,82,3,0,161.00700000000001,0
2,5357,90,3,0,154.61099999999999,0
2,5358,98,3,0,174.96899999999999,0
2,5359,106,3,0,168.30799999999999,0
2,5360,114,3,0,183.82300000000001,0
2,5361,122,3,0,165.06299999999999,0
2,5362,130,3,0,179.05600000000001,0
2,5363,138,3,0,177.16399999999999,0
2,5364,146,3,0,193.44300000000001,0
2,5365,154,3,0,185.43799999999999,0
2,5366,162,3,0,206.03100000000001,0
2,5367,170,3,0,190.12100000000001,0
2,5368,178,3,0,180.38200000000001,0
2,5369,186,3,0,171.07499999999999,0
2,5370,194,3,0,201.99299999999999,0
2,5371,202,3,0,180.40899999999999,0
2,5372,210,3,0,141.572,0
2,5373,218,3,0,177.292,0
2,5374,226,3,0,152.02099999999999,0
2,5375,234,3,0,164.79300000000001,0
2,5376,242,3,0,137.17500000000001,0
2,5377,250,3,0,174.714,0
2,5378,258,3,0,185.63800000000001,0
2,5379,266,3,0,189.42099999999999,0
2,5380,274,3,0,155.20400000000001,0
2,5381,282,3,0,182.83500000000001,0
2,5382,290,3,0,139.886,0
2,5383,298,3,0,183.13800000000001,0
2,5384,306,3,0,167.47999999999999,0
2,5385,314,3,0,182.565,0
2,5386,322,3,0,136.25200000000001,0
2,5387,330,3,0,168.958,0
2,5388,338,3,0,197.26900000000001,0
2,5389,346,3,0,180.62799999999999,0
2,5390,354,3,0,169.40299999999999,0
2,5391,362,3,0,180.16999999999999,0
2,5392,370,3,0,132.55799999999999,0
2,5393,378,3,0,161.92500000000001,0
2,5394,386,3,0,186.74600000000001,0
2,5395,394,3,0,139.97999999999999,0
2,5396,402,3,0,182.71299999999999,0
2,5397,410,3,0,163.297,0
2,5398,418,3,0,200.798,0
2,5399,426,3,0,136.80000000000001,0
2,5400,434,3,0,182.83799999999999,0
2,5401,442,3,0,193.34,0
2,5402,450,3,0,176.86699999999999,0
2,5403,458,3,0,197.25,0
2,5404,466,3,0,180.203,0
2,5405,474,3,0,175.114,0
2,5406,482,3,0,195.57599999999999,0
2,5407,490,3,0,133.62700000000001,0
2,5408,498,3,0,190.994,0
2,5409,506,3,0,138.84399999999999,0
2,5410,514,3,0,182.24100000000001,0
2,5411,522,3,0,200.714,0
2,5412,530,3,0,177.71199999999999,0
2,5413,538,3,0,160.54599999999999,0
2,5414,546,3,0,207.67699999999999,0
2,5415,554,3,0,203.90700000000001,0
2,5416,562,3,0,204.74100000000001,0
2,5417,570,3,0,193.36199999999999,0
2,5418,578,3,0,166.62299999999999,0
2,5419,586,3,0,163.935,0
2,5420,594,3,0,197.87,0
2,5421,602,3,0,163.52099999999999,0
2,5422,610,3,0,171.11000000000001,0
2,5423,618,3,0,169.84399999999999,0
2,5424,626,3,0,180.95099999999999,0
2,5425,634,3,0,180.77199999999999,0
2,5426,642,3,0,138.30099999999999,0
2,5427,650,3,0,145.31800000000001,0
2,5428,658,3,0,173.31299999999999,0
2,5429,666,3,0,182.04900000000001,0
2,5430,674,3,0,188.91399999999999,0
2,5431,682,3,0,146.28399999999999,0
2,5432,690,3,0,177.45599999999999,0
2,5433,698,3,0,122.167,0
2,5434,706,3,0,189.34200000000001,0
2,5435,714,3,0,180.82599999999999,0
2,5436,722,3,0,154.666,0
2,5437,730,3,0,194.80600000000001,0
2,5438,738,3,0,172.10400000000001,0
2,5439,746,3,0,151.47200000000001,0
2,5440,754,3,0,151.66499999999999,0
2,5441,762,3,0,200.82499999999999,0
2,5442,770,3,0,144.619,0
2,5443,778,3,0,166.64599999999999,0
2,5444,786,3,0,188.18600000000001,0
2,5445,794,3,0,200.36699999999999,0
2,5446,802,3,0,184.874,0
2,5447,810,3,0,182.971,0
2,5448,818,3,0,186.38200000000001,0
2,5449,826,3,0,159.86000000000001,0
2,5450,834,3,0,179.85499999999999,0
2,5451,842,3,0,176.89699999999999,0
2,5452,850,3,0,149.48400000000001,0
2,5453,858,3,0,192.19999999999999,0
2,5454,866,3,0,188.14500000000001,0
2,5455,874,3,0,168.893,0
2,5456,882,3,0,174.71700000000001,0
2,5457,890,3,0,156.77799999999999,0
2,5458,898,3,0,154.69,0
2,5459,906,3,0,173.31399999999999,0
2,5460,914,3,0,190.631,0
2,5461,922,3,0,168.851,0
2,5462,930,3,0,168.54499999999999,0
2,5463,938,3,0,172.172,0
2,5464,946,3,0,202.602,0
2,5465,954,3,0,145.62100000000001,0
2,5466,962,3,0,196.666,0
2,5467,970,3,0,194.21899999999999,0
2,5468,978,3,0,201.28999999999999,0
2,5469,986,3,0,187.37899999999999,0
2,5470,994,3,0,183.91900000000001,0
2,5471,1002,3,0,183.68899999999999,0
2,5472,1010,3,0,184.41999999999999,0
2,5473,1018,3,0,161.31200000000001,0
2,5474,1026,3,0,177.30799999999999,0
2,5475,1034,3,0,194.69399999999999,0
2,5476,1042,3,0,182.00999999999999,0
2,5477,1050,3,0,146.39500000000001,0
2,5478,1058,3,0,190.05500000000001,0
2,5479,1066,3,0,193.47200000000001,0
2,5480,1074,3,0,126.22199999999999,0
2,5481,1082,3,0,189.63200000000001,0
2,5482,1090,3,0,160.072,0
2,5483,1098,3,0,182.21600000000001,0
2,5484,1106,3,0,191.05600000000001,0
2,5485,1114,3,0,170.67400000000001,0
2,5486,1122,3,0,184.917,0
2,5487,1130,3,0,181.37299999999999,0
2,5488,1138,3,0,196.68899999999999,0
2,5489,1146,3,0,161.34700000000001,0
2,5490,1154,3,0,168.77500000000001,0
2,5491,1162,3,0,182.083,0
2,5492,1170,3,0,165.387,0
2,5493,1178,3,0,178.72800000000001,0
2,5494,1186,3,0,189.79400000000001,0
2,5495,1194,3,0,160.82499999999999,0
2,5496,1202,3,0,123.075,0
2,5497,1210,3,0,154.81899999999999,0
2,5498,1218,3,0,187.76400000000001,0
2,5499,1226,3,0,191.78800000000001,0
2,5500,1234,3,0,193.72399999999999,0
2,5501,1242,3,0,177.34299999999999,0
2,5502,1250,3,0,194.858,0
2,5503,1258,3,0,190.32400000000001,0
2,5504,1266,3,0,203.91300000000001,0
2,5505,1274,3,0,176.369,0
2,5506,1282,3,0,169.88300000000001,0
2,5507,1290,3,0,174.71700000000001,0
2,5508,1298,3,0,133.89099999999999,0
2,5509,1306,3,0,175.39599999999999,0
2,5510,1314,3,0,204.661,0
2,5511,1322,3,0,195.892,0
2,5512,1330,3,0,164.173,0
2,5513,1338,3,0,189.03100000000001,0
2,5514,1346,3,0,180.92699999999999,0
2,5515,1354,3,0,173.99700000000001,0
2,5516,1362,3,0,196.30600000000001,0
2,5517,1370,3,0,177.41999999999999,0
2,5518,1378,3,0,200.78299999999999,0
2,5519,1386,3,0,183.41800000000001,0
2,5520,1394,3,0,191.68000000000001,0
2,5521,1402,3,0,165.83199999999999,0
2,5522,1410,3,0,167.53999999999999,0
2,5523,1418,3,0,187.024,0
2,5524,1426,3,0,188.904,0
2,5525,1434,3,0,190.922,0
2,5526,1442,3,0,210.50899999999999,0
2,5527,1450,3,0,161.89599999999999,0
2,5528,1458,3,0,179.13800000000001,0
2,5529,1466,3,0,188.125,0
2,5530,1474,3,0,191.096,0
2,5531,1482,3,0,152.285,0
2,5532,1490,3,0,150.238,0
2,5533,1498,3,0,182.52000000000001,0
2,5534,1506,3,0,151.095,0
2,5535,1514,3,0,167.85599999999999,0
2,5536,1522,3,0,189.179,0
2,5537,1530,3,0,184.077,0
2,5538,1538,3,0,190.59100000000001,0
2,5539,1546,3,0,187.58099999999999,0
2,5540,1554,3,0,157.80600000000001,0
2,5541,1562,3,0,171.84999999999999,0
2,5542,1570,3,0,182.279,0
2,5543,1578,3,0,182.22399999999999,0
2,5544,1586,3,0,179.66900000000001,0
2,5545,1594,3,0,175.09200000000001,0
2,5546,1602,3,0,184.48599999999999,0
2,5547,1610,3,0,165.47200000000001,0
2,5548,1618,3,0,141.767,0
2,5549,1626,3,0,185.28200000000001,0
2,5550,1634,3,0,165.358,0
2,5551,1642,3,0,166.89599999999999,0
2,5552,1650,3,0,157.96100000000001,0
2,5553,1658,3,0,169.392,0
2,5554,1666,3,0,182.56100000000001,0
2,5555,1674,3,0,197.56999999999999,0
2,5556,1682,3,0,155.72800000000001,0
2,5557,1690,3,0,178.25899999999999,0
2,5558,1698,3,0,202.82599999999999,0
2,5559,1706,3,0,209.29499999999999,0
2,5560,1714,3,0,201.16399999999999,0
2,5561,1722,3,0,202.08799999999999,0
2,5562,1730,3,0,207.39400000000001,0
2,5563,1738,3,0,199.98699999999999,0
2,5564,1746,3,0,203.46700000000001,0
2,5565,1754,3,0,187.21600000000001,0
2,5566,1762,3,0,196.71899999999999,0
2,5567,1770,3,0,184.50200000000001,0
2,5568,1778,3,0,194.96799999999999,0
2,5569,1786,3,0,183.60300000000001,0
2,5570,1794,3,0,157.44399999999999,0
2,5571,1802,3,0,164.37299999999999,0
2,5572,1810,3,0,154.53899999999999,0
2,5573,1818,3,0,192.55000000000001,0
2,5574,1826,3,0,198.79599999999999,0
2,5575,1834,3,0,178.691,0
2,5576,1842,3,0,171.03,0
2,5577,1850,3,0,124.03400000000001,0
2,5578,1858,3,0,185.459,0
2,5579,1866,3,0,174.34,0
2,5580,1874,3,0,167.578,0
2,5581,1882,3,0,135.52600000000001,0
2,5582,1890,3,0,175.49700000000001,0
2,5583,1898,3,0,197.41,0
2,5584,1906,3,0,174.68799999999999,0
2,5585,1914,3,0,136.339,0
2,5586,1922,3,0,169.483,0
2,5587,1930,3,0,204.53999999999999,0
2,5588,1938,3,0,188.822,0
2,5589,1946,3,0,159.376,0
2,5590,1954,3,0,153.744,0
2,5591,1962,3,0,158.16300000000001,0
2,5592,1970,3,0,196.905,0
2,5593,1978,3,0,188.215,0
2,5594,1986,3,0,148.09999999999999,0
2,5595,1994,3,0,194.96100000000001,0
2,5596,2002,3,0,183.09100000000001,0
2,5597,2010,3,0,204.589,0
2,5598,2018,3,0,175.14400000000001,0
2,5599,2026,3,0,176.34299999999999,0
2,5600,2034,3,0,196.08099999999999,0
2,5601,2042,3,0,175.78399999999999,0
2,5602,2050,3,0,201.339,0
2,5603,2058,3,0,164.773,0
2,5604,2066,3,0,147.113,0
2,5605,2074,3,0,157.56399999999999,0
2,5606,2082,3,0,180.58099999999999,0
2,5607,2090,3,0,186.96199999999999,0
2,5608,2098,3,0,200.27199999999999,0
2,5609,2106,3,0,166.40100000000001,0
2,5610,2114,3,0,173.358,0
2,5611,2122,3,0,144.00800000000001,0
2,5612,2130,3,0,146.768,0
2,5613,2138,3,0,164.13200000000001,0
2,5614,2146,3,0,164.434,0
2,5615,2154,3,0,183.75200000000001,0
2,5616,2162,3,0,174.01400000000001,0
2,5617,2170,3,0,199.583,0
2,5618,2178,3,0,182.74100000000001,0
2,5619,2186,3,0,168.92699999999999,0
2,5620,2194,3,0,147.58699999999999,0
2,5621,2202,3,0,164.87200000000001,0
2,5622,2210,3,0,186.029,0
2,5623,2218,3,0,188.28399999999999,0
2,5624,2226,3,0,145.13,0
2,5625,2234,3,0,204.178,0
2,5626,2242,3,0,174.273,0
2,5627,2250,3,0,169.35900000000001,0
2,5628,2258,3,0,126.744,0
2,5629,2266,3,0,199.10400000000001,0
2,5630,2274,3,0,189.821,0
2,5631,2282,3,0,155.83699999999999,0
2,5632,2290,3,0,183.52099999999999,0
2,5633,2298,3,0,204.524,0
2,5634,2306,3,0,186.11000000000001,0
2,5635,2314,3,0,153.92699999999999,0
2,5636,2322,3,0,153.589,0
2,5637,2330,3,0,178.374,0
2,5638,2338,3,0,177.869,0
2,5639,2346,3,0,169.77099999999999,0
2,5640,2354,3,0,208.58699999999999,0
2,5641,2362,3,0,158.601,0
2,5642,2370,3,0,178.74199999999999,0
2,5643,2378,3,0,191.751,0
2,5644,2386,3,0,179.20500000000001,0
2,5645,2394,3,0,190.98699999999999,0
2,5646,2402,3,0,160.142,0
2,5647,2410,3,0,136.09299999999999,0
2,5648,2418,3,0,157.334,0
2,5649,2426,3,0,148.96899999999999,0
2,5650,2434,3,0,179.048,0
2,5651,2442,3,0,192.07599999999999,0
2,5652,2450,3,0,188.148,0
2,5653,2458,3,0,152.31,0
2,5654,2466,3,0,162.17400000000001,0
2,5655,2474,3,0,152.98400000000001,0
2,5656,2482,3,0,174.99700000000001,0
2,5657,2490,3,0,167.744,0
2,5658,2498,3,0,184.86099999999999,0
2,5659,2506,3,0,173.167,0
2,5660,2514,3,0,174.553,0
2,5661,2522,3,0,173.35900000000001,0
2,5662,2530,3,0,192.33600000000001,0
2,5663,2538,3,0,167.81,0
2,5664,2546,3,0,183.16900000000001,0
2,5665,2554,3,0,138.19499999999999,0
2,5666,2562,3,0,151.20500000000001,0
2,5667,2570,3,0,191.239,0
2,5668,2578,3,0,160.548,0
2,5669,2586,3,0,186.86099999999999,0
2,5670,2594,3,0,190.202,0
2,5671,2602,3,0,190.34399999999999,0
2,5672,2610,3,0,178.85599999999999,0
2,5673,2618,3,0,194.56999999999999,0
2,5674,2626,3,0,199.38900000000001,0
2,5675,2634,3,0,188.07400000000001,0
2,5676,2642,3,0,192.02099999999999,0
2,5677,2650,3,0,204.59999999999999,0
2,5678,2658,3,0,137.691,0
2,5679,2666,3,0,173.66999999999999,0
2,5680,2674,3,0,165.09899999999999,0
2,5681,2682,3,0,180.80799999999999,0
2,5682,2690,3,0,138.65100000000001,0
2,5683,2698,3,0,194.24000000000001,0
2,5684,2706,3,0,168.16,0
2,5685,2714,3,0,196.626,0
2,5686,2722,3,0,193.245,0
2,5687,2730,3,0,191.458,0
2,5688,2738,3,0,210.99299999999999,0
2,5689,2746,3,0,184.90299999999999,0
2,5690,2754,3,0,181.72,0
2,5691,2762,3,0,179.923,0
2,5692,2770,3,0,193.53,0
2,5693,2778,3,0,179.83799999999999,0
2,5694,2786,3,0,174.285,0
2,5695,2794,3,0,178.05199999999999,0
2,5696,2802,3,0,170.05799999999999,0
2,5697,2810,3,0,169.714,0
2,5698,2818,3,0,158.60300000000001,0
2,5699,2826,3,0,151.31,0
2,5700,2834,3,0,183.03299999999999,0
2,5701,2842,3,0,177.10499999999999,0
2,5702,2850,3,0,154.476,0
2,5703,2858,3,0,184.39599999999999,0
2,5704,2866,3,0,168.852,0
2,5705,2874,3,0,167.34800000000001,0
2,5706,2882,3,0,147.173,0
2,5707,2890,3,0,179.37899999999999,0
2,5708,2898,3,0,189.738,0
2,5709,2906,3,0,169.52000000000001,0
2,5710,2914,3,0,155.31200000000001,0
2,5711,2922,3,0,182.15100000000001,0
2,5712,2930,3,0,180.30000000000001,0
2,5713,2938,3,0,129.53800000000001,0
2,5714,2946,3,0,175.89099999999999,0
2,5715,2954,3,0,166.643,0
2,5716,2962,3,0,200.89599999999999,0
2,5717,2970,3,0,191.83500000000001,0
2,5718,2978,3,0,189.53399999999999,0
2,5719,2986,3,0,179.06800000000001,0
2,5720,2994,3,0,180.02699999999999,0
2,5721,3002,3,0,207.25,0
2,5722,3010,3,0,205.07400000000001,0
2,5723,3018,3,0,176.499,0
2,5724,3026,3,0,176.37100000000001,0
2,5725,3034,3,0,174.42099999999999,0
2,5726,3042,3,0,172.96600000000001,0
2,5727,3050,3,0,162.161,0
2,5728,3058,3,0,148.27199999999999,0
2,5729,3066,3,0,167.786,0
2,5730,3074,3,0,214.02600000000001,0
2,5731,3082,3,0,178.10900000000001,0
2,5732,3090,3,0,200.30000000000001,0
2,5733,3098,3,0,139.892,0
2,5734,3106,3,0,157.328,0
2,5735,3114,3,0,181.43199999999999,0
2,5736,3122,3,0,172.804,0
2,5737,3130,3,0,175.232,0
2,5738,3138,3,0,179.61699999999999,0
2,5739,3146,3,0,212.13,0
2,5740,3154,3,0,174.36199999999999,0
2,5741,3162,3,0,162.101,0
2,5742,3170,3,0,192.297,0
2,5743,3178,3,0,213.25999999999999,0
2,5744,3186,3,0,140.10499999999999,0
2,5745,3194,3,0,190.72800000000001,0
2,5746,3202,3,0,188.577,0
2,5747,3210,3,0,119.04300000000001,0
2,5748,3218,3,0,174.49600000000001,0
2,5749,3226,3,0,165.226,0
2,5750,3234,3,0,177.35900000000001,0
2,5751,3242,3,0,189.821,0
2,5752,3250,3,0,238.20099999999999,0
2,5753,3258,3,0,176.92099999999999,0
2,5754,3266,3,0,181.72900000000001,0
2,5755,3274,3,0,181.01400000000001,0
2,5756,3282,3,0,186.851,0
2,5757,3290,3,0,153.20099999999999,0
2,5758,3298,3,0,145.941,0
2,5759,3306,3,0,177.999,0
2,5760,3314,3,0,185.67099999999999,0
2,5761,3322,3,0,190.78700000000001,0
2,5762,3330,3,0,192.27000000000001,0
2,5763,3338,3,0,191.52099999999999,0
2,5764,3346,3,0,194.107,0
2,5765,3354,3,0,181.05500000000001,0
2,5766,3362,3,0,156.16499999999999,0
2,5767,3370,3,0,196.184,0
2,5768,3378,3,0,197.77199999999999,0
2,5769,3386,3,0,178.93000000000001,0
2,5770,3394,3,0,201.65799999999999,0
2,5771,3402,3,0,165.048,0
2,5772,3410,3,0,195.84100000000001,0
2,5773,3418,3,0,173.66399999999999,0
2,5774,3426,3,0,185.16800000000001,0
2,5775,3434,3,0,191.077,0
2,5776,3442,3,0,170.965,0
2,5777,3450,3,0,171.42599999999999,0
2,5778,3458,3,0,188.404,0
2,5779,3466,3,0,132.691,0
2,5780,3474,3,0,161.822,0
2,5781,3482,3,0,157.33799999999999,0
2,5782,3490,3,0,178.48400000000001,0
2,5783,3498,3,0,184.22800000000001,0
2,5784,3506,3,0,178.01400000000001,0
2,5785,3514,3,0,185.11199999999999,0
2,5786,3522,3,0,173.28200000000001,0
2,5787,3530,3,0,199.529,0
2,5788,3538,3,0,157.31,0
2,5789,3546,3,0,185.45500000000001,0
2,5790,3554,3,0,155.53800000000001,0
2,5791,3562,3,0,198.904,0
2,5792,3570,3,0,166.667,0
2,5793,3578,3,0,164.505,0
2,5794,3586,3,0,180.20599999999999,0
2,5795,3594,3,0,178.727,0
2,5796,3602,3,0,190.11199999999999,0
2,5797,3610,3,0,193.73599999999999,0
2,5798,3618,3,0,180.762,0
2,5799,3626,3,0,171.255,0
2,5800,3634,3,0,151.386,0
2,5801,3642,3,0,176.059,0
2,5802,3650,3,0,175.553,0
2,5803,3658,3,0,165.54599999999999,0
2,5804,3666,3,0,180.434,0
2,5805,3674,3,0,190.91200000000001,0
2,5806,3682,3,0,194.85499999999999,0
2,5807,3690,3,0,186.92099999999999,0
2,5808,3698,3,0,160.06999999999999,0
2,5809,3706,3,0,180.82400000000001,0
2,5810,3714,3,0,176.27099999999999,0
2,5811,3722,3,0,171.95599999999999,0
2,5812,3730,3,0,190.15000000000001,0
2,5813,3738,3,0,169.483,0
2,5814,3746,3,0,187.57900000000001,0
2,5815,3754,3,0,184.328,0
2,5816,3762,3,0,190.084,0
2,5817,3770,3,0,198.011,0
2,5818,3778,3,0,169.119,0
2,5819,3786,3,0,149.33600000000001,0
2,5820,3794,3,0,158.59899999999999,0
2,5821,3802,3,0,192.631,0
2,5822,3810,3,0,169.59899999999999,0
2,5823,3818,3,0,200.86199999999999,0
2,5824,3826,3,0,183.66,0
2,5825,3834,3,0,186.86799999999999,0
2,5826,3842,3,0,177.154,0
2,5827,3850,3,0,156.17400000000001,0
2,5828,3858,3,0,157.70699999999999,0
2,5829,3866,3,0,185.37100000000001,0
2,5830,3874,3,0,195.24600000000001,0
2,5831,3882,3,0,204.685,0
2,5832,3890,3,0,175.85300000000001,0
2,5833,3898,3,0,191.018,0
2,5834,3906,3,0,199.928,0
2,5835,3914,3,0,150.69999999999999,0
2,5836,3922,3,0,178.35599999999999,0
2,5837,3930,3,0,219.41800000000001,0
2,5838,3938,3,0,145.99799999999999,0
2,5839,3946,3,0,201.505,0
2,5840,3954,3,0,156.65899999999999,0
2,5841,3962,3,0,172.10900000000001,0
2,5842,3970,3,0,192.86000000000001,0
2,5843,3978,3,0,167.95099999999999,0
2,5844,3986,3,0,164.75399999999999,0
2,5845,3994,3,0,191.77500000000001,0
2,5846,4002,3,0,178.36000000000001,0
2,5847,4010,3,0,127.884,0
2,5848,4018,3,0,180.95400000000001,0
2,5849,4026,3,0,170.02500000000001,0
2,5850,4034,3,0,188.15199999999999,0
2,5851,4042,3,0,166.333,0
2,5852,4050,3,0,155.511,0
2,5853,4058,3,0,176.00800000000001,0
2,5854,4066,3,0,176.06399999999999,0
2,5855,4074,3,0,168.60400000000001,0
2,5856,4082,3,0,174.815,0
2,5857,4090,3,0,202.03299999999999,0
2,5858,4098,3,0,193.952,0
2,5859,4106,3,0,191.22499999999999,0
2,5860,4114,3,0,148.691,0
2,5861,4122,3,0,177.298,0
2,5862,4130,3,0,197.434,0
2,5863,4138,3,0,162.292,0
2,5864,4146,3,0,197.94999999999999,0
2,5865,4154,3,0,164.53,0
2,5866,4162,3,0,173.42500000000001,0
2,5867,4170,3,0,179.387,0
2,5868,4178,3,0,144.435,0
2,5869,4186,3,0,168.602,0
2,5870,4194,3,0,181.791,0
2,5871,4202,3,0,196.899,0
2,5872,4210,3,0,197.351,0
2,5873,4218,3,0,126.056,0
2,5874,4226,3,0,189.03800000000001,0
2,5875,4234,3,0,171.952,0
2,5876,4242,3,0,132.39400000000001,0
2,5877,4250,3,0,192.77199999999999,0
2,5878,4258,3,0,186.06299999999999,0
2,5879,4266,3,0,189.03700000000001,0
2,5880,4274,3,0,166.31200000000001,0
2,5881,4282,3,0,184.042,0
2,5882,4290,3,0,185.30600000000001,0
2,5883,4298,3,0,186.93600000000001,0
2,5884,4306,3,0,181.99100000000001,0
2,5885,4314,3,0,167.97499999999999,0
2,5886,4322,3,0,129.81399999999999,0
2,5887,4330,3,0,153.41200000000001,0
2,5888,4338,3,0,163.15100000000001,0
2,5889,4346,3,0,143.94399999999999,0
2,5890,4354,3,0,155.52799999999999,0
2,5891,4362,3,0,175.202,0
2,5892,4370,3,0,148.03,0
2,5893,4378,3,0,184.93799999999999,0
2,5894,4386,3,0,179.93700000000001,0
2,5895,4394,3,0,150.63499999999999,0
2,5896,4402,3,0,172.04599999999999,0
2,5897,4410,3,0,195.45599999999999,0
2,5898,4418,3,0,175.08099999999999,0
2,5899,4426,3,0,162.251,0
2,5900,4434,3,0,179.453,0
2,5901,4442,3,0,198.09800000000001,0
2,5902,4450,3,0,165.24600000000001,0
2,5903,4458,3,0,159.928,0
2,5904,4466,3,0,188.78200000000001,0
2,5905,4474,3,0,169.172,0
2,5906,4482,3,0,179.78899999999999,0
2,5907,4490,3,0,158.583,0
2,5908,4498,3,0,183.47499999999999,0
2,5909,4506,3,0,193.02500000000001,0
2,5910,4514,3,0,153.77000000000001,0
2,5911,4522,3,0,198.09999999999999,0
2,5912,4530,3,0,186.06700000000001,0
2,5913,4538,3,0,171.59,0
2,5914,4546,3,0,162.55500000000001,0
2,5915,4554,3,0,189.50399999999999,0
2,5916,4562,3,0,176.24600000000001,0
2,5917,4570,3,0,182.23599999999999,0
2,5918,4578,3,0,159.89099999999999,0
2,5919,4586,3,0,134.23099999999999,0
2,5920,4594,3,0,176.77799999999999,0
2,5921,4602,3,0,154.108,0
2,5922,4610,3,0,226.82499999999999,0
2,5923,4618,3,0,178.55000000000001,0
2,5924,4626,3,0,189.23500000000001,0
2,5925,4634,3,0,144.43799999999999,0
2,5926,4642,3,0,202.703,0
2,5927,4650,3,0,173.19999999999999,0
2,5928,4658,3,0,157.95599999999999,0
2,5929,4666,3,0,135.23099999999999,0
2,5930,4674,3,0,174.55699999999999,0
2,5931,4682,3,0,193.834,0
2,5932,4690,3,0,176.81200000000001,0
2,5933,4698,3,0,215.23099999999999,0
2,5934,4706,3,0,177.232,0
2,5935,4714,3,0,180.34899999999999,0
2,5936,4722,3,0,155.601,0
2,5937,4730,3,0,170.52500000000001,0
2,5938,4738,3,0,174.56999999999999,0
2,5939,4746,3,0,179.56800000000001,0
2,5940,4754,3,0,134.041,0
2,5941,4762,3,0,187.71199999999999,0
2,5942,4770,3,0,178.23099999999999,0
2,5943,4778,3,0,157.959,0
2,5944,4786,3,0,194.21799999999999,0
2,5945,4794,3,0,149.029,0
2,5946,4802,3,0,165.96700000000001,0
2,5947,4810,3,0,156.94,0
2,5948,4818,3,0,187.761,0
2,5949,4826,3,0,148.626,0
2,5950,4834,3,0,183.72800000000001,0
2,5951,4842,3,0,195.25800000000001,0
2,5952,4850,3,0,182.398,0
2,5953,4858,3,0,186.97900000000001,0
2,5954,4866,3,0,183.53899999999999,0
2,5955,4874,3,0,166.50999999999999,0
2,5956,4882,3,0,189.78999999999999,0
2,5957,4890,3,0,148.91900000000001,0
2,5958,4898,3,0,183.54300000000001,0
2,5959,4906,3,0,175.30799999999999,0
2,5960,4914,3,0,236.62,0
2,5961,4922,3,0,189.441,0
2,5962,4930,3,0,183.249,0
2,5963,4938,3,0,182.64400000000001,0
2,5964,4946,3,0,183.244,0
2,5965,4954,3,0,183.67400000000001,0
2,5966,4962,3,0,186.65000000000001,0
2,5967,4970,3,0,141.33099999999999,0
2,5968,4978,3,0,171.12100000000001,0
2,5969,4986,3,0,193.28700000000001,0
2,5970,4994,3,0,196.76900000000001,0
2,5971,5002,3,0,199.98099999999999,0
2,5972,5010,3,0,189.31800000000001,0
2,5973,5018,3,0,168.00399999999999,0
2,5974,5026,3,0,171.72200000000001,0
2,5975,5034,3,0,160.494,0
2,5976,5042,3,0,160.83199999999999,0
2,5977,5050,3,0,192.83500000000001,0
2,5978,5058,3,0,202.90899999999999,0
2,5979,5066,3,0,180.05500000000001,0
2,5980,5074,3,0,161.142,0
2,5981,5082,3,0,183.42099999999999,0
2,5982,5090,3,0,145.86199999999999,0
2,5983,5098,3,0,193.441,0
2,5984,5106,3,0,190.173,0
2,5985,5114,3,0,178.565,0
2,5986,5122,3,0,174.017,0
2,5987,5130,3,0,173.864,0
2,5988,5138,3,0,163.11600000000001,0
2,5989,5146,3,0,186.40700000000001,0
2,5990,5154,3,0,184.38999999999999,0
2,5991,5162,3,0,193.10599999999999,0
2,5992,5170,3,0,184.11699999999999,0
2,5993,5178,3,0,184.21100000000001,0
2,5994,5186,3,0,166.81299999999999,0
2,5995,5194,3,0,196.23500000000001,0
2,5996,5202,3,0,173.39099999999999,0
2,5997,5210,3,0,177.25299999999999,0
2,5998,5218,3,0,136.77199999999999,0
2,5999,5226,3,0,154.91800000000001,0
2,6000,5234,3,0,190.40299999999999,0
2,6001,5242,3,0,183.52099999999999,0
2,6002,5250,3,0,137.59899999999999,0
2,6003,5258,3,0,202.499,0
2,6004,5266,3,0,144.63999999999999,0
2,6005,5274,3,0,191.86500000000001,0
2,6006,5282,3,0,206.655,0
2,6007,5290,3,0,190.74199999999999,0
2,6008,5298,3,0,149.048,0
2,6009,5306,3,0,201.00399999999999,0
2,6010,5314,3,0,184.06200000000001,0
2,6011,5322,3,0,210.17400000000001,0
2,6012,5330,3,0,174.89400000000001,0
2,6013,5338,3,0,135.09999999999999,0
2,6014,5346,3,0,182.40799999999999,0
2,6015,5354,3,0,154.72800000000001,0
2,6016,5362,3,0,200.554,0
2,6017,5370,3,0,181.749,0
2,6018,5378,3,0,166.47800000000001,0
2,6019,5386,3,0,188.16800000000001,0
2,6020,5394,3,0,168.44900000000001,0
2,6021,5402,3,0,196.374,0
2,6022,5410,3,0,189.09200000000001,0
2,6023,5418,3,0,179.226,0
2,6024,5426,3,0,177.22900000000001,0
2,6025,5434,3,0,164.92500000000001,0
2,6026,5442,3,0,185.267,0
2,6027,5450,3,0,156.17500000000001,0
2,6028,5458,3,0,177.648,0
2,6029,5466,3,0,204.374,0
2,6030,5474,3,0,179.89500000000001,0
2,6031,5482,3,0,168.81800000000001,0
2,6032,5490,3,0,164.57599999999999,0
2,6033,5498,3,0,186.785,0
2,6034,5506,3,0,178.965,0
2,6035,5514,3,0,162.50899999999999,0
2,6036,5522,3,0,173.661,0
2,6037,5530,3,0,185.33600000000001,0
2,6038,5538,3,0,162.01400000000001,0
2,6039,5546,3,0,175.80199999999999,0
2,6040,5554,3,0,171.714,0
2,6041,5562,3,0,192.18799999999999,0
2,6042,5570,3,0,187.06899999999999,0
2,6043,5578,3,0,183.815,0
2,6044,5586,3,0,163.48599999999999,0
2,6045,5594,3,0,192.68700000000001,0
2,6046,5602,3,0,165.83600000000001,0
2,6047,5610,3,0,187.87799999999999,0
2,6048,5618,3,0,118.005,0
2,6049,5626,3,0,178.70500000000001,0
2,6050,5634,3,0,188.822,0
2,6051,5642,3,0,180.791,0
2,6052,5650,3,0,180.63999999999999,0
2,6053,5658,3,0,171.636,0
2,6054,5666,3,0,144.988,0
2,6055,5674,3,0,180.91399999999999,0
2,6056,5682,3,0,142.107,0
2,6057,5690,3,0,179.40700000000001,0
2,6058,5698,3,0,176.61799999999999,0
2,6059,5706,3,0,150.886,0
2,6060,5714,3,0,167.94399999999999,0
2,6061,5722,3,0,118.608,0
2,6062,5730,3,0,198.55500000000001,0
2,6063,5738,3,0,154.09999999999999,0
2,6064,5746,3,0,202.99000000000001,0
2,6065,5754,3,0,164.559,0
2,6066,5762,3,0,160.446,0
2,6067,5770,3,0,156.37200000000001,0
2,6068,5778,3,0,165.21000000000001,0
2,6069,5786,3,0,192.72,0
2,6070,5794,3,0,189.81999999999999,0
2,6071,5802,3,0,179.80699999999999,0
2,6072,5810,3,0,196.44300000000001,0
2,6073,5818,3,0,177.78299999999999,0
2,6074,5826,3,0,188.06700000000001,0
2,6075,5834,3,0,182.608,0
2,6076,5842,3,0,190.12200000000001,0
2,6077,5850,3,0,162.70500000000001,0
2,6078,5858,3,0,181.04900000000001,0
2,6079,5866,3,0,192.90000000000001,0
2,6080,5874,3,0,182.934,0
2,6081,5882,3,0,167.09899999999999,0
2,6082,5890,3,0,162.24100000000001,0
2,6083,5898,3,0,177.161,0
2,6084,5906,3,0,193.68600000000001,0
2,6085,5914,3,0,142.09200000000001,0
2,6086,5922,3,0,200.065,0
2,6087,5930,3,0,136.768,0
2,6088,5938,3,0,182.81399999999999,0
2,6089,5946,3,0,191.18899999999999,0
2,6090,5954,3,0,211.00999999999999,0
2,6091,5962,3,0,198.393,0
2,6092,5970,3,0,127.783,0
2,6093,5978,3,0,153.15700000000001,0
2,6094,5986,3,0,190.98699999999999,0
2,6095,5994,3,0,165.572,0
2,6096,6002,3,0,165.143,0
2,6097,6010,3,0,178.21600000000001,0
2,6098,6018,3,0,196.684,0
2,6099,6026,3,0,188.137,0
2,6100,6034,3,0,149.86099999999999,0
2,6101,6042,3,0,191.727,0
2,6102,6050,3,0,129.376,0
2,6103,6058,3,0,167.22499999999999,0
2,6104,6066,3,0,197.78,0
2,6105,6074,3,0,166.00800000000001,0
2,6106,6082,3,0,187.24600000000001,0
2,6107,6090,3,0,197.08000000000001,0
2,6108,6098,3,0,175.566,0
2,6109,6106,3,0,194.417,0
2,6110,6114,3,0,188.453,0
2,6111,6122,3,0,204.61699999999999,0
2,6112,6130,3,0,195.696,0
2,6113,6138,3,0,165.744,0
2,6114,6146,3,0,198.501,0
2,6115,6154,3,0,206.51900000000001,0
2,6116,6162,3,0,167.33799999999999,0
2,6117,6170,3,0,177.21899999999999,0
2,6118,6178,3,0,204.25700000000001,0
2,6119,6186,3,0,151.31200000000001,0
2,6120,6194,3,0,157.24600000000001,0
2,6121,6202,3,0,199.179,0
2,6122,6210,3,0,197.25399999999999,0
2,6123,6218,3,0,180,0
2,6124,6226,3,0,196.59899999999999,0
2,6125,6234,3,0,192.19999999999999,0
2,6126,6242,3,0,194.202,0
2,6127,6250,3,0,196.09200000000001,0
2,6128,6258,3,0,179.999,0
2,6129,6266,3,0,183.417,0
2,6130,6274,3,0,182.06299999999999,0
2,6131,6282,3,0,205.797,0
2,6132,6290,3,0,178.79900000000001,0
2,6133,6298,3,0,187.137,0
2,6134,6306,3,0,199.119,0
2,6135,6314,3,0,178.327,0
2,6136,6322,3,0,156.81999999999999,0
2,6137,6330,3,0,138.16200000000001,0
2,6138,6338,3,0,176.92699999999999,0
2,6139,6346,3,0,181.893,0
2,6140,6354,3,0,139.69800000000001,0
2,6141,6362,3,0,180.904,0
2,6142,6370,3,0,161.29499999999999,0
2,6143,6378,3,0,179.934,0
2,6144,6386,3,0,164.96799999999999,0
2,6145,6394,3,0,142.97399999999999,0
2,6146,6402,3,0,166.517,0
2,6147,6410,3,0,165.58000000000001,0
2,6148,6418,3,0,185.727,0
2,6149,6426,3,0,178.732,0
2,6150,6434,3,0,174.96199999999999,0
2,6151,6442,3,0,204.34999999999999,0
2,6152,6450,3,0,205.18000000000001,0
2,6153,6458,3,0,130.017,0
2,6154,6466,3,0,185.47300000000001,0
2,6155,6474,3,0,145.28299999999999,0
2,6156,6482,3,0,169.56,0
2,6157,6490,3,0,157.24799999999999,0
2,6158,6498,3,0,183.21899999999999,0
2,6159,6506,3,0,188.30699999999999,0
2,6160,6514,3,0,175.91999999999999,0
2,6161,6522,3,0,194.91800000000001,0
2,6162,6530,3,0,200.92599999999999,0
2,6163,6538,3,0,197.40899999999999,0
2,6164,6546,3,0,147.01599999999999,0
2,6165,6554,3,0,135.65600000000001,0
2,6166,6562,3,0,173.04900000000001,0
2,6167,6570,3,0,199.26499999999999,0
2,6168,6578,3,0,203.762,0
2,6169,6586,3,0,172.59100000000001,0
2,6170,6594,3,0,196.81200000000001,0
2,6171,6602,3,0,175.62,0
2,6172,6610,3,0,184.86600000000001,0
2,6173,6618,3,0,177.953,0
2,6174,6626,3,0,186.94800000000001,0
2,6175,6634,3,0,168.761,0
2,6176,6642,3,0,213.66200000000001,0
2,6177,6650,3,0,183.12799999999999,0
2,6178,6658,3,0,180.06800000000001,0
2,6179,6666,3,0,179.41999999999999,0
2,6180,6674,3,0,212.37100000000001,0
2,6181,6682,3,0,197.26300000000001,0
2,6182,6690,3,0,171.88200000000001,0
2,6183,6698,3,0,150.45099999999999,0
2,6184,6706,3,0,163.60499999999999,0
2,6185,6714,3,0,189.96000000000001,0
2,6186,6722,3,0,150.572,0
2,6187,6730,3,0,192.405,0
2,6188,6738,3,0,172.679,0
2,6189,6746,3,0,112.075,0
2,6190,6754,3,0,179.24000000000001,0
2,6191,6762,3,0,162.232,0
2,6192,6770,3,0,172.93899999999999,0
2,6193,6778,3,0,181.30500000000001,0
2,6194,6786,3,0,142.614,0
2,6195,6794,3,0,194.25800000000001,0
2,6196,6802,3,0,162.446,0
2,6197,6810,3,0,186.899,0
2,6198,6818,3,0,195.084,0
2,6199,6826,3,0,170.916,0
2,6200,6834,3,0,192.142,0
2,6201,6842,3,0,170.148,0
2,6202,6850,3,0,210.18299999999999,0
2,6203,6858,3,0,132.447,0
2,6204,6866,3,0,156.459,0
2,6205,6874,3,0,182.19399999999999,0
2,6206,6882,3,0,161.732,0
2,6207,6890,3,0,207.46700000000001,0
2,6208,6898,3,0,171.24799999999999,0
2,6209,6906,3,0,172.37799999999999,0
2,6210,6914,3,0,177.28999999999999,0
2,6211,6922,3,0,203.27500000000001,0
2,6212,6930,3,0,168.18100000000001,0
2,6213,6938,3,0,157.11799999999999,0
2,6214,6946,3,0,190.94900000000001,0
2,6215,6954,3,0,188.13200000000001,0
2,6216,6962,3,0,182.09700000000001,0
2,6217,6970,3,0,203.03,0
2,6218,6978,3,0,172.03100000000001,0
2,6219,6986,3,0,186.334,0
2,6220,6994,3,0,196.816,0
2,6221,7002,3,0,192.262,0
2,6222,7010,3,0,125.34099999999999,0
2,6223,7018,3,0,176.53999999999999,0
2,6224,7026,3,0,149.30799999999999,0
2,6225,7034,3,0,156.56800000000001,0
2,6226,7042,3,0,130.38999999999999,0
2,6227,7050,3,0,168.61600000000001,0
2,6228,7058,3,0,179.13200000000001,0
2,6229,7066,3,0,176.33799999999999,0
2,6230,7074,3,0,166.30000000000001,0
2,6231,7082,3,0,160.88900000000001,0
2,6232,7090,3,0,179.88999999999999,0
2,6233,7098,3,0,194.44900000000001,0
2,6234,7106,3,0,127.36499999999999,0
2,6235,7114,3,0,176.69999999999999,0
2,6236,7122,3,0,164.70400000000001,0
2,6237,7130,3,0,196.042,0
2,6238,7138,3,0,185.46199999999999,0
2,6239,7146,3,0,187.06700000000001,0
2,6240,7154,3,0,193.67400000000001,0
2,6241,7162,3,0,169.06399999999999,0
2,6242,7170,3,0,173.834,0
2,6243,7178,3,0,172.85300000000001,0
2,6244,7186,3,0,154.965,0
2,6245,7194,3,0,125.283,0
2,6246,7202,3,0,191.249,0
2,6247,7210,3,0,186.328,0
2,6248,7218,3,0,171.70699999999999,0
2,6249,7226,3,0,166.04300000000001,0
2,6250,7234,3,0,149.31899999999999,0
2,6251,7242,3,0,190.15600000000001,0
2,6252,7250,3,0,148.078,0
2,6253,7258,3,0,179.40899999999999,0
2,6254,7266,3,0,202.81800000000001,0
2,6255,7274,3,0,140.21000000000001,0
2,6256,7282,3,0,176.727,0
2,6257,7290,3,0,181.77000000000001,0
2,6258,7298,3,0,156.471,0
2,6259,7306,3,0,186.27000000000001,0
2,6260,7314,3,0,203.44999999999999,0
2,6261,7322,3,0,189.066,0
2,6262,7330,3,0,187.059,0
2,6263,7338,3,0,183.01300000000001,0
2,6264,7346,3,0,184.69,0
2,6265,7354,3,0,181.773,0
2,6266,7362,3,0,238.03299999999999,0
2,6267,7370,3,0,195.63,0
2,6268,7378,3,0,195.21799999999999,0
2,6269,7386,3,0,168.59399999999999,0
2,6270,7394,3,0,195.87100000000001,0
2,6271,7402,3,0,185.99000000000001,0
2,6272,7410,3,0,174.63399999999999,0
2,6273,7418,3,0,201.09399999999999,0
2,6274,7426,3,0,191.649,0
2,6275,7434,3,0,184.72399999999999,0
2,6276,7442,3,0,210.30099999999999,0
2,6277,7450,3,0,173.88900000000001,0
2,6278,7458,3,0,173.357,0
2,6279,7466,3,0,192.726,0
2,6280,7474,3,0,201.59299999999999,0
2,6281,7482,3,0,198.54400000000001,0
2,6282,7490,3,0,178.745,0
2,6283,7498,3,0,171.73699999999999,0
2,6284,7506,3,0,206.25999999999999,0
2,6285,7514,3,0,170.36600000000001,0
2,6286,7522,3,0,186.24600000000001,0
2,6287,7530,3,0,156.18000000000001,0
2,6288,7538,3,0,195.74299999999999,0
2,6289,7546,3,0,180.983,0
2,6290,7554,3,0,207.68199999999999,0
2,6291,7562,3,0,184.613,0
2,6292,7570,3,0,201.56899999999999,0
2,6293,7578,3,0,217.642,0
2,6294,7586,3,0,160.18199999999999,0
2,6295,7594,3,0,206.73699999999999,0
2,6296,7602,3,0,174.042,0
2,6297,7610,3,0,164.65199999999999,0
2,6298,7618,3,0,181.19999999999999,0
2,6299,7626,3,0,195.86199999999999,0
2,6300,7634,3,0,181.75,0
2,6301,7642,3,0,177.19200000000001,0
2,6302,7650,3,0,203.262,0
2,6303,7658,3,0,201.70599999999999,0
2,6304,7666,3,0,199.71199999999999,0
2,6305,7674,3,0,178.63499999999999,0
2,6306,7682,3,0,182.80500000000001,0
2,6307,7690,3,0,174.41800000000001,0
2,6308,7698,3,0,160.89500000000001,0
2,6309,7706,3,0,158.93199999999999,0
2,6310,7714,3,0,183.922,0
2,6311,7722,3,0,184.244,0
2,6312,7730,3,0,194.58799999999999,0
2,6313,7738,3,0,184.32499999999999,0
2,6314,7746,3,0,157.42099999999999,0
2,6315,7754,3,0,144.214,0
2,6316,7762,3,0,176.45099999999999,0
2,6317,7770,3,0,136.649,0
2,6318,7778,3,0,218.01499999999999,0
2,6319,7786,3,0,163.024,0
2,6320,7794,3,0,221.09700000000001,0
2,6321,7802,3,0,205.85300000000001,0
2,6322,7810,3,0,150.29300000000001,0
2,6323,7818,3,0,180.39400000000001,0
2,6324,7826,3,0,119.158,0
2,6325,7834,3,0,150.673,0
2,6326,7842,3,0,190.048,0
2,6327,7850,3,0,180.29499999999999,0
2,6328,7858,3,0,193.05600000000001,0
2,6329,7866,3,0,188.66,0
2,6330,7874,3,0,182.47900000000001,0
2,6331,7882,3,0,180.512,0
2,6332,7890,3,0,188.14699999999999,0
2,6333,7898,3,0,180.494,0
2,6334,7906,3,0,155.65199999999999,0
2,6335,7914,3,0,149.202,0
2,6336,7922,3,0,186.887,0
2,6337,7930,3,0,198.584,0
2,6338,7938,3,0,177.62799999999999,0
2,6339,7946,3,0,170.75700000000001,0
2,6340,7954,3,0,208.74199999999999,0
2,6341,7962,3,0,137.499,0
2,6342,7970,3,0,155.34800000000001,0
2,6343,7978,3,0,161.398,0
2,6344,7986,3,0,195.88800000000001,0
2,6345,7994,3,0,196.37100000000001,0
2,6346,8002,3,0,129.22999999999999,0
2,6347,8010,3,0,190.01900000000001,0
2,6348,8018,3,0,148.523,0
2,6349,8026,3,0,195.24000000000001,0
2,6350,8034,3,0,173.619,0
2,6351,8042,3,0,150.02799999999999,0
2,6352,8050,3,0,189.76300000000001,0
2,6353,8058,3,0,179.70400000000001,0
2,6354,8066,3,0,144.446,0
2,6355,8074,3,0,164.84899999999999,0
2,6356,8082,3,0,147.56299999999999,0
2,6357,8090,3,0,193.798,0
2,6358,8098,3,0,193.19900000000001,0
2,6359,8106,3,0,164.55000000000001,0
2,6360,8114,3,0,178.309,0
2,6361,8122,3,0,174.773,0
2,6362,8130,3,0,184.81200000000001,0
2,6363,8138,3,0,140.26599999999999,0
2,6364,8146,3,0,162.56999999999999,0
2,6365,8154,3,0,200.09299999999999,0
2,6366,8162,3,0,124.517,0
2,6367,8170,3,0,187.13200000000001,0
2,6368,8178,3,0,195.548,0
2,6369,8186,3,0,169.215,0
2,6370,8194,3,0,188.38200000000001,0
2,6371,8202,3,0,195.36099999999999,0
2,6372,8210,3,0,188.63800000000001,0
2,6373,8218,3,0,200.358,0
2,6374,8226,3,0,180.608,0
2,6375,8234,3,0,185.167,0
2,6376,8242,3,0,171.011,0
2,6377,8250,3,0,203.61699999999999,0
2,6378,8258,3,0,209.66900000000001,0
2,6379,8266,3,0,295.517,0
2,6380,8274,3,0,162.74600000000001,0
2,6381,8282,3,0,186.32499999999999,0
2,6382,8290,3,0,175.11199999999999,0
2,6383,8298,3,0,158.07300000000001,0
2,6384,8306,3,0,184.04900000000001,0
2,6385,8314,3,0,199.94800000000001,0
2,6386,8322,3,0,176.285,0
2,6387,8330,3,0,188.536,0
2,6388,8338,3,0,154.25399999999999,0
2,6389,8346,3,0,187.61699999999999,0
2,6390,8354,3,0,141.86500000000001,0
2,6391,8362,3,0,192.62,0
2,6392,8370,3,0,145.821,0
2,6393,8378,3,0,171.41,0
2,6394,8386,3,0,182.83000000000001,0
2,6395,8394,3,0,205.06399999999999,0
2,6396,8402,3,0,201.078,0
2,6397,8410,3,0,188.5,0
2,6398,8418,3,0,202.02699999999999,0
2,6399,8426,3,0,175.44,0
2,6400,8434,3,0,179.364,0
2,6401,8442,3,0,188.70500000000001,0
2,6402,8450,3,0,197.35599999999999,0
2,6403,8458,3,0,190.434,0
2,6404,8466,3,0,179.96000000000001,0
2,6405,8474,3,0,140.661,0
2,6406,8482,3,0,170.69200000000001,0
2,6407,8490,3,0,181.49100000000001,0
2,6408,8498,3,0,134.61500000000001,0
2,6409,8506,3,0,174.02799999999999,0
2,6410,8514,3,0,195.86199999999999,0
2,6411,8522,3,0,161.21299999999999,0
2,6412,8530,3,0,186.94200000000001,0
2,6413,8538,3,0,167.30699999999999,0
2,6414,8546,3,0,192.20500000000001,0
2,6415,8554,3,0,195.73400000000001,0
2,6416,8562,3,0,168.44,0
2,6417,8570,3,0,163.49100000000001,0
2,6418,8578,3,0,193.946,0
2,6419,8586,3,0,174.23400000000001,0
2,6420,8594,3,0,191.50700000000001,0
2,6421,8602,3,0,188.173,0
2,6422,8610,3,0,194.66499999999999,0
2,6423,8618,3,0,173.37100000000001,0
2,6424,8626,3,0,164.71199999999999,0
2,6425,8634,3,0,192.65000000000001,0
2,6426,8642,3,0,190.81399999999999,0
2,6427,8650,3,0,182.21899999999999,0
2,6428,8658,3,0,181.63900000000001,0
2,6429,8666,3,0,193.49000000000001,0
2,6430,8674,3,0,228.76400000000001,0
2,6431,8682,3,0,193.02199999999999,0
2,6432,8690,3,0,178.22200000000001,0
2,6433,8698,3,0,141.429,0
2,6434,8706,3,0,176.95699999999999,0
2,6435,8714,3,0,155.66999999999999,0
2,6436,8722,3,0,180.06899999999999,0
2,6437,8730,3,0,181.154,0
2,6438,8738,3,0,189.322,0
2,6439,8746,3,0,189.637,0
2,6440,8754,3,0,137.19800000000001,0
2,6441,8762,3,0,215.45599999999999,0
2,6442,8770,3,0,198.386,0
2,6443,8778,3,0,162.12,0
2,6444,8786,3,0,122.447,0
2,6445,8794,3,0,164.256,0
2,6446,8802,3,0,186.17099999999999,0
2,6447,8810,3,0,189.029,0
2,6448,8818,3,0,138.40000000000001,0
2,6449,8826,3,0,181.84700000000001,0
2,6450,8834,3,0,199.31,0
2,6451,8842,3,0,205.92400000000001,0
2,6452,8850,3,0,138.227,0
2,6453,8858,3,0,199.56899999999999,0
2,6454,8866,3,0,175.03299999999999,0
2,6455,8874,3,0,144.374,0
2,6456,8882,3,0,188.858,0
2,6457,8890,3,0,210.928,0
2,6458,8898,3,0,203.93799999999999,0
2,6459,8906,3,0,193.66999999999999,0
2,6460,8914,3,0,193.55199999999999,0
2,6461,8922,3,0,177.578,0
2,6462,8930,3,0,181.27099999999999,0
2,6463,8938,3,0,200.81299999999999,0
2,6464,8946,3,0,185.00700000000001,0
2,6465,8954,3,0,211.48599999999999,0
2,6466,8962,3,0,230.53,0
2,6467,8970,3,0,193.626,0
2,6468,8978,3,0,197.36000000000001,0
2,6469,8986,3,0,188.971,0
2,6470,8994,3,0,184.745,0
2,6471,9002,3,0,180.27600000000001,0
2,6472,9010,3,0,169.482,0
2,6473,9018,3,0,187.542,0
2,6474,9026,3,0,147.96000000000001,0
2,6475,9034,3,0,176.12799999999999,0
2,6476,9042,3,0,172.52000000000001,0
2,6477,9050,3,0,186.745,0
2,6478,9058,3,0,204.078,0
2,6479,9066,3,0,179.834,0
2,6480,9074,3,0,156.01300000000001,0
2,6481,9082,3,0,204.84100000000001,0
2,6482,9090,3,0,185.505,0
2,6483,9098,3,0,182.03800000000001,0
2,6484,9106,3,0,155.63200000000001,0
2,6485,9114,3,0,171.30000000000001,0
2,6486,9122,3,0,182.44800000000001,0
2,6487,9130,3,0,193.86799999999999,0
2,6488,9138,3,0,175.875,0
2,6489,9146,3,0,167.76499999999999,0
2,6490,9154,3,0,137.78700000000001,0
2,6491,9162,3,0,150.66499999999999,0
2,6492,9170,3,0,191.292,0
2,6493,9178,3,0,177.524,0
2,6494,9186,3,0,144.53200000000001,0
2,6495,9194,3,0,207.26900000000001,0
2,6496,9202,3,0,169.672,0
2,6497,9210,3,0,169.57499999999999,0
2,6498,9218,3,0,179.786,0
2,6499,9226,3,0,183.87200000000001,0
2,6500,9234,3,0,181.214,0
2,6501,9242,3,0,181.39699999999999,0
2,6502,9250,3,0,194.333,0
2,6503,9258,3,0,157.358,0
2,6504,9266,3,0,149.821,0
2,6505,9274,3,0,171.47200000000001,0
2,6506,9282,3,0,118.959,0
2,6507,9290,3,0,179.62200000000001,0
2,6508,9298,3,0,185.61600000000001,0
2,6509,9306,3,0,168.75899999999999,0
2,6510,9314,3,0,160.279,0
2,6511,9322,3,0,182.834,0
2,6512,9330,3,0,140.63300000000001,0
2,6513,9338,3,0,181.46700000000001,0
2,6514,9346,3,0,201.36699999999999,0
2,6515,9354,3,0,180.38900000000001,0
2,6516,9362,3,0,196.78200000000001,0
2,6517,9370,3,0,153.499,0
2,6518,9378,3,0,175.55000000000001,0
2,6519,9386,3,0,153.90700000000001,0
2,6520,9394,3,0,184.285,0
2,6521,9402,3,0,180.50700000000001,0
2,6522,9410,3,0,182.21700000000001,0
2,6523,9418,3,0,176.292,0
2,6524,9426,3,0,184.80099999999999,0
2,6525,9434,3,0,193.99600000000001,0
2,6526,9442,3,0,171.19900000000001,0
2,6527,9450,3,0,167.70500000000001,0
2,6528,9458,3,0,165.53299999999999,0
2,6529,9466,3,0,191.911,0
2,6530,9474,3,0,173.02000000000001,0
2,6531,9482,3,0,175.05199999999999,0
2,6532,9490,3,0,174.52600000000001,0
2,6533,9498,3,0,179.53700000000001,0
2,6534,9506,3,0,163.29400000000001,0
2,6535,9514,3,0,164.17699999999999,0
2,6536,9522,3,0,182.10900000000001,0
2,6537,9530,3,0,146.66900000000001,0
2,6538,9538,3,0,207.00399999999999,0
2,6539,9546,3,0,190.03899999999999,0
2,6540,9554,3,0,168.108,0
2,6541,9562,3,0,180.292,0
2,6542,9570,3,0,206.649,0
2,6543,9578,3,0,179.196,0
2,6544,9586,3,0,138.27699999999999,0
2,6545,9594,3,0,149.94499999999999,0
2,6546,9602,3,0,160.14500000000001,0
2,6547,9610,3,0,188.56700000000001,0
2,6548,9618,3,0,179.46299999999999,0
2,6549,9626,3,0,159.88999999999999,0
2,6550,9634,3,0,169.083,0
2,6551,9642,3,0,172.495,0
2,6552,9650,3,0,167.886,0
2,6553,9658,3,0,154.81800000000001,0
2,6554,9666,3,0,160.86500000000001,0
2,6555,9674,3,0,187.505,0
2,6556,9682,3,0,218.874,0
2,6557,9690,3,0,201.99100000000001,0
2,6558,9698,3,0,160.316,0
2,6559,9706,3,0,162.893,0
2,6560,9714,3,0,170.798,0
2,6561,9722,3,0,180.476,0
2,6562,9730,3,0,167.935,0
2,6563,9738,3,0,192.839,0
2,6564,9746,3,0,186.286,0
2,6565,9754,3,0,166.857,0
2,6566,9762,3,0,179.00899999999999,0
2,6567,9770,3,0,172.13900000000001,0
2,6568,9778,3,0,198.845,0
2,6569,9786,3,0,174.34700000000001,0
2,6570,9794,3,0,196.46600000000001,0
2,6571,9802,3,0,168.22900000000001,0
2,6572,9810,3,0,193.18899999999999,0
2,6573,9818,3,0,176.46000000000001,0
2,6574,9826,3,0,190.036,0
2,6575,9834,3,0,149.31800000000001,0
2,6576,9842,3,0,184.96299999999999,0
2,6577,9850,3,0,171.84,0
2,6578,9858,3,0,191.54499999999999,0
2,6579,9866,3,0,210.44200000000001,0
2,6580,9874,3,0,185.72200000000001,0
2,6581,9882,3,0,163.858,0
2,6582,9890,3,0,153.36600000000001,0
2,6583,9898,3,0,174.24799999999999,0
2,6584,9906,3,0,176.916,0
2,6585,9914,3,0,161.166,0
2,6586,9922,3,0,167.65899999999999,0
2,6587,9930,3,0,150.22200000000001,0
2,6588,9938,3,0,157.31100000000001,0
2,6589,9946,3,0,214.14500000000001,0
2,6590,9954,3,0,191.00899999999999,0
2,6591,9962,3,0,184.99299999999999,0
2,6592,9970,3,0,198.821,0
2,6593,9978,3,0,200.048,0
2,6594,9986,3,0,188.99000000000001,0
2,6595,9994,3,0,167.81700000000001,0
2,6596,10002,3,0,189.773,0
2,6597,10010,3,0,198.11500000000001,0
2,6598,10018,3,0,174.744,0
2,6599,10026,3,0,222.86199999999999,0
2,6600,10034,3,0,163.852,0
2,6601,10042,3,0,207.38,0
2,6602,10050,3,0,173.60400000000001,0
2,6603,10058,3,0,206.81299999999999,0
2,6604,10066,3,0,142.79499999999999,0
2,6605,10074,3,0,202.66800000000001,0
2,6606,10082,3,0,127.752,0
2,6607,10090,3,0,182.42500000000001,0
2,6608,10098,3,0,175.86799999999999,0
2,6609,10106,3,0,141.48699999999999,0
2,6610,10114,3,0,172.00899999999999,0
2,6611,10122,3,0,179.08699999999999,0
2,6612,10130,3,0,185.03100000000001,0
2,6613,10138,3,0,191.744,0
2,6614,10146,3,0,198.363,0
2,6615,10154,3,0,162.07300000000001,0
2,6616,10162,3,0,202.642,0
2,6617,10170,3,0,164.96000000000001,0
2,6618,10178,3,0,184.02099999999999,0
2,6619,10186,3,0,172.97800000000001,0
2,6620,10194,3,0,190.40299999999999,0
2,6621,10202,3,0,193.84700000000001,0
2,6622,10210,3,0,173.351,0
2,6623,10218,3,0,188.66999999999999,0
2,6624,10226,3,0,168.98699999999999,0
2,6625,10234,3,0,168.13499999999999,0
2,6626,10242,3,0,125.09699999999999,0
2,6627,10250,3,0,172.05799999999999,0
2,6628,10258,3,0,133.494,0
2,6629,10266,3,0,189.62100000000001,0
2,6630,10274,3,0,176.23500000000001,0
2,6631,10282,3,0,188.31700000000001,0
2,6632,10290,3,0,135.47499999999999,0
2,6633,10298,3,0,194.858,0
2,6634,10306,3,0,210.28,0
2,6635,10314,3,0,173.30099999999999,0
2,6636,10322,3,0,192.703,0
2,6637,10330,3,0,144.626,0
2,6638,10338,3,0,189.935,0
2,6639,10346,3,0,127.206,0
2,6640,10354,3,0,158.86199999999999,0
2,6641,10362,3,0,171.18100000000001,0
2,6642,10370,3,0,188.69999999999999,0
2,6643,10378,3,0,195.12299999999999,0
2,6644,10386,3,0,155.45500000000001,0
2,6645,10394,3,0,189.37,0
2,6646,10402,3,0,186.126,0
2,6647,10410,3,0,193.68100000000001,0
2,6648,10418,3,0,194.99799999999999,0
2,6649,10426,3,0,187.476,0
2,6650,10434,3,0,175.083,0
2,6651,10442,3,0,210.71799999999999,0
2,6652,10450,3,0,194.279,0
2,6653,10458,3,0,131.679,0
2,6654,10466,3,0,210.84299999999999,0
2,6655,10474,3,0,187.98699999999999,0
2,6656,10482,3,0,162.66,0
2,6657,10490,3,0,191.80500000000001,0
2,6658,10498,3,0,184.404,0
2,6659,10506,3,0,198.24100000000001,0
2,6660,10514,3,0,166.50800000000001,0
2,6661,10522,3,0,173.73599999999999,0
2,6662,10530,3,0,189.95699999999999,0
2,6663,10538,3,0,213.69999999999999,0
2,6664,10546,3,0,187.36000000000001,0
2,6665,10554,3,0,162.75399999999999,0
2,6666,10562,3,0,186.96199999999999,0
2,6667,10570,3,0,151.33699999999999,0
2,6668,10578,3,0,169.947,0
2,6669,10586,3,0,186.44399999999999,0
2,6670,10594,3,0,135.126,0
2,6671,10602,3,0,168.946,0
2,6672,10610,3,0,176.233,0
2,6673,10618,3,0,173.04499999999999,0
2,6674,10626,3,0,188.35300000000001,0
2,6675,10634,3,0,161.935,0
2,6676,10642,3,0,155.84700000000001,0
2,6677,10650,3,0,201.34299999999999,0
2,6678,10658,3,0,173.09999999999999,0
2,6679,10666,3,0,195.268,0
2,6680,10674,3,0,184.202,0
2,6681,10682,3,0,191.24299999999999,0
2,6682,10690,3,0,159.57300000000001,0
2,6683,10698,3,0,195.44499999999999,0
2,6684,10706,3,0,223.84,0
2,6685,10714,3,0,184.941,0
2,6686,10722,3,0,185.251,0
2,6687,10730,3,0,191.971,0
2,6688,10738,3,0,186.095,0
2,6689,10746,3,0,193.51599999999999,0
2,6690,10754,3,0,194.21000000000001,0
2,6691,10762,3,0,180.41399999999999,0
2,6692,10770,3,0,126.941,0
2,6693,10778,3,0,158.273,0
2,6694,10786,3,0,154.958,0
2,6695,10794,3,0,176.02199999999999,0
2,6696,10802,3,0,162.547,0
2,6697,10810,3,0,185.761,0
2,6698,10818,3,0,154.739,0
2,6699,10826,3,0,160.52799999999999,0
2,6700,10834,3,0,196.32900000000001,0
2,6701,10842,3,0,185.108,0
2,6702,10850,3,0,180.45400000000001,0
2,6703,10858,3,0,197.93100000000001,0
2,6704,10866,3,0,196.84,0
2,6705,10874,3,0,204.215,0
2,6706,10882,3,0,146.64400000000001,0
2,6707,10890,3,0,187.279,0
2,6708,10898,3,0,189.88900000000001,0
2,6709,10906,3,0,175.101,0
2,6710,10914,3,0,163.392,0
2,6711,10922,3,0,121.245,0
2,6712,10930,3,0,192.036,0
2,6713,10938,3,0,177.47,0
2,6714,10946,3,0,197.97499999999999,0
2,6715,10954,3,0,203.47200000000001,0
2,6716,10962,3,0,188.04300000000001,0
2,6717,10970,3,0,219.673,0
2,6718,10978,3,0,177.90899999999999,0
2,6719,10986,3,0,187.10400000000001,0
2,6720,10994,3,0,167.827,0
2,6721,11002,3,0,164.83600000000001,0
2,6722,11010,3,0,187.67500000000001,0
2,6723,11018,3,0,194.06800000000001,0
2,6724,11026,3,0,177.965,0
2,6725,11034,3,0,191.10400000000001,0
2,6726,11042,3,0,164.273,0
2,6727,11050,3,0,202.40000000000001,0
2,6728,11058,3,0,154.74799999999999,0
2,6729,11066,3,0,196.25200000000001,0
2,6730,11074,3,0,132.44200000000001,0
2,6731,11082,3,0,171.816,0
2,6732,11090,3,0,139.63300000000001,0
2,6733,11098,3,0,187.18199999999999,0
2,6734,11106,3,0,195.25800000000001,0
2,6735,11114,3,0,158.11699999999999,0
2,6736,11122,3,0,176.27000000000001,0
2,6737,11130,3,0,165.79300000000001,0
2,6738,11138,3,0,200.024,0
2,6739,11146,3,0,199.33000000000001,0
2,6740,11154,3,0,127.52800000000001,0
2,6741,11162,3,0,163.57400000000001,0
2,6742,11170,3,0,162.11699999999999,0
2,6743,11178,3,0,155.28399999999999,0
2,6744,11186,3,0,167.655,0
2,6745,11194,3,0,118.486,0
2,6746,11202,3,0,189.935,0
2,6747,11210,3,0,195.346,0
2,6748,11218,3,0,178.59100000000001,0
2,6749,11226,3,0,179.953,0
2,6750,11234,3,0,132.15199999999999,0
2,6751,11242,3,0,182.77699999999999,0
2,6752,11250,3,0,184.291,0
2,6753,11258,3,0,187.67500000000001,0
2,6754,11266,3,0,183.76900000000001,0
2,6755,11274,3,0,162.95699999999999,0
2,6756,11282,3,0,175.03299999999999,0
2,6757,11290,3,0,120.795,0
2,6758,11298,3,0,199.221,0
2,6759,11306,3,0,150.876,0
2,6760,11314,3,0,155.71100000000001,0
2,6761,11322,3,0,172.29499999999999,0
2,6762,11330,3,0,166.83000000000001,0
2,6763,11338,3,0,214.37100000000001,0
2,6764,11346,3,0,194.80199999999999,0
2,6765,11354,3,0,152.096,0
2,6766,11362,3,0,151.083,0
2,6767,11370,3,0,168.05000000000001,0
2,6768,11378,3,0,217.482,0
2,6769,11386,3,0,158.56899999999999,0
2,6770,11394,3,0,202.55199999999999,0
2,6771,11402,3,0,162.227,0
2,6772,11410,3,0,187.023,0
2,6773,11418,3,0,183.238,0
2,6774,11426,3,0,171.179,0
2,6775,11434,3,0,154.386,0
2,6776,11442,3,0,188.28399999999999,0
2,6777,11450,3,0,174.517,0
2,6778,11458,3,0,194.33699999999999,0
2,6779,11466,3,0,177.62299999999999,0
2,6780,11474,3,0,178.43600000000001,0
2,6781,11482,3,0,141.41399999999999,0
2,6782,11490,3,0,151.00800000000001,0
2,6783,11498,3,0,193.76400000000001,0
2,6784,11506,3,0,188.65000000000001,0
2,6785,11514,3,0,137.85400000000001,0
2,6786,11522,3,0,171.31899999999999,0
2,6787,11530,3,0,179.38,0
2,6788,11538,3,0,169.01599999999999,0
2,6789,11546,3,0,180.00200000000001,0
2,6790,11554,3,0,199.62100000000001,0
2,6791,11562,3,0,169.57599999999999,0
2,6792,11570,3,0,185.446,0
2,6793,11578,3,0,190.88499999999999,0
2,6794,11586,3,0,158.51300000000001,0
2,6795,11594,3,0,174.18899999999999,0
2,6796,11602,3,0,181.12100000000001,0
2,6797,11610,3,0,217.23500000000001,0
2,6798,11618,3,0,130.084,0
2,6799,11626,3,0,193.607,0
2,6800,11634,3,0,184.667,0
2,6801,11642,3,0,176.02099999999999,0
2,6802,11650,3,0,143.98500000000001,0
2,6803,11658,3,0,183.31100000000001,0
2,6804,11666,3,0,145.512,0
2,6805,11674,3,0,185.78700000000001,0
2,6806,11682,3,0,191.471,0
2,6807,11690,3,0,186.33500000000001,0
2,6808,11698,3,0,206.922,0
2,6809,11706,3,0,168.99299999999999,0
2,6810,11714,3,0,150.06800000000001,0
2,6811,11722,3,0,181.55099999999999,0
2,6812,11730,3,0,205.21600000000001,0
2,6813,11738,3,0,170.71299999999999,0
2,6814,11746,3,0,174.33600000000001,0
2,6815,11754,3,0,181.97,0
2,6816,11762,3,0,175.28899999999999,0
2,6817,11770,3,0,183.238,0
2,6818,11778,3,0,192.25899999999999,0
2,6819,11786,3,0,193.422,0
2,6820,11794,3,0,174.64599999999999,0
2,6821,11802,3,0,164.85300000000001,0
2,6822,11810,3,0,185.48400000000001,0
2,6823,11818,3,0,159.78899999999999,0
2,6824,11826,3,0,185.74299999999999,0
2,6825,11834,3,0,180.80600000000001,0
2,6826,11842,3,0,192.649,0
2,6827,11850,3,0,169.76599999999999,0
2,6828,11858,3,0,183.49600000000001,0
2,6829,11866,3,0,161.423,0
2,6830,11874,3,0,169.505,0
2,6831,11882,3,0,177.251,0
2,6832,11890,3,0,188.15799999999999,0
2,6833,11898,3,0,151.423,0
2,6834,11906,3,0,175.18799999999999,0
2,6835,11914,3,0,198.29499999999999,0
2,6836,11922,3,0,161.904,0
2,6837,11930,3,0,198.423,0
2,6838,11938,3,0,194.03399999999999,0
2,6839,11946,3,0,160.61199999999999,0
2,6840,11954,3,0,182.53899999999999,0
2,6841,11962,3,0,186.34299999999999,0
2,6842,11970,3,0,184.81,0
2,6843,11978,3,0,198.47399999999999,0
2,6844,11986,3,0,162.96100000000001,0
2,6845,11994,3,0,191.79300000000001,0
2,6846,12002,3,0,184.88800000000001,0
2,6847,12010,3,0,199.47300000000001,0
2,6848,12018,3,0,192.90600000000001,0
2,6849,12026,3,0,227.20099999999999,0
2,6850,12034,3,0,170.364,0
2,6851,12042,3,0,191.108,0
2,6852,12050,3,0,211.93700000000001,0
2,6853,12058,3,0,209.44300000000001,0
2,6854,12066,3,0,185.27600000000001,0
2,6855,12074,3,0,166.27600000000001,0
2,6856,12082,3,0,181.215,0
2,6857,12090,3,0,164.261,0
2,6858,12098,3,0,168.46299999999999,0
2,6859,12106,3,0,191.24700000000001,0
2,6860,12114,3,0,186.83099999999999,0
2,6861,12122,3,0,179.45699999999999,0
2,6862,12130,3,0,185.00399999999999,0
2,6863,12138,3,0,190.989,0
2,6864,12146,3,0,188.446,0
2,6865,12154,3,0,159.03800000000001,0
2,6866,12162,3,0,147.52500000000001,0
2,6867,12170,3,0,190.10900000000001,0
2,6868,12178,3,0,173.99199999999999,0
2,6869,12186,3,0,180.64500000000001,0
2,6870,12194,3,0,193.48500000000001,0
2,6871,12202,3,0,172.107,0
2,6872,12210,3,0,195.95099999999999,0
2,6873,12218,3,0,174.00399999999999,0
2,6874,12226,3,0,184.87,0
2,6875,12234,3,0,175.87100000000001,0
2,6876,12242,3,0,218.16999999999999,0
2,6877,12250,3,0,154.89400000000001,0
2,6878,12258,3,0,171.55799999999999,0
2,6879,12266,3,0,178.40199999999999,0
2,6880,12274,3,0,173.48699999999999,0
2,6881,12282,3,0,195.21799999999999,0
2,6882,12290,3,0,183.27199999999999,0
2,6883,12298,3,0,191.113,0
2,6884,12306,3,0,170.00200000000001,0
2,6885,12314,3,0,154.23099999999999,0
2,6886,12322,3,0,153.99000000000001,0
2,6887,12330,3,0,196.56700000000001,0
2,6888,12338,3,0,149.71100000000001,0
2,6889,12346,3,0,185.328,0
2,6890,12354,3,0,158.386,0
2,6891,12362,3,0,162.28399999999999,0
2,6892,12370,3,0,167.721,0
2,6893,12378,3,0,188.66300000000001,0
2,6894,12386,3,0,158.51499999999999,0
2,6895,12394,3,0,207.74199999999999,0
2,6896,12402,3,0,243.374,0
2,6897,12410,3,0,185.85499999999999,0
2,6898,12418,3,0,177.76900000000001,0
2,6899,12426,3,0,159.02199999999999,0
2,6900,12434,3,0,186.602,0
2,6901,12442,3,0,155.536,0
2,6902,12450,3,0,177.41999999999999,0
2,6903,12458,3,0,203.33099999999999,0
2,6904,12466,3,0,170.87899999999999,0
2,6905,12474,3,0,163.19800000000001,0
2,6906,12482,3,0,151.82900000000001,0
2,6907,12490,3,0,190.446,0
2,6908,12498,3,0,147.98699999999999,0
2,6909,12506,3,0,198.44499999999999,0
2,6910,12514,3,0,179.25399999999999,0
2,6911,12522,3,0,169.66800000000001,0
2,6912,12530,3,0,200.77099999999999,0
2,6913,12538,3,0,135.63300000000001,0
2,6914,12546,3,0,161.386,0
2,6915,12554,3,0,188.482,0
2,6916,12562,3,0,197.43199999999999,0
2,6917,12570,3,0,156.55099999999999,0
2,6918,12578,3,0,178.739,0
2,6919,12586,3,0,182.358,0
2,6920,12594,3,0,195.49600000000001,0
2,6921,12602,3,0,181.66300000000001,0
2,6922,12610,3,0,167.55099999999999,0
2,6923,12618,3,0,180.98599999999999,0
2,6924,12626,3,0,200.65700000000001,0
2,6925,12634,3,0,177.98500000000001,0
2,6926,12642,3,0,189.798,0
2,6927,12650,3,0,212.42599999999999,0
2,6928,12658,3,0,149.56800000000001,0
2,6929,12666,3,0,180.71899999999999,0
2,6930,12674,3,0,153.64500000000001,0
2,6931,12682,3,0,138.124,0
2,6932,12690,3,0,158.40899999999999,0
2,6933,12698,3,0,213.286,0
2,6934,12706,3,0,188.81200000000001,0
2,6935,12714,3,0,176.946,0
2,6936,12722,3,0,128.89400000000001,0
2,6937,12730,3,0,173.267,0
2,6938,12738,3,0,190.69,0
2,6939,12746,3,0,178.75800000000001,0
2,6940,12754,3,0,182.86699999999999,0
2,6941,12762,3,0,123.294,0
2,6942,12770,3,0,212.006,0
2,6943,12778,3,0,200.84100000000001,0
2,6944,12786,3,0,159.15000000000001,0
2,6945,12794,3,0,179.75299999999999,0
2,6946,12802,3,0,173.745,0
2,6947,12810,3,0,182.27199999999999,0
2,6948,12818,3,0,164.83699999999999,0
2,6949,12826,3,0,166.624,0
2,6950,12834,3,0,199.81700000000001,0
2,6951,12842,3,0,161.38399999999999,0
2,6952,12850,3,0,137.72399999999999,0
2,6953,12858,3,0,198.589,0
2,6954,12866,3,0,184.78999999999999,0
2,6955,12874,3,0,167.44499999999999,0
2,6956,12882,3,0,149.46799999999999,0
2,6957,12890,3,0,191.173,0
2,6958,12898,3,0,191.31200000000001,0
2,6959,12906,3,0,179.91800000000001,0
2,6960,12914,3,0,151.798,0
2,6961,12922,3,0,119.21599999999999,0
2,6962,12930,3,0,194.97999999999999,0
2,6963,12938,3,0,162.48699999999999,0
2,6964,12946,3,0,183.97499999999999,0
2,6965,12954,3,0,185.87,0
2,6966,12962,3,0,159.328,0
2,6967,12970,3,0,194.50800000000001,0
2,6968,12978,3,0,201.35599999999999,0
2,6969,12986,3,0,123.176,0
2,6970,12994,3,0,184.26599999999999,0
2,6971,13002,3,0,201.232,0
2,6972,13010,3,0,144.88300000000001,0
2,6973,13018,3,0,179.01499999999999,0
2,6974,13026,3,0,140.59100000000001,0
2,6975,13034,3,0,187.20699999999999,0
2,6976,13042,3,0,184.798,0
2,6977,13050,3,0,200.358,0
2,6978,13058,3,0,190.786,0
2,6979,13066,3,0,165.12700000000001,0
2,6980,13074,3,0,186.792,0
2,6981,13082,3,0,184.53399999999999,0
2,6982,13090,3,0,192.75899999999999,0
2,6983,13098,3,0,189.761,0
2,6984,13106,3,0,162.36699999999999,0
2,6985,13114,3,0,191.45599999999999,0
2,6986,13122,3,0,176.24299999999999,0
2,6987,13130,3,0,202.155,0
2,6988,13138,3,0,202.03700000000001,0
2,6989,13146,3,0,147.37100000000001,0
2,6990,13154,3,0,207.49100000000001,0
2,6991,13162,3,0,189.58500000000001,0
2,6992,13170,3,0,189.09899999999999,0
2,6993,13178,3,0,158.69200000000001,0
2,6994,13186,3,0,168.62,0
2,6995,13194,3,0,137.685,0
2,6996,13202,3,0,175.042,0
2,6997,13210,3,0,164.66900000000001,0
2,6998,13218,3,0,200.88,0
2,6999,13226,3,0,161.43600000000001,0
2,7000,13234,3,0,189.50299999999999,0
2,7001,13242,3,0,173.52099999999999,0
2,7002,13250,3,0,180.57599999999999,0
2,7003,13258,3,0,162.727,0
2,7004,13266,3,0,201.27099999999999,0
2,7005,13274,3,0,180.227,0
2,7006,13282,3,0,193.11799999999999,0
2,7007,13290,3,0,172.428,0
2,7008,13298,3,0,192.75700000000001,0
2,7009,13306,3,0,178.96100000000001,0
2,7010,13314,3,0,185.63,0
2,7011,13322,3,0,193.88300000000001,0
2,7012,13330,3,0,135.39400000000001,0
2,7013,13338,3,0,187.82900000000001,0
2,7014,13346,3,0,167.09399999999999,0
2,7015,13354,3,0,127.581,0
2,7016,13362,3,0,189.416,0
2,7017,13370,3,0,182.09,0
2,7018,13378,3,0,151.72999999999999,0
2,7019,13386,3,0,199.928,0
2,7020,13394,3,0,186.99600000000001,0
2,7021,13402,3,0,196.60599999999999,0
2,7022,13410,3,0,187.738,0
2,7023,13418,3,0,182.661,0
2,7024,13426,3,0,205.804,0
2,7025,13434,3,0,171.09,0
2,7026,13442,3,0,120.623,0
2,7027,13450,3,0,185.46799999999999,0
2,7028,13458,3,0,179.172,0
2,7029,13466,3,0,183.697,0
2,7030,13474,3,0,158.14699999999999,0
2,7031,13482,3,0,188.14099999999999,0
2,7032,13490,3,0,156.929,0
2,7033,13498,3,0,202.358,0
2,7034,13506,3,0,122.72,0
2,7035,13514,3,0,157.386,0
2,7036,13522,3,0,181.834,0
2,7037,13530,3,0,176.77000000000001,0
2,7038,13538,3,0,178.62,0
2,7039,13546,3,0,177.227,0
2,7040,13554,3,0,171.35300000000001,0
2,7041,13562,3,0,163.32900000000001,0
2,7042,13570,3,0,168.262,0
2,7043,13578,3,0,185.90000000000001,0
2,7044,13586,3,0,200.94999999999999,0
2,7045,13594,3,0,127.93899999999999,0
2,7046,13602,3,0,183.232,0
2,7047,13610,3,0,170.066,0
2,7048,13618,3,0,174.86600000000001,0
2,7049,13626,3,0,158.43799999999999,0
2,7050,13634,3,0,185.072,0
2,7051,13642,3,0,140.59899999999999,0
2,7052,13650,3,0,148.44800000000001,0
2,7053,13658,3,0,156.82900000000001,0
2,7054,13666,3,0,151.36199999999999,0
2,7055,13674,3,0,199.91,0
2,7056,13682,3,0,152.04499999999999,0
2,7057,13690,3,0,128.244,0
2,7058,13698,3,0,171.274,0
2,7059,13706,3,0,162.762,0
2,7060,13714,3,0,173.67699999999999,0
2,7061,13722,3,0,158.57400000000001,0
2,7062,13730,3,0,181.76300000000001,0
2,7063,13738,3,0,155.86799999999999,0
2,7064,13746,3,0,145.178,0
2,7065,13754,3,0,171.523,0
2,7066,13762,3,0,186.12100000000001,0
2,7067,13770,3,0,187.309,0
2,7068,13778,3,0,194.33099999999999,0
2,7069,13786,3,0,182.22900000000001,0
2,7070,13794,3,0,169.73599999999999,0
2,7071,13802,3,0,189.05699999999999,0
2,7072,13810,3,0,182.36500000000001,0
2,7073,13818,3,0,189.25200000000001,0
2,7074,13826,3,0,166.12,0
2,7075,13834,3,0,134.673,0
2,7076,13842,3,0,157.03800000000001,0
2,7077,13850,3,0,179.08699999999999,0
2,7078,13858,3,0,172.64400000000001,0
2,7079,13866,3,0,204.833,0
2,7080,13874,3,0,173.44200000000001,0
2,7081,13882,3,0,152.22999999999999,0
2,7082,13890,3,0,121.748,0
2,7083,13898,3,0,158.244,0
2,7084,13906,3,0,167.21799999999999,0
2,7085,13914,3,0,173.24199999999999,0
2,7086,13922,3,0,169.18899999999999,0
2,7087,13930,3,0,171.98400000000001,0
2,7088,13938,3,0,173.28299999999999,0
2,7089,13946,3,0,158.184,0
2,7090,13954,3,0,161.97399999999999,0
2,7091,13962,3,0,169.197,0
2,7092,13970,3,0,169.95099999999999,0
2,7093,13978,3,0,176.88800000000001,0
2,7094,13986,3,0,171.59999999999999,0
2,7095,13994,3,0,184.21000000000001,0
2,7096,14002,3,0,172.036,0
2,7097,14010,3,0,183.57900000000001,0
2,7098,14018,3,0,187.21299999999999,0
2,7099,14026,3,0,141.434,0
2,7100,14034,3,0,182.26300000000001,0
2,7101,14042,3,0,174.56,0
2,7102,14050,3,0,164.69800000000001,0
2,7103,14058,3,0,189.64699999999999,0
2,7104,14066,3,0,171.042,0
2,7105,14074,3,0,176.25700000000001,0
2,7106,14082,3,0,144.846,0
2,7107,14090,3,0,154.191,0
2,7108,14098,3,0,154.417,0
2,7109,14106,3,0,178.36199999999999,0
2,7110,14114,3,0,191.30699999999999,0
2,7111,14122,3,0,194.98400000000001,0
2,7112,14130,3,0,188.97800000000001,0
2,7113,14138,3,0,166.33199999999999,0
2,7114,14146,3,0,183.86500000000001,0
2,7115,14154,3,0,163.67500000000001,0
2,7116,14162,3,0,199.345,0
2,7117,14170,3,0,177.81700000000001,0
2,7118,14178,3,0,184.387,0
2,7119,14186,3,0,165.71000000000001,0
2,7120,14194,3,0,127.739,0
2,7121,14202,3,0,180.50700000000001,0
2,7122,14210,3,0,169.149,0
2,7123,14218,3,0,196.77799999999999,0
2,7124,14226,3,0,199.75299999999999,0
2,7125,14234,3,0,164.98599999999999,0
2,7126,14242,3,0,191.172,0
2,7127,14250,3,0,129.55099999999999,0
3,0,3,0,0,200.98599999999999,0
3,1,11,0,0,201.55099999999999,0
3,2,19,0,0,178.37100000000001,0
3,3,27,0,0,187.464,0
3,4,35,0,0,149.57599999999999,0
3,5,43,0,0,195.21000000000001,0
3,6,51,0,0,159.34800000000001,0
3,7,59,0,0,180.86699999999999,0
3,8,67,0,0,177.679,0
3,9,75,0,0,137.59100000000001,0
3,10,83,0,0,107.82599999999999,0
3,11,91,0,0,175.80099999999999,0
3,12,99,0,0,204.49700000000001,0
3,13,107,0,0,183.70500000000001,0
3,14,115,0,0,197.14699999999999,0
3,15,123,0,0,175.52000000000001,0
3,16,131,0,0,185.25999999999999,0
3,17,139,0,0,201.48500000000001,0
3,18,147,0,0,176.81200000000001,0
3,19,155,0,0,200.34200000000001,0
3,20,163,0,0,195.13,0
3,21,171,0,0,172.221,0
3,22,179,0,0,152.07300000000001,0
3,23,187,0,0,201.61600000000001,0
3,24,195,0,0,200.94900000000001,0
3,25,203,0,0,169.28700000000001,0
3,26,211,0,0,175.10900000000001,0
3,27,219,0,0,204.01499999999999,0
3,28,227,0,0,178.18799999999999,0
3,29,235,0,0,166.946,0
3,30,243,0,0,162.65000000000001,0
3,31,251,0,0,160.31399999999999,0
3,32,259,0,0,189.85300000000001,0
3,33,267,0,0,183.916,0
3,34,275,0,0,181.33500000000001,0
3,35,283,0,0,168.02000000000001,0
3,36,291,0,0,170.941,0
3,37,299,0,0,130.53700000000001,0
3,38,307,0,0,181.87299999999999,0
3,39,315,0,0,133.15299999999999,0
3,40,323,0,0,160.827,0
3,41,331,0,0,204.745,0
3,42,339,0,0,183.636,0
3,43,347,0,0,192.66200000000001,0
3,44,355,0,0,163.20599999999999,0
3,45,363,0,0,155.54400000000001,0
3,46,371,0,0,189.947,0
3,47,379,0,0,144.51499999999999,0
3,48,387,0,0,186.602,0
3,49,395,0,0,181.428,0
3,50,403,0,0,165.00299999999999,0
3,51,411,0,0,208.82900000000001,0
3,52,419,0,0,188.22800000000001,0
3,53,427,0,0,167.68199999999999,0
3,54,435,0,0,162.404,0
3,55,443,0,0,158.68000000000001,0
3,56,451,0,0,193.035,0
3,57,459,0,0,183.167,0
3,58,467,0,0,181.577,0
3,59,475,0,0,178.44900000000001,0
3,60,483,0,0,180.56200000000001,0
3,61,491,0,0,187.80000000000001,0
3,62,499,0,0,152.58500000000001,0
3,63,507,0,0,203.435,0
3,64,515,0,0,181.83000000000001,0
3,65,523,0,0,145.30799999999999,0
3,66,531,0,0,186.90000000000001,0
3,67,539,0,0,137.25700000000001,0
3,68,547,0,0,182.07300000000001,0
3,69,555,0,0,182.08199999999999,0
3,70,563,0,0,173.78700000000001,0
3,71,571,0,0,208.47399999999999,0
3,72,579,0,0,146.50399999999999,0
3,73,587,0,0,185.78999999999999,0
3,74,595,0,0,150.756,0
3,75,603,0,0,184.77000000000001,0
3,76,611,0,0,195.20099999999999,0
3,77,619,0,0,200.56100000000001,0
3,78,627,0,0,172.60499999999999,0
3,79,635,0,0,165.99000000000001,0
3,80,643,0,0,246.55500000000001,0
3,81,651,0,0,155.08199999999999,0
3,82,659,0,0,158.92500000000001,0
3,83,667,0,0,203.22300000000001,0
3,84,675,0,0,157.78,0
3,85,683,0,0,179.453,0
3,86,691,0,0,177.82499999999999,0
3,87,699,0,0,197.73599999999999,0
3,88,707,0,0,181.77699999999999,0
3,89,715,0,0,190.517,0
3,90,723,0,0,192.375,0
3,91,731,0,0,186.833,0
3,92,739,0,0,158.66399999999999,0
3,93,747,0,0,187.232,0
3,94,755,0,0,203.179,0
3,95,763,0,0,187.71700000000001,0
3,96,771,0,0,182.33699999999999,0
3,97,779,0,0,183.30000000000001,0
3,98,787,0,0,152.31100000000001,0
3,99,795,0,0,173.14599999999999,0
3,100,803,0,0,190.11099999999999,0
3,101,811,0,0,178.03100000000001,0
3,102,819,0,0,165.517,0
3,103,827,0,0,155.495,0
3,104,835,0,0,173.88900000000001,0
3,105,843,0,0,187.27199999999999,0
3,106,851,0,0,165.404,0
3,107,859,0,0,188.51400000000001,0
3,108,867,0,0,193.00999999999999,0
3,109,875,0,0,160.797,0
3,110,883,0,0,182.24000000000001,0
3,111,891,0,0,176.74299999999999,0
3,112,899,0,0,174.05199999999999,0
3,113,907,0,0,191.95099999999999,0
3,114,915,0,0,191.661,0
3,115,923,0,0,166.798,0
3,116,931,0,0,120.27800000000001,0
3,117,939,0,0,171.02500000000001,0
3,118,947,0,0,186.76300000000001,0
3,119,955,0,0,166.17099999999999,0
3,120,963,0,0,144.65199999999999,0
3,121,971,0,0,150.17500000000001,0
3,122,979,0,0,178.202,0
3,123,987,0,0,160.37700000000001,0
3,124,995,0,0,217.387,0
3,125,1003,0,0,189.31100000000001,0
3,126,1011,0,0,197.249,0
3,127,1019,0,0,168.30099999999999,0
3,128,1027,0,0,150.02500000000001,0
3,129,1035,0,0,166.88,0
3,130,1043,0,0,168.60300000000001,0
3,131,1051,0,0,148.17099999999999,0
3,132,1059,0,0,180.53899999999999,0
3,133,1067,0,0,175.429,0
3,134,1075,0,0,174.51400000000001,0
3,135,1083,0,0,175.578,0
3,136,1091,0,0,211.02600000000001,0
3,137,1099,0,0,163.291,0
3,138,1107,0,0,213.87899999999999,0
3,139,1115,0,0,162.43899999999999,0
3,140,1123,0,0,156.81899999999999,0
3,141,1131,0,0,178.131,0
3,142,1139,0,0,173.499,0
3,143,1147,0,0,161.21199999999999,0
3,144,1155,0,0,177.73500000000001,0
3,145,1163,0,0,181.624,0
3,146,1171,0,0,183.476,0
3,147,1179,0,0,181.94399999999999,0
3,148,1187,0,0,183.773,0
3,149,1195,0,0,154.55500000000001,0
3,150,1203,0,0,181.94800000000001,0
3,151,1211,0,0,183.24299999999999,0
3,152,1219,0,0,167.346,0
3,153,1227,0,0,175.667,0
3,154,1235,0,0,167.37299999999999,0
3,155,1243,0,0,178.25200000000001,0
3,156,1251,0,0,163.07599999999999,0
3,157,1259,0,0,167.19900000000001,0
3,158,1267,0,0,174.673,0
3,159,1275,0,0,168.131,0
3,160,1283,0,0,187.512,0
3,161,1291,0,0,188.39500000000001,0
3,162,1299,0,0,111.04300000000001,0
3,163,1307,0,0,171.46199999999999,0
3,164,1315,0,0,191,0
3,165,1323,0,0,197.88900000000001,0
3,166,1331,0,0,185.01300000000001,0
3,167,1339,0,0,189.62899999999999,0
3,168,1347,0,0,165.488,0
3,169,1355,0,0,175.99199999999999,0
3,170,1363,0,0,170.376,0
3,171,1371,0,0,181.714,0
3,172,1379,0,0,159.10599999999999,0
3,173,1387,0,0,190.68899999999999,0
3,174,1395,0,0,174.29300000000001,0
3,175,1403,0,0,164.22399999999999,0
3,176,1411,0,0,152.06999999999999,0
3,177,1419,0,0,176.886,0
3,178,1427,0,0,168.089,0
3,179,1435,0,0,193.542,0
3,180,1443,0,0,182.583,0
3,181,1451,0,0,176.87,0
3,182,1459,0,0,167.60400000000001,0
3,183,1467,0,0,152.88499999999999,0
3,184,1475,0,0,170.47999999999999,0
3,185,1483,0,0,143.10400000000001,0
3,186,1491,0,0,182.85300000000001,0
3,187,1499,0,0,185.13499999999999,0
3,188,1507,0,0,156.155,0
3,189,1515,0,0,181.07400000000001,0
3,190,1523,0,0,170.11699999999999,0
3,191,1531,0,0,188.57599999999999,0
3,192,1539,0,0,193.47300000000001,0
3,193,1547,0,0,129.11000000000001,0
3,194,1555,0,0,188.322,0
3,195,1563,0,0,197.72300000000001,0
3,196,1571,0,0,145.697,0
3,197,1579,0,0,143.40199999999999,0
3,198,1587,0,0,168.15299999999999,0
3,199,1595,0,0,158.648,0
3,200,1603,0,0,183.01300000000001,0
3,201,1611,0,0,202.38999999999999,0
3,202,1619,0,0,186.96799999999999,0
3,203,1627,0,0,181.31399999999999,0
3,204,1635,0,0,193.15799999999999,0
3,205,1643,0,0,134.85300000000001,0
3,206,1651,0,0,158.304,0
3,207,1659,0,0,163.24600000000001,0
3,208,1667,0,0,182.91,0
3,209,1675,0,0,157.834,0
3,210,1683,0,0,178.65199999999999,0
3,211,1691,0,0,179.31800000000001,0
3,212,1699,0,0,180.75700000000001,0
3,213,1707,0,0,183.62,0
3,214,1715,0,0,150.15899999999999,0
3,215,1723,0,0,188.29499999999999,0
3,216,1731,0,0,164.52699999999999,0
3,217,1739,0,0,168.911,0
3,218,1747,0,0,183.56100000000001,0
3,219,1755,0,0,163.75,0
3,220,1763,0,0,163.90799999999999,0
3,221,1771,0,0,175.96000000000001,0
3,222,1779,0,0,155.49700000000001,0
3,223,1787,0,0,179.09700000000001,0
3,224,1795,0,0,191.262,0
3,225,1803,0,0,186.36099999999999,0
3,226,1811,0,0,157.255,0
3,227,1819,0,0,169.65600000000001,0
3,228,1827,0,0,157.19,0
3,229,1835,0,0,166.417,0
3,230,1843,0,0,188.09399999999999,0
3,231,1851,0,0,186.05199999999999,0
3,232,1859,0,0,131.072,0
3,233,1867,0,0,187.25899999999999,0
3,234,1875,0,0,224.42699999999999,0
3,235,1883,0,0,190.36799999999999,0
3,236,1891,0,0,189.453,0
3,237,1899,0,0,180.48500000000001,0
3,238,1907,0,0,177.881,0
3,239,1915,0,0,183.53700000000001,0
3,240,1923,0,0,219.08699999999999,0
3,241,1931,0,0,146.57599999999999,0
3,242,1939,0,0,193.52099999999999,0
3,243,1947,0,0,175.815,0
3,244,1955,0,0,178.26499999999999,0
3,245,1963,0,0,172.84899999999999,0
3,246,1971,0,0,189.696,0
3,247,1979,0,0,188.971,0
3,248,1987,0,0,178.596,0
3,249,1995,0,0,178.334,0
3,250,2003,0,0,160.47399999999999,0
3,251,2011,0,0,194.822,0
3,252,2019,0,0,183.52000000000001,0
3,253,2027,0,0,188.685,0
3,254,2035,0,0,194.40100000000001,0
3,255,2043,0,0,171.637,0
3,256,2051,0,0,173.29300000000001,0
3,257,2059,0,0,153.96100000000001,0
3,258,2067,0,0,157.035,0
3,259,2075,0,0,151.90700000000001,0
3,260,2083,0,0,185.405,0
3,261,2091,0,0,190.81399999999999,0
3,262,2099,0,0,158.99600000000001,0
3,263,2107,0,0,173.596,0
3,264,2115,0,0,194.98699999999999,0
3,265,2123,0,0,186.56700000000001,0
3,266,2131,0,0,195.67500000000001,0
3,267,2139,0,0,149.15700000000001,0
3,268,2147,0,0,163.66499999999999,0
3,269,2155,0,0,175.69499999999999,0
3,270,2163,0,0,180.69200000000001,0
3,271,2171,0,0,156.74000000000001,0
3,272,2179,0,0,178.23599999999999,0
3,273,2187,0,0,137.16200000000001,0
3,274,2195,0,0,196.762,0
3,275,2203,0,0,132.029,0
3,276,2211,0,0,192.19,0
3,277,2219,0,0,204.98699999999999,0
3,278,2227,0,0,186.416,0
3,279,2235,0,0,214.667,0
3,280,2243,0,0,182.369,0
3,281,2251,0,0,182.422,0
3,282,2259,0,0,163.23599999999999,0
3,283,2267,0,0,191.53800000000001,0
3,284,2275,0,0,164.751,0
3,285,2283,0,0,215.745,0
3,286,2291,0,0,194.095,0
3,287,2299,0,0,179.73400000000001,0
3,288,2307,0,0,154.61199999999999,0
3,289,2315,0,0,224.40899999999999,0
3,290,2323,0,0,171.779,0
3,291,2331,0,0,165.958,0
3,292,2339,0,0,168.88300000000001,0
3,293,2347,0,0,163.51400000000001,0
3,294,2355,0,0,199.74000000000001,0
3,295,2363,0,0,188.68899999999999,0
3,296,2371,0,0,189.03700000000001,0
3,297,2379,0,0,162.09100000000001,0
3,298,2387,0,0,183.124,0
3,299,2395,0,0,140.14599999999999,0
3,300,2403,0,0,145.82599999999999,0
3,301,2411,0,0,183.40100000000001,0
3,302,2419,0,0,175.90000000000001,0
3,303,2427,0,0,192.58699999999999,0
3,304,2435,0,0,193.642,0
3,305,2443,0,0,177.33699999999999,0
3,306,2451,0,0,165.149,0
3,307,2459,0,0,167.49000000000001,0
3,308,2467,0,0,171.95599999999999,0
3,309,2475,0,0,179.87100000000001,0
3,310,2483,0,0,177.797,0
3,311,2491,0,0,118.71599999999999,0
3,312,2499,0,0,190.84999999999999,0
3,313,2507,0,0,187.577,0
3,314,2515,0,0,183.221,0
3,315,2523,0,0,160.09999999999999,0
3,316,2531,0,0,166.21299999999999,0
3,317,2539,0,0,192.708,0
3,318,2547,0,0,185.36600000000001,0
3,319,2555,0,0,196.654,0
3,320,2563,0,0,176.749,0
3,321,2571,0,0,189.12899999999999,0
3,322,2579,0,0,198.446,0
3,323,2587,0,0,171.922,0
3,324,2595,0,0,160.32499999999999,0
3,325,2603,0,0,167.494,0
3,326,2611,0,0,181.24700000000001,0
3,327,2619,0,0,160.99600000000001,0
3,328,2627,0,0,163.53700000000001,0
3,329,2635,0,0,166.08099999999999,0
3,330,2643,0,0,178.572,0
3,331,2651,0,0,129.101,0
3,332,2659,0,0,130.97200000000001,0
3,333,2667,0,0,182.672,0
3,334,2675,0,0,200.04300000000001,0
3,335,2683,0,0,182.70699999999999,0
3,336,2691,0,0,134.10300000000001,0
3,337,2699,0,0,180.17699999999999,0
3,338,2707,0,0,158.55600000000001,0
3,339,2715,0,0,183.71299999999999,0
3,340,2723,0,0,174.34399999999999,0
3,341,2731,0,0,133.345,0
3,342,2739,0,0,178.22800000000001,0
3,343,2747,0,0,127.587,0
3,344,2755,0,0,201.67699999999999,0
3,345,2763,0,0,162.38200000000001,0
3,346,2771,0,0,117.447,0
3,347,2779,0,0,204.00899999999999,0
3,348,2787,0,0,163.35900000000001,0
3,349,2795,0,0,144.49299999999999,0
3,350,2803,0,0,167.387,0
3,351,2811,0,0,208.28,0
3,352,2819,0,0,181.791,0
3,353,2827,0,0,169.709,0
3,354,2835,0,0,178.19399999999999,0
3,355,2843,0,0,180.05199999999999,0
3,356,2851,0,0,184.28899999999999,0
3,357,2859,0,0,142.435,0
3,358,2867,0,0,169.358,0
3,359,2875,0,0,223.5,0
3,360,2883,0,0,149.23500000000001,0
3,361,2891,0,0,133.566,0
3,362,2899,0,0,189.02799999999999,0
3,363,2907,0,0,144.66,0
3,364,2915,0,0,164.92699999999999,0
3,365,2923,0,0,181.488,0
3,366,2931,0,0,169.304,0
3,367,2939,0,0,178.36099999999999,0
3,368,2947,0,0,140.55799999999999,0
3,369,2955,0,0,167.85400000000001,0
3,370,2963,0,0,215.095,0
3,371,2971,0,0,195.57599999999999,0
3,372,2979,0,0,123.922,0
3,373,2987,0,0,168.59999999999999,0
3,374,2995,0,0,182.33500000000001,0
3,375,3003,0,0,125.092,0
3,376,3011,0,0,188.14400000000001,0
3,377,3019,0,0,187.10900000000001,0
3,378,3027,0,0,124.167,0
3,379,3035,0,0,170.15100000000001,0
3,380,3043,0,0,196.83199999999999,0
3,381,3051,0,0,161.88200000000001,0
3,382,3059,0,0,186.80000000000001,0
3,383,3067,0,0,160.71000000000001,0
3,384,3075,0,0,183.77799999999999,0
3,385,3083,0,0,204.643,0
3,386,3091,0,0,144.28100000000001,0
3,387,3099,0,0,171.47399999999999,0
3,388,3107,0,0,166.37700000000001,0
3,389,3115,0,0,181.97300000000001,0
3,390,3123,0,0,205.33600000000001,0
3,391,3131,0,0,176.55199999999999,0
3,392,3139,0,0,176.733,0
3,393,3147,0,0,206.63800000000001,0
3,394,3155,0,0,191.31899999999999,0
3,395,3163,0,0,171.44,0
3,396,3171,0,0,180.63800000000001,0
3,397,3179,0,0,187.90299999999999,0
3,398,3187,0,0,166.75999999999999,0
3,399,3195,0,0,191.10400000000001,0
3,400,3203,0,0,190.95599999999999,0
3,401,3211,0,0,172.774,0
3,402,3219,0,0,134.10300000000001,0
3,403,3227,0,0,179.98400000000001,0
3,404,3235,0,0,202.44499999999999,0
3,405,3243,0,0,186.47200000000001,0
3,406,3251,0,0,145.98699999999999,0
3,407,3259,0,0,176.53700000000001,0
3,408,3267,0,0,171.126,0
3,409,3275,0,0,175.48599999999999,0
3,410,3283,0,0,186.42699999999999,0
3,411,3291,0,0,175.58099999999999,0
3,412,3299,0,0,191.11199999999999,0
3,413,3307,0,0,163.09700000000001,0
3,414,3315,0,0,170.77799999999999,0
3,415,3323,0,0,194.14699999999999,0
3,416,3331,0,0,180.97200000000001,0
3,417,3339,0,0,190.71000000000001,0
3,418,3347,0,0,208.184,0
3,419,3355,0,0,182.94999999999999,0
3,420,3363,0,0,194.63200000000001,0
3,421,3371,0,0,171.98599999999999,0
3,422,3379,0,0,190.727,0
3,423,3387,0,0,174.89699999999999,0
3,424,3395,0,0,198.86500000000001,0
3,425,3403,0,0,183.39400000000001,0
3,426,3411,0,0,182.71000000000001,0
3,427,3419,0,0,180.916,0
3,428,3427,0,0,151.68600000000001,0
3,429,3435,0,0,171.86000000000001,0
3,430,3443,0,0,178.054,0
3,431,3451,0,0,194.27000000000001,0
3,432,3459,0,0,183.31999999999999,0
3,433,3467,0,0,193.57599999999999,0
3,434,3475,0,0,182.90600000000001,0
3,435,3483,0,0,200.85599999999999,0
3,436,3491,0,0,186.18700000000001,0
3,437,3499,0,0,173.52500000000001,0
3,438,3507,0,0,152.91999999999999,0
3,439,3515,0,0,156.98400000000001,0
3,440,3523,0,0,182.39699999999999,0
3,441,3531,0,0,186.167,0
3,442,3539,0,0,156.005,0
3,443,3547,0,0,200.11699999999999,0
3,444,3555,0,0,191.62299999999999,0
3,445,3563,0,0,177.447,0
3,446,3571,0,0,169.24000000000001,0
3,447,3579,0,0,151.029,0
3,448,3587,0,0,179.893,0
3,449,3595,0,0,140.81700000000001,0
3,450,3603,0,0,189.33099999999999,0
3,451,3611,0,0,170.685,0
3,452,3619,0,0,192.55199999999999,0
3,453,3627,0,0,160.726,0
3,454,3635,0,0,177.05199999999999,0
3,455,3643,0,0,185.83000000000001,0
3,456,3651,0,0,176.988,0
3,457,3659,0,0,177.881,0
3,458,3667,0,0,149.04599999999999,0
3,459,3675,0,0,123.736,0
3,460,3683,0,0,218.666,0
3,461,3691,0,0,153.184,0
3,462,3699,0,0,184.10499999999999,0
3,463,3707,0,0,188.07300000000001,0
3,464,3715,0,0,136.71000000000001,0
3,465,3723,0,0,147.65199999999999,0
3,466,3731,0,0,150.20099999999999,0
3,467,3739,0,0,212.11600000000001,0
3,468,3747,0,0,204.869,0
3,469,3755,0,0,189.68000000000001,0
3,470,3763,0,0,184.91999999999999,0
3,471,3771,0,0,167.797,0
3,472,3779,0,0,205.41999999999999,0
3,473,3787,0,0,151.80699999999999,0
3,474,3795,0,0,158.69399999999999,0
3,475,3803,0,0,180.15899999999999,0
3,476,3811,0,0,187.43600000000001,0
3,477,3819,0,0,193.702,0
3,478,3827,0,0,159.851,0
3,479,3835,0,0,194.92099999999999,0
3,480,3843,0,0,170.03399999999999,0
3,481,3851,0,0,144.536,0
3,482,3859,0,0,174.40299999999999,0
3,483,3867,0,0,170.453,0
3,484,3875,0,0,185.06700000000001,0
3,485,3883,0,0,184.93899999999999,0
3,486,3891,0,0,184.33600000000001,0
3,487,3899,0,0,190.80099999999999,0
3,488,3907,0,0,187.71100000000001,0
3,489,3915,0,0,121.044,0
3,490,3923,0,0,201.11099999999999,0
3,491,3931,0,0,119.437,0
3,492,3939,0,0,197.74700000000001,0
3,493,3947,0,0,203.523,0
3,494,3955,0,0,156.61099999999999,0
3,495,3963,0,0,204.20099999999999,0
3,496,3971,0,0,171.65899999999999,0
3,497,3979,0,0,182.31800000000001,0
3,498,3987,0,0,178.46899999999999,0
3,499,3995,0,0,133.072,0
3,500,4003,0,0,172.90799999999999,0
3,501,4011,0,0,167.87899999999999,0
3,502,4019,0,0,208.05099999999999,0
3,503,4027,0,0,204.87299999999999,0
3,504,4035,0,0,179.23599999999999,0
3,505,4043,0,0,191.077,0
3,506,4051,0,0,194.72200000000001,0
3,507,4059,0,0,151.32499999999999,0
3,508,4067,0,0,183.55099999999999,0
3,509,4075,0,0,165.06999999999999,0
3,510,4083,0,0,180.77600000000001,0
3,511,4091,0,0,114.19199999999999,0
3,512,4099,0,0,182.328,0
3,513,4107,0,0,180.25,0
3,514,4115,0,0,191.22800000000001,0
3,515,4123,0,0,180.09899999999999,0
3,516,4131,0,0,174.06299999999999,0
3,517,4139,0,0,200.54300000000001,0
3,518,4147,0,0,185.679,0
3,519,4155,0,0,181.886,0
3,520,4163,0,0,153.102,0
3,521,4171,0,0,192.25399999999999,0
3,522,4179,0,0,194.05600000000001,0
3,523,4187,0,0,177.21299999999999,0
3,524,4195,0,0,145.27099999999999,0
3,525,4203,0,0,203.249,0
3,526,4211,0,0,161.023,0
3,527,4219,0,0,212.554,0
3,528,4227,0,0,176.25999999999999,0
3,529,4235,0,0,147.119,0
3,530,4243,0,0,189.78,0
3,531,4251,0,0,172.869,0
3,532,4259,0,0,150.51499999999999,0
3,533,4267,0,0,156.02199999999999,0
3,534,4275,0,0,162.79900000000001,0
3,535,4283,0,0,191.404,0
3,536,4291,0,0,192.80799999999999,0
3,537,4299,0,0,155.62200000000001,0
3,538,4307,0,0,182.73400000000001,0
3,539,4315,0,0,158.214,0
3,540,4323,0,0,163.06899999999999,0
3,541,4331,0,0,180.44399999999999,0
3,542,4339,0,0,134.86199999999999,0
3,543,4347,0,0,184.90299999999999,0
3,544,4355,0,0,212.947,0
3,545,4363,0,0,186.83199999999999,0
3,546,4371,0,0,184.43799999999999,0
3,547,4379,0,0,153.97800000000001,0
3,548,4387,0,0,153.78399999999999,0
3,549,4395,0,0,153.15000000000001,0
3,550,4403,0,0,138.30600000000001,0
3,551,4411,0,0,127.511,0
3,552,4419,0,0,182.74600000000001,0
3,553,4427,0,0,185.059,0
3,554,4435,0,0,169.70599999999999,0
3,555,4443,0,0,174.63800000000001,0
3,556,4451,0,0,164.93299999999999,0
3,557,4459,0,0,171.035,0
3,558,4467,0,0,159.21600000000001,0
3,559,4475,0,0,197.184,0
3,560,4483,0,0,173.04300000000001,0
3,561,4491,0,0,192.04900000000001,0
3,562,4499,0,0,164.524,0
3,563,4507,0,0,178.56100000000001,0
3,564,4515,0,0,188.24199999999999,0
3,565,4523,0,0,182.95099999999999,0
3,566,4531,0,0,190.804,0
3,567,4539,0,0,158.24799999999999,0
3,568,4547,0,0,180.61099999999999,0
3,569,4555,0,0,160.51300000000001,0
3,570,4563,0,0,185.58699999999999,0
3,571,4571,0,0,134.608,0
3,572,4579,0,0,159.465,0
3,573,4587,0,0,188.06,0
3,574,4595,0,0,188.863,0
3,575,4603,0,0,180.76900000000001,0
3,576,4611,0,0,179.75899999999999,0
3,577,4619,0,0,177.83699999999999,0
3,578,4627,0,0,159,0
3,579,4635,0,0,164.56999999999999,0
3,580,4643,0,0,181.58199999999999,0
3,581,4651,0,0,168.125,0
3,582,4659,0,0,188.29499999999999,0
3,583,4667,0,0,170.47200000000001,0
3,584,4675,0,0,195.71899999999999,0
3,585,4683,0,0,169.25700000000001,0
3,586,4691,0,0,167.101,0
3,587,4699,0,0,145.48099999999999,0
3,588,4707,0,0,213.755,0
3,589,4715,0,0,186.72200000000001,0
3,590,4723,0,0,168.72499999999999,0
3,591,4731,0,0,176.84,0
3,592,4739,0,0,165.01499999999999,0
3,593,4747,0,0,159.726,0
3,594,4755,0,0,189.39099999999999,0
3,595,4763,0,0,151.93199999999999,0
3,596,4771,0,0,182.73400000000001,0
3,597,4779,0,0,178.69399999999999,0
3,598,4787,0,0,173.68000000000001,0
3,599,4795,0,0,169.10599999999999,0
3,600,4803,0,0,189.41,0
3,601,4811,0,0,159.191,0
3,602,4819,0,0,180.202,0
3,603,4827,0,0,166.131,0
3,604,4835,0,0,178.518,0
3,605,4843,0,0,173.197,0
3,606,4851,0,0,163.851,0
3,607,4859,0,0,196.19900000000001,0
3,608,4867,0,0,168.626,0
3,609,4875,0,0,173.05799999999999,0
3,610,4883,0,0,207.452,0
3,611,4891,0,0,196.797,0
3,612,4899,0,0,150.22200000000001,0
3,613,4907,0,0,172.92500000000001,0
3,614,4915,0,0,146.887,0
3,615,4923,0,0,135.441,0
3,616,4931,0,0,198.05799999999999,0
3,617,4939,0,0,184.495,0
3,618,4947,0,0,184.749,0
3,619,4955,0,0,152.494,0
3,620,4963,0,0,166.90199999999999,0
3,621,4971,0,0,182.334,0
3,622,4979,0,0,176.40199999999999,0
3,623,4987,0,0,150.577,0
3,624,4995,0,0,173.989,0
3,625,5003,0,0,186.66,0
3,626,5011,0,0,177.864,0
3,627,5019,0,0,194.39400000000001,0
3,628,5027,0,0,138.57400000000001,0
3,629,5035,0,0,124.81699999999999,0
3,630,5043,0,0,170.11000000000001,0
3,631,5051,0,0,187.59999999999999,0
3,632,5059,0,0,204.97800000000001,0
3,633,5067,0,0,165.53899999999999,0
3,634,5075,0,0,139.73599999999999,0
3,635,5083,0,0,144.71000000000001,0
3,636,5091,0,0,198.166,0
3,637,5099,0,0,148.53700000000001,0
3,638,5107,0,0,177.65899999999999,0
3,639,5115,0,0,195.15000000000001,0
3,640,5123,0,0,183.471,0
3,641,5131,0,0,190.06299999999999,0
3,642,5139,0,0,195.79599999999999,0
3,643,5147,0,0,163.01499999999999,0
3,644,5155,0,0,188.291,0
3,645,5163,0,0,170.28100000000001,0
3,646,5171,0,0,188.97,0
3,647,5179,0,0,157.19,0
3,648,5187,0,0,198.65600000000001,0
3,649,5195,0,0,166.315,0
3,650,5203,0,0,119.996,0
3,651,5211,0,0,194.18799999999999,0
3,652,5219,0,0,118.61499999999999,0
3,653,5227,0,0,189.798,0
3,654,5235,0,0,202.911,0
3,655,5243,0,0,160.44399999999999,0
3,656,5251,0,0,180.703,0
3,657,5259,0,0,170.892,0
3,658,5267,0,0,140.30099999999999,0
3,659,5275,0,0,153.292,0
3,660,5283,0,0,163.50999999999999,0
3,661,5291,0,0,189.80099999999999,0
3,662,5299,0,0,173.084,0
3,663,5307,0,0,182.06800000000001,0
3,664,5315,0,0,156.30000000000001,0
3,665,5323,0,0,171.44499999999999,0
3,666,5331,0,0,135.41399999999999,0
3,667,5339,0,0,179.01499999999999,0
3,668,5347,0,0,163.81700000000001,0
3,669,5355,0,0,219.52699999999999,0
3,670,5363,0,0,182.69200000000001,0
3,671,5371,0,0,161.904,0
3,672,5379,0,0,200.471,0
3,673,5387,0,0,161.47,0
3,674,5395,0,0,199.22800000000001,0
3,675,5403,0,0,167.505,0
3,676,5411,0,0,170.34,0
3,677,5419,0,0,139.01599999999999,0
3,678,5427,0,0,153.142,0
3,679,5435,0,0,144.79400000000001,0
3,680,5443,0,0,163.423,0
3,681,5451,0,0,194.851,0
3,682,5459,0,0,198.49299999999999,0
3,683,5467,0,0,195.71000000000001,0
3,684,5475,0,0,197.607,0
3,685,5483,0,0,179.93000000000001,0
3,686,5491,0,0,188.983,0
3,687,5499,0,0,187.18000000000001,0
3,688,5507,0,0,180.56800000000001,0
3,689,5515,0,0,180.5,0
3,690,5523,0,0,177.82599999999999,0
3,691,5531,0,0,191.59999999999999,0
3,692,5539,0,0,158.542,0
3,693,5547,0,0,170.45099999999999,0
3,694,5555,0,0,191.023,0
3,695,5563,0,0,130.035,0
3,696,5571,0,0,177.27099999999999,0
3,697,5579,0,0,183.84100000000001,0
3,698,5587,0,0,176.178,0
3,699,5595,0,0,134.107,0
3,700,5603,0,0,140.64500000000001,0
3,701,5611,0,0,186.58699999999999,0
3,702,5619,0,0,146.96899999999999,0
3,703,5627,0,0,193.828,0
3,704,5635,0,0,145.982,0
3,705,5643,0,0,182.102,0
3,706,5651,0,0,188.191,0
3,707,5659,0,0,182.82900000000001,0
3,708,5667,0,0,192.185,0
3,709,5675,0,0,194.73500000000001,0
3,710,5683,0,0,191.67599999999999,0
3,711,5691,0,0,121.51600000000001,0
3,712,5699,0,0,215.86600000000001,0
3,713,5707,0,0,187.42400000000001,0
3,714,5715,0,0,176.86600000000001,0
3,715,5723,0,0,172.80099999999999,0
3,716,5731,0,0,194.161,0
3,717,5739,0,0,124.53100000000001,0
3,718,5747,0,0,188.327,0
3,719,5755,0,0,152.26599999999999,0
3,720,5763,0,0,160.131,0
3,721,5771,0,0,184.41499999999999,0
3,722,5779,0,0,172.08099999999999,0
3,723,5787,0,0,188.93100000000001,0
3,724,5795,0,0,167.44399999999999,0
3,725,5803,0,0,172.566,0
3,726,5811,0,0,156.387,0
3,727,5819,0,0,174.30600000000001,0
3,728,5827,0,0,148.16800000000001,0
3,729,5835,0,0,190.03200000000001,0
3,730,5843,0,0,172.49600000000001,0
3,731,5851,0,0,183.41399999999999,0
3,732,5859,0,0,135.59800000000001,0
3,733,5867,0,0,185.44900000000001,0
3,734,5875,0,0,165.72,0
3,735,5883,0,0,199.78,0
3,736,5891,0,0,135.15600000000001,0
3,737,5899,0,0,167.483,0
3,738,5907,0,0,182.31399999999999,0
3,739,5915,0,0,164.857,0
3,740,5923,0,0,195.90100000000001,0
3,741,5931,0,0,176.75800000000001,0
3,742,5939,0,0,195.02500000000001,0
3,743,5947,0,0,187.87200000000001,0
3,744,5955,0,0,161.648,0
3,745,5963,0,0,173.90600000000001,0
3,746,5971,0,0,187.58099999999999,0
3,747,5979,0,0,182.19999999999999,0
3,748,5987,0,0,196.822,0
3,749,5995,0,0,211.33199999999999,0
3,750,6003,0,0,189.124,0
3,751,6011,0,0,179.04900000000001,0
3,752,6019,0,0,183.886,0
3,753,6027,0,0,170.19,0
3,754,6035,0,0,185.16900000000001,0
3,755,6043,0,0,194.988,0
3,756,6051,0,0,196.62,0
3,757,6059,0,0,158.60400000000001,0
3,758,6067,0,0,170.86799999999999,0
3,759,6075,0,0,178.81100000000001,0
3,760,6083,0,0,120.871,0
3,761,6091,0,0,178.07499999999999,0
3,762,6099,0,0,187.56200000000001,0
3,763,6107,0,0,149.786,0
3,764,6115,0,0,140.90000000000001,0
3,765,6123,0,0,185.24000000000001,0
3,766,6131,0,0,190.56700000000001,0
3,767,6139,0,0,215.27199999999999,0
3,768,6147,0,0,156.12200000000001,0
3,769,6155,0,0,178.46700000000001,0
3,770,6163,0,0,164.72800000000001,0
3,771,6171,0,0,170.50700000000001,0
3,772,6179,0,0,159.5,0
3,773,6187,0,0,183.48099999999999,0
3,774,6195,0,0,190.709,0
3,775,6203,0,0,142.846,0
3,776,6211,0,0,211.58699999999999,0
3,777,6219,0,0,175.73500000000001,0
3,778,6227,0,0,172.733,0
3,779,6235,0,0,211.23599999999999,0
3,780,6243,0,0,188.20400000000001,0
3,781,6251,0,0,126.211,0
3,782,6259,0,0,185.67500000000001,0
3,783,6267,0,0,181.13800000000001,0
3,784,6275,0,0,190.506,0
3,785,6283,0,0,183.60499999999999,0
3,786,6291,0,0,191.16200000000001,0
3,787,6299,0,0,171.36099999999999,0
3,788,6307,0,0,215.625,0
3,789,6315,0,0,181.53200000000001,0
3,790,6323,0,0,176.631,0
3,791,6331,0,0,163.041,0
3,792,6339,0,0,171.34800000000001,0
3,793,6347,0,0,192.745,0
3,794,6355,0,0,181.792,0
3,795,6363,0,0,160.208,0
3,796,6371,0,0,167.63800000000001,0
3,797,6379,0,0,160.50999999999999,0
3,798,6387,0,0,163.494,0
3,799,6395,0,0,174.28,0
3,800,6403,0,0,119.68600000000001,0
3,801,6411,0,0,212.31100000000001,0
3,802,6419,0,0,142.483,0
3,803,6427,0,0,193.93600000000001,0
3,804,6435,0,0,184.78999999999999,0
3,805,6443,0,0,182.71299999999999,0
3,806,6451,0,0,174.226,0
3,807,6459,0,0,177.28999999999999,0
3,808,6467,0,0,175.51499999999999,0
3,809,6475,0,0,160.63,0
3,810,6483,0,0,216.17500000000001,0
3,811,6491,0,0,174.648,0
3,812,6499,0,0,195.78999999999999,0
3,813,6507,0,0,158.29499999999999,0
3,814,6515,0,0,150.99000000000001,0
3,815,6523,0,0,176.10900000000001,0
3,816,6531,0,0,171.12799999999999,0
3,817,6539,0,0,158.78399999999999,0
3,818,6547,0,0,177.47999999999999,0
3,819,6555,0,0,187.61500000000001,0
3,820,6563,0,0,152.482,0
3,821,6571,0,0,188.11500000000001,0
3,822,6579,0,0,180.94800000000001,0
3,823,6587,0,0,212.947,0
3,824,6595,0,0,185.83600000000001,0
3,825,6603,0,0,158.411,0
3,826,6611,0,0,187.624,0
3,827,6619,0,0,189.411,0
3,828,6627,0,0,147.101,0
3,829,6635,0,0,176.52699999999999,0
3,830,6643,0,0,186.34399999999999,0
3,831,6651,0,0,190.30000000000001,0
3,832,6659,0,0,223.12899999999999,0
3,833,6667,0,0,187.03899999999999,0
3,834,6675,0,0,157.596,0
3,835,6683,0,0,174.83500000000001,0
3,836,6691,0,0,196.934,0
3,837,6699,0,0,131.566,0
3,838,6707,0,0,183.447,0
3,839,6715,0,0,141.19399999999999,0
3,840,6723,0,0,153.11000000000001,0
3,841,6731,0,0,154.20099999999999,0
3,842,6739,0,0,178.17500000000001,0
3,843,6747,0,0,194,0
3,844,6755,0,0,138.69200000000001,0
3,845,6763,0,0,137.68600000000001,0
3,846,6771,0,0,177.20699999999999,0
3,847,6779,0,0,172.19300000000001,0
3,848,6787,0,0,164.09,0
3,849,6795,0,0,177.25700000000001,0
3,850,6803,0,0,176.559,0
3,851,6811,0,0,145.04599999999999,0
3,852,6819,0,0,192.29400000000001,0
3,853,6827,0,0,190.72,0
3,854,6835,0,0,162.78399999999999,0
3,855,6843,0,0,172.39599999999999,0
3,856,6851,0,0,175.035,0
3,857,6859,0,0,150.90799999999999,0
3,858,6867,0,0,184.619,0
3,859,6875,0,0,162.23400000000001,0
3,860,6883,0,0,159.822,0
3,861,6891,0,0,184.56800000000001,0
3,862,6899,0,0,145.93899999999999,0
3,863,6907,0,0,142.12,0
3,864,6915,0,0,168.59299999999999,0
3,865,6923,0,0,162.38,0
3,866,6931,0,0,176.88800000000001,0
3,867,6939,0,0,192.262,0
3,868,6947,0,0,182.75700000000001,0
3,869,6955,0,0,153.72999999999999,0
3,870,6963,0,0,186.08199999999999,0
3,871,6971,0,0,174.11600000000001,0
3,872,6979,0,0,186.85300000000001,0
3,873,6987,0,0,205.90299999999999,0
3,874,6995,0,0,192.52000000000001,0
3,875,7003,0,0,204.22399999999999,0
3,876,7011,0,0,186.167,0
3,877,7019,0,0,136.17099999999999,0
3,878,7027,0,0,200.91,0
3,879,7035,0,0,178.447,0
3,880,7043,0,0,150.48599999999999,0
3,881,7051,0,0,209.905,0
3,882,7059,0,0,180.114,0
3,883,7067,0,0,133.91900000000001,0
3,884,7075,0,0,186.61600000000001,0
3,885,7083,0,0,191.423,0
3,886,7091,0,0,157.102,0
3,887,7099,0,0,209.32900000000001,0
3,888,7107,0,0,191.559,0
3,889,7115,0,0,193.083,0
3,890,7123,0,0,173.298,0
3,891,7131,0,0,178.93799999999999,0
3,892,7139,0,0,172.86799999999999,0
3,893,7147,0,0,189.10300000000001,0
3,894,7155,0,0,172.703,0
3,895,7163,0,0,182.22900000000001,0
3,896,7171,0,0,183.459,0
3,897,7179,0,0,180.67099999999999,0
3,898,7187,0,0,169.06,0
3,899,7195,0,0,170.65700000000001,0
3,900,7203,0,0,202.66399999999999,0
3,901,7211,0,0,190.75999999999999,0
3,902,7219,0,0,187.584,0
3,903,7227,0,0,164.38900000000001,0
3,904,7235,0,0,212.19499999999999,0
3,905,7243,0,0,183.58799999999999,0
3,906,7251,0,0,139.57499999999999,0
3,907,7259,0,0,140.35400000000001,0
3,908,7267,0,0,163.327,0
3,909,7275,0,0,199.583,0
3,910,7283,0,0,156.97300000000001,0
3,911,7291,0,0,184.39099999999999,0
3,912,7299,0,0,173.04400000000001,0
3,913,7307,0,0,177.16999999999999,0
3,914,7315,0,0,186.31999999999999,0
3,915,7323,0,0,162.03399999999999,0
3,916,7331,0,0,167.34299999999999,0
3,917,7339,0,0,165.63399999999999,0
3,918,7347,0,0,175.91200000000001,0
3,919,7355,0,0,167.71899999999999,0
3,920,7363,0,0,178.65899999999999,0
3,921,7371,0,0,143.34,0
3,922,7379,0,0,161.042,0
3,923,7387,0,0,207.423,0
3,924,7395,0,0,192.149,0
3,925,7403,0,0,179.70699999999999,0
3,926,7411,0,0,215.58699999999999,0
3,927,7419,0,0,184.72999999999999,0
3,928,7427,0,0,154.61099999999999,0
3,929,7435,0,0,176.98699999999999,0
3,930,7443,0,0,144.85300000000001,0
3,931,7451,0,0,223.72900000000001,0
3,932,7459,0,0,151.59999999999999,0
3,933,7467,0,0,127.376,0
3,934,7475,0,0,184.96799999999999,0
3,935,7483,0,0,179.98699999999999,0
3,936,7491,0,0,192.07499999999999,0
3,937,7499,0,0,136.97900000000001,0
3,938,7507,0,0,181.10499999999999,0
3,939,7515,0,0,196.048,0
3,940,7523,0,0,186.233,0
3,941,7531,0,0,170.964,0
3,942,7539,0,0,175.846,0
3,943,7547,0,0,184.51400000000001,0
3,944,7555,0,0,189.447,0
3,945,7563,0,0,178.751,0
3,946,7571,0,0,185.37299999999999,0
3,947,7579,0,0,170.28399999999999,0
3,948,7587,0,0,166.78200000000001,0
3,949,7595,0,0,171.27099999999999,0
3,950,7603,0,0,184.083,0
3,951,7611,0,0,197.477,0
3,952,7619,0,0,182.19,0
3,953,7627,0,0,146.15299999999999,0
3,954,7635,0,0,194.81200000000001,0
3,955,7643,0,0,181.18299999999999,0
3,956,7651,0,0,157.09100000000001,0
3,957,7659,0,0,203.209,0
3,958,7667,0,0,175.77500000000001,0
3,959,7675,0,0,160.762,0
3,960,7683,0,0,137.93700000000001,0
3,961,7691,0,0,120.265,0
3,962,7699,0,0,159.624,0
3,963,7707,0,0,186.53299999999999,0
3,964,7715,0,0,152.20400000000001,0
3,965,7723,0,0,177.68000000000001,0
3,966,7731,0,0,152.655,0
3,967,7739,0,0,171.73400000000001,0
3,968,7747,0,0,165.821,0
3,969,7755,0,0,182.405,0
3,970,7763,0,0,174.542,0
3,971,7771,0,0,207.541,0
3,972,7779,0,0,165.154,0
3,973,7787,0,0,186.96600000000001,0
3,974,7795,0,0,208.869,0
3,975,7803,0,0,184.65600000000001,0
3,976,7811,0,0,165.75899999999999,0
3,977,7819,0,0,196.92599999999999,0
3,978,7827,0,0,165.40899999999999,0
3,979,7835,0,0,192.25,0
3,980,7843,0,0,196.822,0
3,981,7851,0,0,196.39099999999999,0
3,982,7859,0,0,194.81200000000001,0
3,983,7867,0,0,194.749,0
3,984,7875,0,0,135.845,0
3,985,7883,0,0,131.09399999999999,0
3,986,7891,0,0,158.21600000000001,0
3,987,7899,0,0,162.26900000000001,0
3,988,7907,0,0,176.66300000000001,0
3,989,7915,0,0,185.458,0
3,990,7923,0,0,168.70599999999999,0
3,991,7931,0,0,173.441,0
3,992,7939,0,0,198.459,0
3,993,7947,0,0,186.19300000000001,0
3,994,7955,0,0,186.69200000000001,0
3,995,7963,0,0,185.93700000000001,0
3,996,7971,0,0,165.95699999999999,0
3,997,7979,0,0,175.77799999999999,0
3,998,7987,0,0,179.393,0
3,999,7995,0,0,182.99600000000001,0
3,1000,8003,0,0,135.27099999999999,0
3,1001,8011,0,0,184.60300000000001,0
3,1002,8019,0,0,178.72300000000001,0
3,1003,8027,0,0,199.67599999999999,0
3,1004,8035,0,0,154.06899999999999,0
3,1005,8043,0,0,218.52699999999999,0
3,1006,8051,0,0,179.16,0
3,1007,8059,0,0,181.33199999999999,0
3,1008,8067,0,0,186.161,0
3,1009,8075,0,0,188.60900000000001,0
3,1010,8083,0,0,177.56299999999999,0
3,1011,8091,0,0,213.07400000000001,0
3,1012,8099,0,0,151.761,0
3,1013,8107,0,0,160.77500000000001,0
3,1014,8115,0,0,207.05699999999999,0
3,1015,8123,0,0,189.61099999999999,0
3,1016,8131,0,0,202.87899999999999,0
3,1017,8139,0,0,155.251,0
3,1018,8147,0,0,160.798,0
3,1019,8155,0,0,183.03,0
3,1020,8163,0,0,182.15100000000001,0
3,1021,8171,0,0,179.476,0
3,1022,8179,0,0,164.739,0
3,1023,8187,0,0,167.12799999999999,0
3,1024,8195,0,0,196.11500000000001,0
3,1025,8203,0,0,186.364,0
3,1026,8211,0,0,165.81899999999999,0
3,1027,8219,0,0,194.363,0
3,1028,8227,0,0,149.95400000000001,0
3,1029,8235,0,0,195.215,0
3,1030,8243,0,0,181.90299999999999,0
3,1031,8251,0,0,184.583,0
3,1032,8259,0,0,191.755,0
3,1033,8267,0,0,198.483,0
3,1034,8275,0,0,149.596,0
3,1035,8283,0,0,149.79300000000001,0
3,1036,8291,0,0,204.577,0
3,1037,8299,0,0,168.297,0
3,1038,8307,0,0,177.26599999999999,0
3,1039,8315,0,0,197.084,0
3,1040,8323,0,0,177.982,0
3,1041,8331,0,0,198.637,0
3,1042,8339,0,0,225.46299999999999,0
3,1043,8347,0,0,179.41,0
3,1044,8355,0,0,172.495,0
3,1045,8363,0,0,187.976,0
3,1046,8371,0,0,174.316,0
3,1047,8379,0,0,161.84899999999999,0
3,1048,8387,0,0,170.03999999999999,0
3,1049,8395,0,0,194.876,0
3,1050,8403,0,0,199.15600000000001,0
3,1051,8411,0,0,175.31399999999999,0
3,1052,8419,0,0,172.56399999999999,0
3,1053,8427,0,0,171.38800000000001,0
3,1054,8435,0,0,184.863,0
3,1055,8443,0,0,192.32900000000001,0
3,1056,8451,0,0,203.87299999999999,0
3,1057,8459,0,0,191.49299999999999,0
3,1058,8467,0,0,177.22200000000001,0
3,1059,8475,0,0,153.881,0
3,1060,8483,0,0,204.238,0
3,1061,8491,0,0,168.05500000000001,0
3,1062,8499,0,0,181.68199999999999,0
3,1063,8507,0,0,124.767,0
3,1064,8515,0,0,166.82300000000001,0
3,1065,8523,0,0,187.97499999999999,0
3,1066,8531,0,0,178.28200000000001,0
3,1067,8539,0,0,133.44499999999999,0
3,1068,8547,0,0,161.184,0
3,1069,8555,0,0,180.36500000000001,0
3,1070,8563,0,0,189.87200000000001,0
3,1071,8571,0,0,156.452,0
3,1072,8579,0,0,148.196,0
3,1073,8587,0,0,192.28700000000001,0
3,1074,8595,0,0,197.12100000000001,0
3,1075,8603,0,0,180.494,0
3,1076,8611,0,0,185.09399999999999,0
3,1077,8619,0,0,200.702,0
3,1078,8627,0,0,182.934,0
3,1079,8635,0,0,161.286,0
3,1080,8643,0,0,179.642,0
3,1081,8651,0,0,179.82499999999999,0
3,1082,8659,0,0,189.49100000000001,0
3,1083,8667,0,0,181.46899999999999,0
3,1084,8675,0,0,158.81,0
3,1085,8683,0,0,166.02600000000001,0
3,1086,8691,0,0,136.92599999999999,0
3,1087,8699,0,0,184.04300000000001,0
3,1088,8707,0,0,167.29900000000001,0
3,1089,8715,0,0,162.55799999999999,0
3,1090,8723,0,0,194.417,0
3,1091,8731,0,0,189.05099999999999,0
3,1092,8739,0,0,164.02600000000001,0
3,1093,8747,0,0,131.20400000000001,0
3,1094,8755,0,0,187.54599999999999,0
3,1095,8763,0,0,187.624,0
3,1096,8771,0,0,209.405,0
3,1097,8779,0,0,189.69999999999999,0
3,1098,8787,0,0,171.357,0
3,1099,8795,0,0,134.66900000000001,0
3,1100,8803,0,0,177.70599999999999,0
3,1101,8811,0,0,198.524,0
3,1102,8819,0,0,182.34899999999999,0
3,1103,8827,0,0,182.054,0
3,1104,8835,0,0,188.75999999999999,0
3,1105,8843,0,0,149.48099999999999,0
3,1106,8851,0,0,158.15600000000001,0
3,1107,8859,0,0,173.227,0
3,1108,8867,0,0,169.61099999999999,0
3,1109,8875,0,0,196.44,0
3,1110,8883,0,0,192.98699999999999,0
3,1111,8891,0,0,192.035,0
3,1112,8899,0,0,188.54499999999999,0
3,1113,8907,0,0,130.81999999999999,0
3,1114,8915,0,0,192.11000000000001,0
3,1115,8923,0,0,182.21100000000001,0
3,1116,8931,0,0,172.01499999999999,0
3,1117,8939,0,0,191.63900000000001,0
3,1118,8947,0,0,182.46000000000001,0
3,1119,8955,0,0,187.232,0
3,1120,8963,0,0,193.92400000000001,0
3,1121,8971,0,0,174.17400000000001,0
3,1122,8979,0,0,181.77500000000001,0
3,1123,8987,0,0,173.80799999999999,0
3,1124,8995,0,0,167.285,0
3,1125,9003,0,0,178.74299999999999,0
3,1126,9011,0,0,186.41300000000001,0
3,1127,9019,0,0,161.661,0
3,1128,9027,0,0,186.315,0
3,1129,9035,0,0,173.977,0
3,1130,9043,0,0,197.179,0
3,1131,9051,0,0,153.602,0
3,1132,9059,0,0,192.554,0
3,1133,9067,0,0,189.54300000000001,0
3,1134,9075,0,0,183.75899999999999,0
3,1135,9083,0,0,178.25200000000001,0
3,1136,9091,0,0,174.97499999999999,0
3,1137,9099,0,0,174.32599999999999,0
3,1138,9107,0,0,197.34399999999999,0
3,1139,9115,0,0,178.149,0
3,1140,9123,0,0,167.495,0
3,1141,9131,0,0,155.64599999999999,0
3,1142,9139,0,0,173.89500000000001,0
3,1143,9147,0,0,181.52600000000001,0
3,1144,9155,0,0,191.72399999999999,0
3,1145,9163,0,0,179.71199999999999,0
3,1146,9171,0,0,165.04300000000001,0
3,1147,9179,0,0,190.339,0
3,1148,9187,0,0,172.87700000000001,0
3,1149,9195,0,0,173.12899999999999,0
3,1150,9203,0,0,166.65299999999999,0
3,1151,9211,0,0,181.25,0
3,1152,9219,0,0,150.232,0
3,1153,9227,0,0,189.738,0
3,1154,9235,0,0,181.28899999999999,0
3,1155,9243,0,0,185.501,0
3,1156,9251,0,0,203.72900000000001,0
3,1157,9259,0,0,150.30099999999999,0
3,1158,9267,0,0,192.04599999999999,0
3,1159,9275,0,0,180.11699999999999,0
3,1160,9283,0,0,176.83500000000001,0
3,1161,9291,0,0,179.602,0
3,1162,9299,0,0,172.78800000000001,0
3,1163,9307,0,0,193.23500000000001,0
3,1164,9315,0,0,169.62899999999999,0
3,1165,9323,0,0,166.21799999999999,0
3,1166,9331,0,0,189.273,0
3,1167,9339,0,0,196.60300000000001,0
3,1168,9347,0,0,188.262,0
3,1169,9355,0,0,184.827,0
3,1170,9363,0,0,172.24600000000001,0
3,1171,9371,0,0,150.46600000000001,0
3,1172,9379,0,0,177.726,0
3,1173,9387,0,0,175.10599999999999,0
3,1174,9395,0,0,164.321,0
3,1175,9403,0,0,150.374,0
3,1176,9411,0,0,177.87799999999999,0
3,1177,9419,0,0,149.39699999999999,0
3,1178,9427,0,0,191.87799999999999,0
3,1179,9435,0,0,194.08500000000001,0
3,1180,9443,0,0,215.43799999999999,0
3,1181,9451,0,0,161.41499999999999,0
3,1182,9459,0,0,159.19,0
3,1183,9467,0,0,186.55600000000001,0
3,1184,9475,0,0,185.58000000000001,0
3,1185,9483,0,0,178.55199999999999,0
3,1186,9491,0,0,173.34899999999999,0
3,1187,9499,0,0,177.80799999999999,0
3,1188,9507,0,0,179.26400000000001,0
3,1189,9515,0,0,163.91499999999999,0
3,1190,9523,0,0,192.67599999999999,0
3,1191,9531,0,0,186.15000000000001,0
3,1192,9539,0,0,134.55500000000001,0
3,1193,9547,0,0,199.54499999999999,0
3,1194,9555,0,0,136.49799999999999,0
3,1195,9563,0,0,171.10300000000001,0
3,1196,9571,0,0,185.22,0
3,1197,9579,0,0,138.81100000000001,0
3,1198,9587,0,0,187.30199999999999,0
3,1199,9595,0,0,203.69900000000001,0
3,1200,9603,0,0,159.779,0
3,1201,9611,0,0,178.62,0
3,1202,9619,0,0,191.89599999999999,0
3,1203,9627,0,0,183.20400000000001,0
3,1204,9635,0,0,151.11799999999999,0
3,1205,9643,0,0,169.762,0
3,1206,9651,0,0,179.255,0
3,1207,9659,0,0,175.88200000000001,0
3,1208,9667,0,0,162.84999999999999,0
3,1209,9675,0,0,205.86099999999999,0
3,1210,9683,0,0,148.38200000000001,0
3,1211,9691,0,0,186.684,0
3,1212,9699,0,0,119.717,0
3,1213,9707,0,0,197.86799999999999,0
3,1214,9715,0,0,204.41200000000001,0
3,1215,9723,0,0,151.34800000000001,0
3,1216,9731,0,0,190.494,0
3,1217,9739,0,0,180.69,0
3,1218,9747,0,0,159.78299999999999,0
3,1219,9755,0,0,163.76300000000001,0
3,1220,9763,0,0,169.24299999999999,0
3,1221,9771,0,0,188.33099999999999,0
3,1222,9779,0,0,149.11000000000001,0
3,1223,9787,0,0,186.00200000000001,0
3,1224,9795,0,0,188.46600000000001,0
3,1225,9803,0,0,195.84299999999999,0
3,1226,9811,0,0,194.279,0
3,1227,9819,0,0,182.27000000000001,0
3,1228,9827,0,0,164.14400000000001,0
3,1229,9835,0,0,150.17500000000001,0
3,1230,9843,0,0,177.756,0
3,1231,9851,0,0,193.78999999999999,0
3,1232,9859,0,0,137.42400000000001,0
3,1233,9867,0,0,176.22999999999999,0
3,1234,9875,0,0,185.71799999999999,0
3,1235,9883,0,0,193.489,0
3,1236,9891,0,0,176.96299999999999,0
3,1237,9899,0,0,191.57900000000001,0
3,1238,9907,0,0,162.614,0
3,1239,9915,0,0,168.625,0
3,1240,9923,0,0,171.91900000000001,0
3,1241,9931,0,0,206.191,0
3,1242,9939,0,0,175.672,0
3,1243,9947,0,0,168.113,0
3,1244,9955,0,0,193.226,0
3,1245,9963,0,0,189.67400000000001,0
3,1246,9971,0,0,173.47999999999999,0
3,1247,9979,0,0,150.363,0
3,1248,9987,0,0,179.232,0
3,1249,9995,0,0,190.36699999999999,0
3,1250,10003,0,0,164.63200000000001,0
3,1251,10011,0,0,200.375,0
3,1252,10019,0,0,187.95699999999999,0
3,1253,10027,0,0,128.73099999999999,0
3,1254,10035,0,0,160.72399999999999,0
3,1255,10043,0,0,132.50999999999999,0
3,1256,10051,0,0,172.74700000000001,0
3,1257,10059,0,0,190.024,0
3,1258,10067,0,0,195.185,0
3,1259,10075,0,0,192.53100000000001,0
3,1260,10083,0,0,183.28100000000001,0
3,1261,10091,0,0,204.24100000000001,0
3,1262,10099,0,0,149.19800000000001,0
3,1263,10107,0,0,197.38499999999999,0
3,1264,10115,0,0,176.96899999999999,0
3,1265,10123,0,0,177.09399999999999,0
3,1266,10131,0,0,181.97499999999999,0
3,1267,10139,0,0,188.279,0
3,1268,10147,0,0,193.97200000000001,0
3,1269,10155,0,0,184.785,0
3,1270,10163,0,0,146.702,0
3,1271,10171,0,0,191.804,0
3,1272,10179,0,0,189.917,0
3,1273,10187,0,0,202.09800000000001,0
3,1274,10195,0,0,194.904,0
3,1275,10203,0,0,194.94499999999999,0
3,1276,10211,0,0,155.22300000000001,0
3,1277,10219,0,0,199.52000000000001,0
3,1278,10227,0,0,224.37700000000001,0
3,1279,10235,0,0,176.43100000000001,0
3,1280,10243,0,0,187.77699999999999,0
3,1281,10251,0,0,167.94900000000001,0
3,1282,10259,0,0,174.42500000000001,0
3,1283,10267,0,0,190.501,0
3,1284,10275,0,0,171.33099999999999,0
3,1285,10283,0,0,189.67599999999999,0
3,1286,10291,0,0,195.26900000000001,0
3,1287,10299,0,0,187.89099999999999,0
3,1288,10307,0,0,155.41399999999999,0
3,1289,10315,0,0,167.834,0
3,1290,10323,0,0,189.471,0
3,1291,10331,0,0,150.92500000000001,0
3,1292,10339,0,0,170.90799999999999,0
3,1293,10347,0,0,156.38800000000001,0
3,1294,10355,0,0,183.97200000000001,0
3,1295,10363,0,0,186.512,0
3,1296,10371,0,0,189.27699999999999,0
3,1297,10379,0,0,144.49299999999999,0
3,1298,10387,0,0,162.541,0
3,1299,10395,0,0,173.536,0
3,1300,10403,0,0,196.994,0
3,1301,10411,0,0,180.977,0
3,1302,10419,0,0,181.33199999999999,0
3,1303,10427,0,0,183.363,0
3,1304,10435,0,0,133.58600000000001,0
3,1305,10443,0,0,185.352,0
3,1306,10451,0,0,153.79400000000001,0
3,1307,10459,0,0,155.124,0
3,1308,10467,0,0,203.94399999999999,0
3,1309,10475,0,0,196.42400000000001,0
3,1310,10483,0,0,174.82599999999999,0
3,1311,10491,0,0,183.98400000000001,0
3,1312,10499,0,0,202.334,0
3,1313,10507,0,0,190.298,0
3,1314,10515,0,0,172.715,0
3,1315,10523,0,0,171.81299999999999,0
3,1316,10531,0,0,172.31700000000001,0
3,1317,10539,0,0,175.96700000000001,0
3,1318,10547,0,0,173.04900000000001,0
3,1319,10555,0,0,165.19800000000001,0
3,1320,10563,0,0,169.398,0
3,1321,10571,0,0,183.084,0
3,1322,10579,0,0,169.00700000000001,0
3,1323,10587,0,0,188.411,0
3,1324,10595,0,0,163.982,0
3,1325,10603,0,0,165.75399999999999,0
3,1326,10611,0,0,191.75700000000001,0
3,1327,10619,0,0,160.99799999999999,0
3,1328,10627,0,0,151.46000000000001,0
3,1329,10635,0,0,152.15799999999999,0
3,1330,10643,0,0,169.12700000000001,0
3,1331,10651,0,0,182.983,0
3,1332,10659,0,0,207.66300000000001,0
3,1333,10667,0,0,171.71299999999999,0
3,1334,10675,0,0,155.54499999999999,0
3,1335,10683,0,0,138.13200000000001,0
3,1336,10691,0,0,209.083,0
3,1337,10699,0,0,191.488,0
3,1338,10707,0,0,191.90600000000001,0
3,1339,10715,0,0,187.048,0
3,1340,10723,0,0,166.88999999999999,0
3,1341,10731,0,0,136.90799999999999,0
3,1342,10739,0,0,186.71600000000001,0
3,1343,10747,0,0,192.666,0
3,1344,10755,0,0,181.09700000000001,0
3,1345,10763,0,0,155.45599999999999,0
3,1346,10771,0,0,203.16200000000001,0
3,1347,10779,0,0,142.30000000000001,0
3,1348,10787,0,0,200.203,0
3,1349,10795,0,0,180.11699999999999,0
3,1350,10803,0,0,214.03200000000001,0
3,1351,10811,0,0,193.68799999999999,0
3,1352,10819,0,0,199.345,0
3,1353,10827,0,0,172.50700000000001,0
3,1354,10835,0,0,126.497,0
3,1355,10843,0,0,189.77699999999999,0
3,1356,10851,0,0,171.58500000000001,0
3,1357,10859,0,0,149.459,0
3,1358,10867,0,0,192.47800000000001,0
3,1359,10875,0,0,206.499,0
3,1360,10883,0,0,181.702,0
3,1361,10891,0,0,147.857,0
3,1362,10899,0,0,152.441,0
3,1363,10907,0,0,193.60599999999999,0
3,1364,10915,0,0,170.76300000000001,0
3,1365,10923,0,0,171.46100000000001,0
3,1366,10931,0,0,171.77500000000001,0
3,1367,10939,0,0,199.52699999999999,0
3,1368,10947,0,0,199.762,0
3,1369,10955,0,0,180.47499999999999,0
3,1370,10963,0,0,184.46799999999999,0
3,1371,10971,0,0,184.929,0
3,1372,10979,0,0,150.01400000000001,0
3,1373,10987,0,0,187.27099999999999,0
3,1374,10995,0,0,173.81399999999999,0
3,1375,11003,0,0,156.369,0
3,1376,11011,0,0,169.601,0
3,1377,11019,0,0,190.434,0
3,1378,11027,0,0,149.09,0
3,1379,11035,0,0,146.334,0
3,1380,11043,0,0,176.13300000000001,0
3,1381,11051,0,0,185.696,0
3,1382,11059,0,0,120.85599999999999,0
3,1383,11067,0,0,177.07499999999999,0
3,1384,11075,0,0,172.286,0
3,1385,11083,0,0,163.82499999999999,0
3,1386,11091,0,0,185.583,0
3,1387,11099,0,0,183.00399999999999,0
3,1388,11107,0,0,141.309,0
3,1389,11115,0,0,182.387,0
3,1390,11123,0,0,200.23500000000001,0
3,1391,11131,0,0,193.19499999999999,0
3,1392,11139,0,0,184.72999999999999,0
3,1393,11147,0,0,155.18700000000001,0
3,1394,11155,0,0,163.35400000000001,0
3,1395,11163,0,0,185.18600000000001,0
3,1396,11171,0,0,185.256,0
3,1397,11179,0,0,162.995,0
3,1398,11187,0,0,182.29900000000001,0
3,1399,11195,0,0,150.816,0
3,1400,11203,0,0,178.5,0
3,1401,11211,0,0,172.75800000000001,0
3,1402,11219,0,0,170.709,0
3,1403,11227,0,0,174.77600000000001,0
3,1404,11235,0,0,178.869,0
3,1405,11243,0,0,199.988,0
3,1406,11251,0,0,173.87,0
3,1407,11259,0,0,195.358,0
3,1408,11267,0,0,162.16,0
3,1409,11275,0,0,185.97399999999999,0
3,1410,11283,0,0,154.018,0
3,1411,11291,0,0,200.25999999999999,0
3,1412,11299,0,0,193.81700000000001,0
3,1413,11307,0,0,176.13200000000001,0
3,1414,11315,0,0,183.321,0
3,1415,11323,0,0,211.41399999999999,0
3,1416,11331,0,0,199.84399999999999,0
3,1417,11339,0,0,182.554,0
3,1418,11347,0,0,138.41399999999999,0
3,1419,11355,0,0,170.846,0
3,1420,11363,0,0,194.488,0
3,1421,11371,0,0,154.72999999999999,0
3,1422,11379,0,0,163.73400000000001,0
3,1423,11387,0,0,179.80699999999999,0
3,1424,11395,0,0,163.286,0
3,1425,11403,0,0,151.96600000000001,0
3,1426,11411,0,0,135.345,0
3,1427,11419,0,0,122.026,0
3,1428,11427,0,0,182.06100000000001,0
3,1429,11435,0,0,174.77500000000001,0
3,1430,11443,0,0,136.834,0
3,1431,11451,0,0,163.173,0
3,1432,11459,0,0,199.69800000000001,0
3,1433,11467,0,0,195.131,0
3,1434,11475,0,0,184.583,0
3,1435,11483,0,0,190.703,0
3,1436,11491,0,0,183.304,0
3,1437,11499,0,0,148.57599999999999,0
3,1438,11507,0,0,171.39599999999999,0
3,1439,11515,0,0,200.02500000000001,0
3,1440,11523,0,0,168.81,0
3,1441,11531,0,0,118.126,0
3,1442,11539,0,0,102.402,0
3,1443,11547,0,0,156.816,0
3,1444,11555,0,0,166.40299999999999,0
3,1445,11563,0,0,156.94800000000001,0
3,1446,11571,0,0,162.792,0
3,1447,11579,0,0,170.69900000000001,0
3,1448,11587,0,0,186.13300000000001,0
3,1449,11595,0,0,176.15000000000001,0
3,1450,11603,0,0,190.26400000000001,0
3,1451,11611,0,0,171.173,0
3,1452,11619,0,0,182.66300000000001,0
3,1453,11627,0,0,163.97,0
3,1454,11635,0,0,179.113,0
3,1455,11643,0,0,172.464,0
3,1456,11651,0,0,191.684,0
3,1457,11659,0,0,194.50299999999999,0
3,1458,11667,0,0,201.84299999999999,0
3,1459,11675,0,0,195.79599999999999,0
3,1460,11683,0,0,189.29599999999999,0
3,1461,11691,0,0,181.93299999999999,0
3,1462,11699,0,0,151.95500000000001,0
3,1463,11707,0,0,188.833,0
3,1464,11715,0,0,199.28100000000001,0
3,1465,11723,0,0,194.792,0
3,1466,11731,0,0,190.18899999999999,0
3,1467,11739,0,0,173.232,0
3,1468,11747,0,0,171.97,0
3,1469,11755,0,0,200.53200000000001,0
3,1470,11763,0,0,157.29900000000001,0
3,1471,11771,0,0,166.81399999999999,0
3,1472,11779,0,0,177.78999999999999,0
3,1473,11787,0,0,176.637,0
3,1474,11795,0,0,177.08600000000001,0
3,1475,11803,0,0,174.03100000000001,0
3,1476,11811,0,0,201.738,0
3,1477,11819,0,0,162.09200000000001,0
3,1478,11827,0,0,163.916,0
3,1479,11835,0,0,172.673,0
3,1480,11843,0,0,180.34899999999999,0
3,1481,11851,0,0,184.089,0
3,1482,11859,0,0,178.089,0
3,1483,11867,0,0,172.91300000000001,0
3,1484,11875,0,0,176.59399999999999,0
3,1485,11883,0,0,195.94999999999999,0
3,1486,11891,0,0,146.13900000000001,0
3,1487,11899,0,0,176.77099999999999,0
3,1488,11907,0,0,160.76900000000001,0
3,1489,11915,0,0,201.92599999999999,0
3,1490,11923,0,0,178.55600000000001,0
3,1491,11931,0,0,171.535,0
3,1492,11939,0,0,168.14400000000001,0
3,1493,11947,0,0,196.096,0
3,1494,11955,0,0,148.67699999999999,0
3,1495,11963,0,0,168.38200000000001,0
3,1496,11971,0,0,164.79400000000001,0
3,1497,11979,0,0,157.786,0
3,1498,11987,0,0,171.441,0
3,1499,11995,0,0,192.66300000000001,0
3,1500,12003,0,0,159.22300000000001,0
3,1501,12011,0,0,164.05799999999999,0
3,1502,12019,0,0,179.006,0
3,1503,12027,0,0,205.34999999999999,0
3,1504,12035,0,0,172.32900000000001,0
3,1505,12043,0,0,198.09899999999999,0
3,1506,12051,0,0,151.27500000000001,0
3,1507,12059,0,0,163.84899999999999,0
3,1508,12067,0,0,197.089,0
3,1509,12075,0,0,154.084,0
3,1510,12083,0,0,200.47900000000001,0
3,1511,12091,0,0,186.09999999999999,0
3,1512,12099,0,0,177.25899999999999,0
3,1513,12107,0,0,177.46000000000001,0
3,1514,12115,0,0,197.73500000000001,0
3,1515,12123,0,0,167.56299999999999,0
3,1516,12131,0,0,167.54499999999999,0
3,1517,12139,0,0,167.88399999999999,0
3,1518,12147,0,0,163.179,0
3,1519,12155,0,0,174.57400000000001,0
3,1520,12163,0,0,195.108,0
3,1521,12171,0,0,172.59999999999999,0
3,1522,12179,0,0,163.85900000000001,0
3,1523,12187,0,0,121.82599999999999,0
3,1524,12195,0,0,165.93000000000001,0
3,1525,12203,0,0,167.32400000000001,0
3,1526,12211,0,0,176.226,0
3,1527,12219,0,0,178.78,0
3,1528,12227,0,0,184.542,0
3,1529,12235,0,0,166.29900000000001,0
3,1530,12243,0,0,198.09299999999999,0
3,1531,12251,0,0,189.001,0
3,1532,12259,0,0,189.309,0
3,1533,12267,0,0,170.43899999999999,0
3,1534,12275,0,0,186.18600000000001,0
3,1535,12283,0,0,126.28400000000001,0
3,1536,12291,0,0,179.49600000000001,0
3,1537,12299,0,0,172.54599999999999,0
3,1538,12307,0,0,172.78,0
3,1539,12315,0,0,196.94,0
3,1540,12323,0,0,158.863,0
3,1541,12331,0,0,156.31399999999999,0
3,1542,12339,0,0,151.64699999999999,0
3,1543,12347,0,0,188.08000000000001,0
3,1544,12355,0,0,174.328,0
3,1545,12363,0,0,166.43100000000001,0
3,1546,12371,0,0,180.13499999999999,0
3,1547,12379,0,0,160.16,0
3,1548,12387,0,0,179.81100000000001,0
3,1549,12395,0,0,188.81999999999999,0
3,1550,12403,0,0,191.91300000000001,0
3,1551,12411,0,0,181.821,0
3,1552,12419,0,0,155.21100000000001,0
3,1553,12427,0,0,182.23699999999999,0
3,1554,12435,0,0,191.84100000000001,0
3,1555,12443,0,0,177.45099999999999,0
3,1556,12451,0,0,138.21799999999999,0
3,1557,12459,0,0,182.392,0
3,1558,12467,0,0,113.04000000000001,0
3,1559,12475,0,0,160.333,0
3,1560,12483,0,0,188.054,0
3,1561,12491,0,0,189.88499999999999,0
3,1562,12499,0,0,152.20500000000001,0
3,1563,12507,0,0,192.124,0
3,1564,12515,0,0,184.01499999999999,0
3,1565,12523,0,0,175.006,0
3,1566,12531,0,0,161.80000000000001,0
3,1567,12539,0,0,153.34800000000001,0
3,1568,12547,0,0,189.40799999999999,0
3,1569,12555,0,0,170.62200000000001,0
3,1570,12563,0,0,179.33699999999999,0
3,1571,12571,0,0,181.82300000000001,0
3,1572,12579,0,0,174.06999999999999,0
3,1573,12587,0,0,145.28999999999999,0
3,1574,12595,0,0,169.01499999999999,0
3,1575,12603,0,0,166.119,0
3,1576,12611,0,0,151.428,0
3,1577,12619,0,0,161.40199999999999,0
3,1578,12627,0,0,164.852,0
3,1579,12635,0,0,200.333,0
3,1580,12643,0,0,167.70599999999999,0
3,1581,12651,0,0,173.41900000000001,0
3,1582,12659,0,0,182.14400000000001,0
3,1583,12667,0,0,127.489,0
3,1584,12675,0,0,171.55000000000001,0
3,1585,12683,0,0,154.50999999999999,0
3,1586,12691,0,0,194.328,0
3,1587,12699,0,0,177.857,0
3,1588,12707,0,0,178.28899999999999,0
3,1589,12715,0,0,190.19300000000001,0
3,1590,12723,0,0,199.679,0
3,1591,12731,0,0,205.023,0
3,1592,12739,0,0,173.43100000000001,0
3,1593,12747,0,0,189.44,0
3,1594,12755,0,0,169.483,0
3,1595,12763,0,0,183.07900000000001,0
3,1596,12771,0,0,177.89599999999999,0
3,1597,12779,0,0,143.10599999999999,0
3,1598,12787,0,0,140.75800000000001,0
3,1599,12795,0,0,137.16399999999999,0
3,1600,12803,0,0,185.226,0
3,1601,12811,0,0,190.53999999999999,0
3,1602,12819,0,0,198.02799999999999,0
3,1603,12827,0,0,204.845,0
3,1604,12835,0,0,198.03299999999999,0
3,1605,12843,0,0,186.262,0
3,1606,12851,0,0,198.892,0
3,1607,12859,0,0,187.363,0
3,1608,12867,0,0,167.62899999999999,0
3,1609,12875,0,0,184.21700000000001,0
3,1610,12883,0,0,191.47800000000001,0
3,1611,12891,0,0,175.83799999999999,0
3,1612,12899,0,0,176.875,0
3,1613,12907,0,0,166.16999999999999,0
3,1614,12915,0,0,161.67099999999999,0
3,1615,12923,0,0,179.14699999999999,0
3,1616,12931,0,0,169.56100000000001,0
3,1617,12939,0,0,182.43799999999999,0
3,1618,12947,0,0,136.357,0
3,1619,12955,0,0,176.881,0
3,1620,12963,0,0,211.95699999999999,0
3,1621,12971,0,0,185.54499999999999,0
3,1622,12979,0,0,196.88399999999999,0
3,1623,12987,0,0,188.10599999999999,0
3,1624,12995,0,0,189.697,0
3,1625,13003,0,0,192.233,0
3,1626,13011,0,0,192.85300000000001,0
3,1627,13019,0,0,176.09700000000001,0
3,1628,13027,0,0,189.90799999999999,0
3,1629,13035,0,0,155.13900000000001,0
3,1630,13043,0,0,195.92400000000001,0
3,1631,13051,0,0,186.52699999999999,0
3,1632,13059,0,0,195.80500000000001,0
3,1633,13067,0,0,145.25700000000001,0
3,1634,13075,0,0,194.809,0
3,1635,13083,0,0,155.839,0
3,1636,13091,0,0,143.416,0
3,1637,13099,0,0,167.03,0
3,1638,13107,0,0,169.316,0
3,1639,13115,0,0,138.029,0
3,1640,13123,0,0,154.63900000000001,0
3,1641,13131,0,0,191.333,0
3,1642,13139,0,0,165.76499999999999,0
3,1643,13147,0,0,151.738,0
3,1644,13155,0,0,145.035,0
3,1645,13163,0,0,187.03800000000001,0
3,1646,13171,0,0,171.53800000000001,0
3,1647,13179,0,0,168.077,0
3,1648,13187,0,0,158.95500000000001,0
3,1649,13195,0,0,188.24700000000001,0
3,1650,13203,0,0,130.78800000000001,0
3,1651,13211,0,0,176.53999999999999,0
3,1652,13219,0,0,181.73099999999999,0
3,1653,13227,0,0,182.03700000000001,0
3,1654,13235,0,0,173.27199999999999,0
3,1655,13243,0,0,197.327,0
3,1656,13251,0,0,196.03,0
3,1657,13259,0,0,142.37100000000001,0
3,1658,13267,0,0,179.399,0
3,1659,13275,0,0,165.56700000000001,0
3,1660,13283,0,0,195.28399999999999,0
3,1661,13291,0,0,161.179,0
3,1662,13299,0,0,183.41200000000001,0
3,1663,13307,0,0,172.755,0
3,1664,13315,0,0,165.273,0
3,1665,13323,0,0,177.97,0
3,1666,13331,0,0,178.31399999999999,0
3,1667,13339,0,0,139.523,0
3,1668,13347,0,0,187.06399999999999,0
3,1669,13355,0,0,165.42599999999999,0
3,1670,13363,0,0,175.108,0
3,1671,13371,0,0,187.86799999999999,0
3,1672,13379,0,0,167.15799999999999,0
3,1673,13387,0,0,188.97200000000001,0
3,1674,13395,0,0,157.99600000000001,0
3,1675,13403,0,0,195.136,0
3,1676,13411,0,0,124.95699999999999,0
3,1677,13419,0,0,175.77199999999999,0
3,1678,13427,0,0,198.04300000000001,0
3,1679,13435,0,0,192.56800000000001,0
3,1680,13443,0,0,157.93000000000001,0
3,1681,13451,0,0,170.41,0
3,1682,13459,0,0,148.36600000000001,0
3,1683,13467,0,0,160.00999999999999,0
3,1684,13475,0,0,171.18000000000001,0
3,1685,13483,0,0,193.96000000000001,0
3,1686,13491,0,0,161.61500000000001,0
3,1687,13499,0,0,191.63300000000001,0
3,1688,13507,0,0,206.88499999999999,0
3,1689,13515,0,0,192.22999999999999,0
3,1690,13523,0,0,195.03700000000001,0
3,1691,13531,0,0,165.749,0
3,1692,13539,0,0,171.72999999999999,0
3,1693,13547,0,0,165.65299999999999,0
3,1694,13555,0,0,187.30799999999999,0
3,1695,13563,0,0,171.40799999999999,0
3,1696,13571,0,0,191.86699999999999,0
3,1697,13579,0,0,154.78700000000001,0
3,1698,13587,0,0,182.27699999999999,0
3,1699,13595,0,0,190.74700000000001,0
3,1700,13603,0,0,178.786,0
3,1701,13611,0,0,184.46000000000001,0
3,1702,13619,0,0,154.518,0
3,1703,13627,0,0,181.44300000000001,0
3,1704,13635,0,0,188.89699999999999,0
3,1705,13643,0,0,185.595,0
3,1706,13651,0,0,183.79400000000001,0
3,1707,13659,0,0,180.07300000000001,0
3,1708,13667,0,0,176.32499999999999,0
3,1709,13675,0,0,191.559,0
3,1710,13683,0,0,172.55000000000001,0
3,1711,13691,0,0,200.13399999999999,0
3,1712,13699,0,0,178.803,0
3,1713,13707,0,0,172.131,0
3,1714,13715,0,0,134.428,0
3,1715,13723,0,0,146.53100000000001,0
3,1716,13731,0,0,188.97,0
3,1717,13739,0,0,189.666,0
3,1718,13747,0,0,147.126,0
3,1719,13755,0,0,178.02500000000001,0
3,1720,13763,0,0,166.12299999999999,0
3,1721,13771,0,0,187.43799999999999,0
3,1722,13779,0,0,174.62,0
3,1723,13787,0,0,195.02500000000001,0
3,1724,13795,0,0,135.155,0
3,1725,13803,0,0,194.36699999999999,0
3,1726,13811,0,0,181.876,0
3,1727,13819,0,0,205.79400000000001,0
3,1728,13827,0,0,187.80600000000001,0
3,1729,13835,0,0,163.98500000000001,0
3,1730,13843,0,0,229.56200000000001,0
3,1731,13851,0,0,214.571,0
3,1732,13859,0,0,178.42699999999999,0
3,1733,13867,0,0,182.602,0
3,1734,13875,0,0,182.07499999999999,0
3,1735,13883,0,0,175.42599999999999,0
3,1736,13891,0,0,182.489,0
3,1737,13899,0,0,143.99299999999999,0
3,1738,13907,0,0,177.86699999999999,0
3,1739,13915,0,0,187.095,0
3,1740,13923,0,0,159.00800000000001,0
3,1741,13931,0,0,212.215,0
3,1742,13939,0,0,176.60499999999999,0
3,1743,13947,0,0,180.97900000000001,0
3,1744,13955,0,0,174.50299999999999,0
3,1745,13963,0,0,191.05500000000001,0
3,1746,13971,0,0,170.00700000000001,0
3,1747,13979,0,0,180.26599999999999,0
3,1748,13987,0,0,167.81100000000001,0
3,1749,13995,0,0,166.565,0
3,1750,14003,0,0,180.11600000000001,0
3,1751,14011,0,0,158.16900000000001,0
3,1752,14019,0,0,181.62,0
3,1753,14027,0,0,184.86699999999999,0
3,1754,14035,0,0,199.94300000000001,0
3,1755,14043,0,0,188.98099999999999,0
3,1756,14051,0,0,181.006,0
3,1757,14059,0,0,160.28200000000001,0
3,1758,14067,0,0,201.74199999999999,0
3,1759,14075,0,0,163.40299999999999,0
3,1760,14083,0,0,174.922,0
3,1761,14091,0,0,170.63900000000001,0
3,1762,14099,0,0,156.10499999999999,0
3,1763,14107,0,0,145.89699999999999,0
3,1764,14115,0,0,166.56800000000001,0
3,1765,14123,0,0,161.018,0
3,1766,14131,0,0,149.68600000000001,0
3,1767,14139,0,0,188.27600000000001,0
3,1768,14147,0,0,161.898,0
3,1769,14155,0,0,191.98099999999999,0
3,1770,14163,0,0,188.91999999999999,0
3,1771,14171,0,0,175.59700000000001,0
3,1772,14179,0,0,132.62899999999999,0
3,1773,14187,0,0,208.64699999999999,0
3,1774,14195,0,0,156.846,0
3,1775,14203,0,0,177.297,0
3,1776,14211,0,0,126.13,0
3,1777,14219,0,0,126.36199999999999,0
3,1778,14227,0,0,137.714,0
3,1779,14235,0,0,185.72399999999999,0
3,1780,14243,0,0,212.43299999999999,0
3,1781,14251,0,0,170.46899999999999,0
3,1782,3,1,0,179.476,0
3,1783,11,1,0,200.39699999999999,0
3,1784,19,1,0,177.38800000000001,0
3,1785,27,1,0,184.941,0
3,1786,35,1,0,148.79300000000001,0
3,1787,43,1,0,192.679,0
3,1788,51,1,0,155.28399999999999,0
3,1789,59,1,0,183.464,0
3,1790,67,1,0,177.946,0
3,1791,75,1,0,137.00399999999999,0
3,1792,83,1,0,108.65000000000001,0
3,1793,91,1,0,174.84299999999999,0
3,1794,99,1,0,200.16999999999999,0
3,1795,107,1,0,190.387,0
3,1796,115,1,0,196.982,0
3,1797,123,1,0,171.535,0
3,1798,131,1,0,184.90600000000001,0
3,1799,139,1,0,195.393,0
3,1800,147,1,0,182.255,0
3,1801,155,1,0,197.82400000000001,0
3,1802,163,1,0,195.11099999999999,0
3,1803,171,1,0,172.447,0
3,1804,179,1,0,150.81999999999999,0
3,1805,187,1,0,191.94300000000001,0
3,1806,195,1,0,213.50899999999999,0
3,1807,203,1,0,168.78100000000001,0
3,1808,211,1,0,174.971,0
3,1809,219,1,0,204.47999999999999,0
3,1810,227,1,0,169.649,0
3,1811,235,1,0,171.107,0
3,1812,243,1,0,163.12,0
3,1813,251,1,0,164.52500000000001,0
3,1814,259,1,0,193.31700000000001,0
3,1815,267,1,0,180.48699999999999,0
3,1816,275,1,0,174.54599999999999,0
3,1817,283,1,0,169.75899999999999,0
3,1818,291,1,0,171.131,0
3,1819,299,1,0,131.268,0
3,1820,307,1,0,185.94399999999999,0
3,1821,315,1,0,132.79400000000001,0
3,1822,323,1,0,158.072,0
3,1823,331,1,0,206.858,0
3,1824,339,1,0,183.82499999999999,0
3,1825,347,1,0,188.98699999999999,0
3,1826,355,1,0,164.84299999999999,0
3,1827,363,1,0,152.239,0
3,1828,371,1,0,189.68899999999999,0
3,1829,379,1,0,146.78899999999999,0
3,1830,387,1,0,183.524,0
3,1831,395,1,0,186.976,0
3,1832,403,1,0,165.601,0
3,1833,411,1,0,208.804,0
3,1834,419,1,0,182.601,0
3,1835,427,1,0,167.869,0
3,1836,435,1,0,169.00399999999999,0
3,1837,443,1,0,153.65100000000001,0
3,1838,451,1,0,192.37799999999999,0
3,1839,459,1,0,181.14400000000001,0
3,1840,467,1,0,182.48099999999999,0
3,1841,475,1,0,176.44900000000001,0
3,1842,483,1,0,175.40000000000001,0
3,1843,491,1,0,186.149,0
3,1844,499,1,0,152.47200000000001,0
3,1845,507,1,0,205.16200000000001,0
3,1846,515,1,0,182.45699999999999,0
3,1847,523,1,0,145.89500000000001,0
3,1848,531,1,0,184.64400000000001,0
3,1849,539,1,0,136.42099999999999,0
3,1850,547,1,0,181.69800000000001,0
3,1851,555,1,0,182.64599999999999,0
3,1852,563,1,0,169.55500000000001,0
3,1853,571,1,0,206.75,0
3,1854,579,1,0,155.50800000000001,0
3,1855,587,1,0,181.715,0
3,1856,595,1,0,143.23099999999999,0
3,1857,603,1,0,188.54900000000001,0
3,1858,611,1,0,216.59299999999999,0
3,1859,619,1,0,197.59299999999999,0
3,1860,627,1,0,171.51499999999999,0
3,1861,635,1,0,166.50899999999999,0
3,1862,643,1,0,216.68199999999999,0
3,1863,651,1,0,154.929,0
3,1864,659,1,0,157.84399999999999,0
3,1865,667,1,0,203.29400000000001,0
3,1866,675,1,0,154.56899999999999,0
3,1867,683,1,0,174.50899999999999,0
3,1868,691,1,0,176.24299999999999,0
3,1869,699,1,0,197.16200000000001,0
3,1870,707,1,0,183.51300000000001,0
3,1871,715,1,0,192.185,0
3,1872,723,1,0,189.49100000000001,0
3,1873,731,1,0,189.49100000000001,0
3,1874,739,1,0,158.94399999999999,0
3,1875,747,1,0,183.923,0
3,1876,755,1,0,202.35300000000001,0
3,1877,763,1,0,188.01400000000001,0
3,1878,771,1,0,174.87799999999999,0
3,1879,779,1,0,185.28399999999999,0
3,1880,787,1,0,152.59200000000001,0
3,1881,795,1,0,172.839,0
3,1882,803,1,0,187.25700000000001,0
3,1883,811,1,0,173.31800000000001,0
3,1884,819,1,0,163.84999999999999,0
3,1885,827,1,0,156.01900000000001,0
3,1886,835,1,0,176.31800000000001,0
3,1887,843,1,0,186.875,0
3,1888,851,1,0,161.68199999999999,0
3,1889,859,1,0,185.74799999999999,0
3,1890,867,1,0,196.91999999999999,0
3,1891,875,1,0,163.459,0
3,1892,883,1,0,181.536,0
3,1893,891,1,0,177.51499999999999,0
3,1894,899,1,0,175.76300000000001,0
3,1895,907,1,0,185.07499999999999,0
3,1896,915,1,0,193.00999999999999,0
3,1897,923,1,0,171.25999999999999,0
3,1898,931,1,0,121.217,0
3,1899,939,1,0,173.29599999999999,0
3,1900,947,1,0,184.173,0
3,1901,955,1,0,162.28200000000001,0
3,1902,963,1,0,147.35599999999999,0
3,1903,971,1,0,146.92400000000001,0
3,1904,979,1,0,182.51300000000001,0
3,1905,987,1,0,167.572,0
3,1906,995,1,0,218.41200000000001,0
3,1907,1003,1,0,187.06999999999999,0
3,1908,1011,1,0,197.358,0
3,1909,1019,1,0,167.339,0
3,1910,1027,1,0,147.40100000000001,0
3,1911,1035,1,0,167.48099999999999,0
3,1912,1043,1,0,164.947,0
3,1913,1051,1,0,147.166,0
3,1914,1059,1,0,184.995,0
3,1915,1067,1,0,174.31200000000001,0
3,1916,1075,1,0,174.268,0
3,1917,1083,1,0,176.5,0
3,1918,1091,1,0,209.03700000000001,0
3,1919,1099,1,0,164.75999999999999,0
3,1920,1107,1,0,212.33799999999999,0
3,1921,1115,1,0,160.24299999999999,0
3,1922,1123,1,0,159.232,0
3,1923,1131,1,0,177.59299999999999,0
3,1924,1139,1,0,170.946,0
3,1925,1147,1,0,162.90000000000001,0
3,1926,1155,1,0,178.52000000000001,0
3,1927,1163,1,0,184.874,0
3,1928,1171,1,0,186.64400000000001,0
3,1929,1179,1,0,180.87899999999999,0
3,1930,1187,1,0,186.17400000000001,0
3,1931,1195,1,0,151.88,0
3,1932,1203,1,0,180.29599999999999,0
3,1933,1211,1,0,184.28700000000001,0
3,1934,1219,1,0,170.214,0
3,1935,1227,1,0,175.09399999999999,0
3,1936,1235,1,0,169.97300000000001,0
3,1937,1243,1,0,178.06299999999999,0
3,1938,1251,1,0,164.90600000000001,0
3,1939,1259,1,0,166.74299999999999,0
3,1940,1267,1,0,171.666,0
3,1941,1275,1,0,165.12299999999999,0
3,1942,1283,1,0,221.80000000000001,0
3,1943,1291,1,0,190.20699999999999,0
3,1944,1299,1,0,105.68899999999999,0
3,1945,1307,1,0,162.12299999999999,0
3,1946,1315,1,0,158.50700000000001,0
3,1947,1323,1,0,193.011,0
3,1948,1331,1,0,193.553,0
3,1949,1339,1,0,188.09999999999999,0
3,1950,1347,1,0,162.303,0
3,1951,1355,1,0,175.178,0
3,1952,1363,1,0,168.78700000000001,0
3,1953,1371,1,0,183.30199999999999,0
3,1954,1379,1,0,157.172,0
3,1955,1387,1,0,188.69499999999999,0
3,1956,1395,1,0,173.715,0
3,1957,1403,1,0,164.93000000000001,0
3,1958,1411,1,0,145.78899999999999,0
3,1959,1419,1,0,180.69300000000001,0
3,1960,1427,1,0,168.124,0
3,1961,1435,1,0,193.07400000000001,0
3,1962,1443,1,0,181.227,0
3,1963,1451,1,0,175.56800000000001,0
3,1964,1459,1,0,164.98699999999999,0
3,1965,1467,1,0,156.697,0
3,1966,1475,1,0,170.21100000000001,0
3,1967,1483,1,0,143.40600000000001,0
3,1968,1491,1,0,184.56700000000001,0
3,1969,1499,1,0,190.25,0
3,1970,1507,1,0,153.07499999999999,0
3,1971,1515,1,0,186.31700000000001,0
3,1972,1523,1,0,168.941,0
3,1973,1531,1,0,183.02799999999999,0
3,1974,1539,1,0,191.029,0
3,1975,1547,1,0,129.08099999999999,0
3,1976,1555,1,0,183.94300000000001,0
3,1977,1563,1,0,203.107,0
3,1978,1571,1,0,145.727,0
3,1979,1579,1,0,135.41499999999999,0
3,1980,1587,1,0,169.691,0
3,1981,1595,1,0,161.08600000000001,0
3,1982,1603,1,0,172.446,0
3,1983,1611,1,0,204.43700000000001,0
3,1984,1619,1,0,184.11600000000001,0
3,1985,1627,1,0,178.846,0
3,1986,1635,1,0,193.864,0
3,1987,1643,1,0,132.63900000000001,0
3,1988,1651,1,0,160.31100000000001,0
3,1989,1659,1,0,168.50999999999999,0
3,1990,1667,1,0,184.17099999999999,0
3,1991,1675,1,0,161.488,0
3,1992,1683,1,0,175.54900000000001,0
3,1993,1691,1,0,176.24199999999999,0
3,1994,1699,1,0,182.08000000000001,0
3,1995,1707,1,0,184.322,0
3,1996,1715,1,0,148.655,0
3,1997,1723,1,0,193.096,0
3,1998,1731,1,0,164.691,0
3,1999,1739,1,0,162.87299999999999,0
3,2000,1747,1,0,186.80500000000001,0
3,2001,1755,1,0,164.26900000000001,0
3,2002,1763,1,0,165.63300000000001,0
3,2003,1771,1,0,176.00200000000001,0
3,2004,1779,1,0,157.874,0
3,2005,1787,1,0,164.661,0
3,2006,1795,1,0,195.68899999999999,0
3,2007,1803,1,0,185.33000000000001,0
3,2008,1811,1,0,159.87899999999999,0
3,2009,1819,1,0,170.19499999999999,0
3,2010,1827,1,0,149.691,0
3,2011,1835,1,0,164.68199999999999,0
3,2012,1843,1,0,192.95599999999999,0
3,2013,1851,1,0,180.53700000000001,0
3,2014,1859,1,0,133.43899999999999,0
3,2015,1867,1,0,186.27699999999999,0
3,2016,1875,1,0,220.732,0
3,2017,1883,1,0,189.67500000000001,0
3,2018,1891,1,0,192.464,0
3,2019,1899,1,0,178.72900000000001,0
3,2020,1907,1,0,177.53200000000001,0
3,2021,1915,1,0,179.84399999999999,0
3,2022,1923,1,0,217.74799999999999,0
3,2023,1931,1,0,148.529,0
3,2024,1939,1,0,185.845,0
3,2025,1947,1,0,173.75800000000001,0
3,2026,1955,1,0,179.55000000000001,0
3,2027,1963,1,0,200.69800000000001,0
3,2028,1971,1,0,193.57400000000001,0
3,2029,1979,1,0,186.56399999999999,0
3,2030,1987,1,0,179.54900000000001,0
3,2031,1995,1,0,146.72499999999999,0
3,2032,2003,1,0,153.65899999999999,0
3,2033,2011,1,0,191.58099999999999,0
3,2034,2019,1,0,186.17599999999999,0
3,2035,2027,1,0,188.41999999999999,0
3,2036,2035,1,0,195.37200000000001,0
3,2037,2043,1,0,172.65899999999999,0
3,2038,2051,1,0,178.31800000000001,0
3,2039,2059,1,0,157.22499999999999,0
3,2040,2067,1,0,158.53999999999999,0
3,2041,2075,1,0,151.10900000000001,0
3,2042,2083,1,0,181.38399999999999,0
3,2043,2091,1,0,185.559,0
3,2044,2099,1,0,154.726,0
3,2045,2107,1,0,179.65600000000001,0
3,2046,2115,1,0,195.339,0
3,2047,2123,1,0,184.21100000000001,0
3,2048,2131,1,0,194.44,0
3,2049,2139,1,0,142.80000000000001,0
3,2050,2147,1,0,162.59200000000001,0
3,2051,2155,1,0,184.27000000000001,0
3,2052,2163,1,0,184.572,0
3,2053,2171,1,0,156.709,0
3,2054,2179,1,0,179.15600000000001,0
3,2055,2187,1,0,136.654,0
3,2056,2195,1,0,197.69,0
3,2057,2203,1,0,135.77099999999999,0
3,2058,2211,1,0,193.989,0
3,2059,2219,1,0,202.876,0
3,2060,2227,1,0,188.37,0
3,2061,2235,1,0,208.446,0
3,2062,2243,1,0,184.001,0
3,2063,2251,1,0,180.471,0
3,2064,2259,1,0,162.81800000000001,0
3,2065,2267,1,0,195.15299999999999,0
3,2066,2275,1,0,160.86099999999999,0
3,2067,2283,1,0,219.411,0
3,2068,2291,1,0,196.43899999999999,0
3,2069,2299,1,0,182.55099999999999,0
3,2070,2307,1,0,155.41999999999999,0
3,2071,2315,1,0,225.96600000000001,0
3,2072,2323,1,0,168.28299999999999,0
3,2073,2331,1,0,166.62200000000001,0
3,2074,2339,1,0,168.83699999999999,0
3,2075,2347,1,0,163.352,0
3,2076,2355,1,0,203.042,0
3,2077,2363,1,0,184.81800000000001,0
3,2078,2371,1,0,190.82300000000001,0
3,2079,2379,1,0,167.506,0
3,2080,2387,1,0,180.66499999999999,0
3,2081,2395,1,0,140.376,0
3,2082,2403,1,0,145.452,0
3,2083,2411,1,0,180.91999999999999,0
3,2084,2419,1,0,176.09899999999999,0
3,2085,2427,1,0,193.31399999999999,0
3,2086,2435,1,0,194.77099999999999,0
3,2087,2443,1,0,177.90000000000001,0
3,2088,2451,1,0,161.58500000000001,0
3,2089,2459,1,0,164.643,0
3,2090,2467,1,0,179.352,0
3,2091,2475,1,0,183.07599999999999,0
3,2092,2483,1,0,177.31100000000001,0
3,2093,2491,1,0,120.01600000000001,0
3,2094,2499,1,0,189.178,0
3,2095,2507,1,0,187.31800000000001,0
3,2096,2515,1,0,185.547,0
3,2097,2523,1,0,161.19,0
3,2098,2531,1,0,163.221,0
3,2099,2539,1,0,195.636,0
3,2100,2547,1,0,181.779,0
3,2101,2555,1,0,196.52799999999999,0
3,2102,2563,1,0,182.87299999999999,0
3,2103,2571,1,0,180.36199999999999,0
3,2104,2579,1,0,196.53,0
3,2105,2587,1,0,171.25899999999999,0
3,2106,2595,1,0,155.161,0
3,2107,2603,1,0,173.33799999999999,0
3,2108,2611,1,0,180.13900000000001,0
3,2109,2619,1,0,161.102,0
3,2110,2627,1,0,165.58000000000001,0
3,2111,2635,1,0,166.23699999999999,0
3,2112,2643,1,0,207.274,0
3,2113,2651,1,0,131.33500000000001,0
3,2114,2659,1,0,130.78100000000001,0
3,2115,2667,1,0,179.65199999999999,0
3,2116,2675,1,0,165.898,0
3,2117,2683,1,0,182.727,0
3,2118,2691,1,0,131.47,0
3,2119,2699,1,0,182.10599999999999,0
3,2120,2707,1,0,156.53999999999999,0
3,2121,2715,1,0,185.56100000000001,0
3,2122,2723,1,0,176.22200000000001,0
3,2123,2731,1,0,137.911,0
3,2124,2739,1,0,174.131,0
3,2125,2747,1,0,134.172,0
3,2126,2755,1,0,200.30199999999999,0
3,2127,2763,1,0,159.5,0
3,2128,2771,1,0,119.407,0
3,2129,2779,1,0,202.58600000000001,0
3,2130,2787,1,0,163.22,0
3,2131,2795,1,0,148.41,0
3,2132,2803,1,0,172.25800000000001,0
3,2133,2811,1,0,208.58799999999999,0
3,2134,2819,1,0,184.93000000000001,0
3,2135,2827,1,0,170.72399999999999,0
3,2136,2835,1,0,169.81800000000001,0
3,2137,2843,1,0,183.101,0
3,2138,2851,1,0,183.423,0
3,2139,2859,1,0,142.62100000000001,0
3,2140,2867,1,0,166.155,0
3,2141,2875,1,0,223.93600000000001,0
3,2142,2883,1,0,151.15600000000001,0
3,2143,2891,1,0,140.483,0
3,2144,2899,1,0,186.87100000000001,0
3,2145,2907,1,0,144.685,0
3,2146,2915,1,0,161.22499999999999,0
3,2147,2923,1,0,178.86099999999999,0
3,2148,2931,1,0,167.983,0
3,2149,2939,1,0,184.654,0
3,2150,2947,1,0,143.90299999999999,0
3,2151,2955,1,0,171.03899999999999,0
3,2152,2963,1,0,214.68000000000001,0
3,2153,2971,1,0,191.32300000000001,0
3,2154,2979,1,0,124.72799999999999,0
3,2155,2987,1,0,174.881,0
3,2156,2995,1,0,181.66200000000001,0
3,2157,3003,1,0,122.88500000000001,0
3,2158,3011,1,0,184.77000000000001,0
3,2159,3019,1,0,183.45400000000001,0
3,2160,3027,1,0,124.411,0
3,2161,3035,1,0,175.83000000000001,0
3,2162,3043,1,0,197.87700000000001,0
3,2163,3051,1,0,161.48099999999999,0
3,2164,3059,1,0,185.977,0
3,2165,3067,1,0,155.53700000000001,0
3,2166,3075,1,0,189.20699999999999,0
3,2167,3083,1,0,204.33699999999999,0
3,2168,3091,1,0,143.43199999999999,0
3,2169,3099,1,0,173.26499999999999,0
3,2170,3107,1,0,158.87799999999999,0
3,2171,3115,1,0,178.66399999999999,0
3,2172,3123,1,0,206.21700000000001,0
3,2173,3131,1,0,176.857,0
3,2174,3139,1,0,177.92500000000001,0
3,2175,3147,1,0,208.91300000000001,0
3,2176,3155,1,0,190.05199999999999,0
3,2177,3163,1,0,171.77099999999999,0
3,2178,3171,1,0,182.62100000000001,0
3,2179,3179,1,0,188.447,0
3,2180,3187,1,0,168.43799999999999,0
3,2181,3195,1,0,191.679,0
3,2182,3203,1,0,185.821,0
3,2183,3211,1,0,175.26499999999999,0
3,2184,3219,1,0,132.84899999999999,0
3,2185,3227,1,0,180.05199999999999,0
3,2186,3235,1,0,194.02699999999999,0
3,2187,3243,1,0,187.18700000000001,0
3,2188,3251,1,0,144.25200000000001,0
3,2189,3259,1,0,177.94,0
3,2190,3267,1,0,164.38900000000001,0
3,2191,3275,1,0,173.43700000000001,0
3,2192,3283,1,0,189.096,0
3,2193,3291,1,0,174.66399999999999,0
3,2194,3299,1,0,194.61000000000001,0
3,2195,3307,1,0,163.239,0
3,2196,3315,1,0,201.476,0
3,2197,3323,1,0,193.90000000000001,0
3,2198,3331,1,0,175.31999999999999,0
3,2199,3339,1,0,186.935,0
3,2200,3347,1,0,179.77600000000001,0
3,2201,3355,1,0,184.751,0
3,2202,3363,1,0,196.61799999999999,0
3,2203,3371,1,0,174.01599999999999,0
3,2204,3379,1,0,191.44200000000001,0
3,2205,3387,1,0,181.65199999999999,0
3,2206,3395,1,0,199.20599999999999,0
3,2207,3403,1,0,182.583,0
3,2208,3411,1,0,181.92699999999999,0
3,2209,3419,1,0,187.57599999999999,0
3,2210,3427,1,0,152.51900000000001,0
3,2211,3435,1,0,174.61000000000001,0
3,2212,3443,1,0,178.5,0
3,2213,3451,1,0,196.518,0
3,2214,3459,1,0,184.595,0
3,2215,3467,1,0,189.12899999999999,0
3,2216,3475,1,0,190.41200000000001,0
3,2217,3483,1,0,203.249,0
3,2218,3491,1,0,184.72499999999999,0
3,2219,3499,1,0,177.03399999999999,0
3,2220,3507,1,0,149.90799999999999,0
3,2221,3515,1,0,152.453,0
3,2222,3523,1,0,182.83500000000001,0
3,2223,3531,1,0,179.869,0
3,2224,3539,1,0,158.72,0
3,2225,3547,1,0,197.72399999999999,0
3,2226,3555,1,0,188.67500000000001,0
3,2227,3563,1,0,177.77000000000001,0
3,2228,3571,1,0,169.70599999999999,0
3,2229,3579,1,0,154.71899999999999,0
3,2230,3587,1,0,177.09999999999999,0
3,2231,3595,1,0,137.679,0
3,2232,3603,1,0,183.434,0
3,2233,3611,1,0,170.35499999999999,0
3,2234,3619,1,0,193.70500000000001,0
3,2235,3627,1,0,158.905,0
3,2236,3635,1,0,175.78899999999999,0
3,2237,3643,1,0,183.31700000000001,0
3,2238,3651,1,0,175.23400000000001,0
3,2239,3659,1,0,182.274,0
3,2240,3667,1,0,148.87299999999999,0
3,2241,3675,1,0,124.791,0
3,2242,3683,1,0,220.51499999999999,0
3,2243,3691,1,0,153.238,0
3,2244,3699,1,0,181.726,0
3,2245,3707,1,0,192.23500000000001,0
3,2246,3715,1,0,137.42599999999999,0
3,2247,3723,1,0,147.846,0
3,2248,3731,1,0,152.04400000000001,0
3,2249,3739,1,0,210.684,0
3,2250,3747,1,0,199.03399999999999,0
3,2251,3755,1,0,192.904,0
3,2252,3763,1,0,182.06800000000001,0
3,2253,3771,1,0,166.59299999999999,0
3,2254,3779,1,0,204.678,0
3,2255,3787,1,0,153.88900000000001,0
3,2256,3795,1,0,160.97399999999999,0
3,2257,3803,1,0,179.30699999999999,0
3,2258,3811,1,0,188.142,0
3,2259,3819,1,0,190.37,0
3,2260,3827,1,0,158.024,0
3,2261,3835,1,0,192.131,0
3,2262,3843,1,0,171.084,0
3,2263,3851,1,0,145.28999999999999,0
3,2264,3859,1,0,175.399,0
3,2265,3867,1,0,169.35900000000001,0
3,2266,3875,1,0,181.714,0
3,2267,3883,1,0,188.041,0
3,2268,3891,1,0,186.15899999999999,0
3,2269,3899,1,0,191.13999999999999,0
3,2270,3907,1,0,181.86500000000001,0
3,2271,3915,1,0,120.59099999999999,0
3,2272,3923,1,0,199.11099999999999,0
3,2273,3931,1,0,118.434,0
3,2274,3939,1,0,204.06200000000001,0
3,2275,3947,1,0,204.44200000000001,0
3,2276,3955,1,0,158.268,0
3,2277,3963,1,0,200.59800000000001,0
3,2278,3971,1,0,167.93299999999999,0
3,2279,3979,1,0,178.95400000000001,0
3,2280,3987,1,0,177.33000000000001,0
3,2281,3995,1,0,163.499,0
3,2282,4003,1,0,171.31200000000001,0
3,2283,4011,1,0,164.79300000000001,0
3,2284,4019,1,0,204.14699999999999,0
3,2285,4027,1,0,177.28,0
3,2286,4035,1,0,180.786,0
3,2287,4043,1,0,189.797,0
3,2288,4051,1,0,191.07900000000001,0
3,2289,4059,1,0,149.77699999999999,0
3,2290,4067,1,0,185.56800000000001,0
3,2291,4075,1,0,165.83799999999999,0
3,2292,4083,1,0,180.374,0
3,2293,4091,1,0,116.551,0
3,2294,4099,1,0,181.864,0
3,2295,4107,1,0,177.49299999999999,0
3,2296,4115,1,0,195.64699999999999,0
3,2297,4123,1,0,180.37200000000001,0
3,2298,4131,1,0,168.69399999999999,0
3,2299,4139,1,0,198.905,0
3,2300,4147,1,0,182.89599999999999,0
3,2301,4155,1,0,183.13999999999999,0
3,2302,4163,1,0,152.79900000000001,0
3,2303,4171,1,0,192.78299999999999,0
3,2304,4179,1,0,196.006,0
3,2305,4187,1,0,177.267,0
3,2306,4195,1,0,142.36799999999999,0
3,2307,4203,1,0,205.17099999999999,0
3,2308,4211,1,0,160.01599999999999,0
3,2309,4219,1,0,212.30099999999999,0
3,2310,4227,1,0,177.18199999999999,0
3,2311,4235,1,0,146.672,0
3,2312,4243,1,0,187.50399999999999,0
3,2313,4251,1,0,175.953,0
3,2314,4259,1,0,147.81100000000001,0
3,2315,4267,1,0,156.67400000000001,0
3,2316,4275,1,0,162.679,0
3,2317,4283,1,0,189.988,0
3,2318,4291,1,0,190.31800000000001,0
3,2319,4299,1,0,161.74100000000001,0
3,2320,4307,1,0,183.899,0
3,2321,4315,1,0,155.74299999999999,0
3,2322,4323,1,0,161.047,0
3,2323,4331,1,0,174.43299999999999,0
3,2324,4339,1,0,134.95099999999999,0
3,2325,4347,1,0,190.084,0
3,2326,4355,1,0,218.54499999999999,0
3,2327,4363,1,0,190.41900000000001,0
3,2328,4371,1,0,181.61000000000001,0
3,2329,4379,1,0,150.95699999999999,0
3,2330,4387,1,0,155.91499999999999,0
3,2331,4395,1,0,157.80600000000001,0
3,2332,4403,1,0,137.46000000000001,0
3,2333,4411,1,0,126.788,0
3,2334,4419,1,0,179.08799999999999,0
3,2335,4427,1,0,180.60499999999999,0
3,2336,4435,1,0,169.09999999999999,0
3,2337,4443,1,0,178.798,0
3,2338,4451,1,0,163.363,0
3,2339,4459,1,0,165.94,0
3,2340,4467,1,0,158.673,0
3,2341,4475,1,0,194.29599999999999,0
3,2342,4483,1,0,171.67599999999999,0
3,2343,4491,1,0,186.36600000000001,0
3,2344,4499,1,0,164.995,0
3,2345,4507,1,0,171.76599999999999,0
3,2346,4515,1,0,186.57599999999999,0
3,2347,4523,1,0,175.03899999999999,0
3,2348,4531,1,0,191.571,0
3,2349,4539,1,0,158.19,0
3,2350,4547,1,0,181.38,0
3,2351,4555,1,0,160.92500000000001,0
3,2352,4563,1,0,182.744,0
3,2353,4571,1,0,136.15100000000001,0
3,2354,4579,1,0,164.19200000000001,0
3,2355,4587,1,0,191.971,0
3,2356,4595,1,0,191.071,0
3,2357,4603,1,0,180.989,0
3,2358,4611,1,0,174.624,0
3,2359,4619,1,0,180.18600000000001,0
3,2360,4627,1,0,161.08600000000001,0
3,2361,4635,1,0,171.31299999999999,0
3,2362,4643,1,0,184.22200000000001,0
3,2363,4651,1,0,169.38800000000001,0
3,2364,4659,1,0,189.32400000000001,0
3,2365,4667,1,0,176.941,0
3,2366,4675,1,0,230.12200000000001,0
3,2367,4683,1,0,169.661,0
3,2368,4691,1,0,166.029,0
3,2369,4699,1,0,142.62299999999999,0
3,2370,4707,1,0,179.65700000000001,0
3,2371,4715,1,0,189.70500000000001,0
3,2372,4723,1,0,168.833,0
3,2373,4731,1,0,182.346,0
3,2374,4739,1,0,162.791,0
3,2375,4747,1,0,155.72200000000001,0
3,2376,4755,1,0,188.78800000000001,0
3,2377,4763,1,0,153.34,0
3,2378,4771,1,0,184.72999999999999,0
3,2379,4779,1,0,178.11099999999999,0
3,2380,4787,1,0,171.09200000000001,0
3,2381,4795,1,0,169.78399999999999,0
3,2382,4803,1,0,188.69,0
3,2383,4811,1,0,162.47900000000001,0
3,2384,4819,1,0,179.37100000000001,0
3,2385,4827,1,0,167.28200000000001,0
3,2386,4835,1,0,177.154,0
3,2387,4843,1,0,170.196,0
3,2388,4851,1,0,167.86199999999999,0
3,2389,4859,1,0,202.37100000000001,0
3,2390,4867,1,0,170.61600000000001,0
3,2391,4875,1,0,174.34700000000001,0
3,2392,4883,1,0,211.01599999999999,0
3,2393,4891,1,0,197.83600000000001,0
3,2394,4899,1,0,151.667,0
3,2395,4907,1,0,176.81100000000001,0
3,2396,4915,1,0,147.61699999999999,0
3,2397,4923,1,0,135.92599999999999,0
3,2398,4931,1,0,194.48500000000001,0
3,2399,4939,1,0,184.49799999999999,0
3,2400,4947,1,0,186.79400000000001,0
3,2401,4955,1,0,150.98599999999999,0
3,2402,4963,1,0,177.23500000000001,0
3,2403,4971,1,0,181.35499999999999,0
3,2404,4979,1,0,175.20400000000001,0
3,2405,4987,1,0,149.76499999999999,0
3,2406,4995,1,0,178.18799999999999,0
3,2407,5003,1,0,187.155,0
3,2408,5011,1,0,178.648,0
3,2409,5019,1,0,195.10400000000001,0
3,2410,5027,1,0,136.47200000000001,0
3,2411,5035,1,0,123.39100000000001,0
3,2412,5043,1,0,173.298,0
3,2413,5051,1,0,187.733,0
3,2414,5059,1,0,201.197,0
3,2415,5067,1,0,167.56200000000001,0
3,2416,5075,1,0,136.15899999999999,0
3,2417,5083,1,0,145.26599999999999,0
3,2418,5091,1,0,198.76400000000001,0
3,2419,5099,1,0,147.78999999999999,0
3,2420,5107,1,0,177.12,0
3,2421,5115,1,0,196.56200000000001,0
3,2422,5123,1,0,180.268,0
3,2423,5131,1,0,189.26599999999999,0
3,2424,5139,1,0,196.41499999999999,0
3,2425,5147,1,0,164.393,0
3,2426,5155,1,0,184.869,0
3,2427,5163,1,0,160.559,0
3,2428,5171,1,0,188.84399999999999,0
3,2429,5179,1,0,161.874,0
3,2430,5187,1,0,188.45099999999999,0
3,2431,5195,1,0,165.708,0
3,2432,5203,1,0,119.574,0
3,2433,5211,1,0,189.804,0
3,2434,5219,1,0,120.417,0
3,2435,5227,1,0,190.53999999999999,0
3,2436,5235,1,0,198.50200000000001,0
3,2437,5243,1,0,151.80799999999999,0
3,2438,5251,1,0,180.90799999999999,0
3,2439,5259,1,0,163.994,0
3,2440,5267,1,0,137.84200000000001,0
3,2441,5275,1,0,156.42699999999999,0
3,2442,5283,1,0,171.86699999999999,0
3,2443,5291,1,0,178.86199999999999,0
3,2444,5299,1,0,173.30600000000001,0
3,2445,5307,1,0,177.345,0
3,2446,5315,1,0,157.69499999999999,0
3,2447,5323,1,0,174.58699999999999,0
3,2448,5331,1,0,134.18100000000001,0
3,2449,5339,1,0,178.41800000000001,0
3,2450,5347,1,0,191.50399999999999,0
3,2451,5355,1,0,212.43700000000001,0
3,2452,5363,1,0,182.68899999999999,0
3,2453,5371,1,0,159.178,0
3,2454,5379,1,0,166.393,0
3,2455,5387,1,0,162.52199999999999,0
3,2456,5395,1,0,196.47300000000001,0
3,2457,5403,1,0,167.48400000000001,0
3,2458,5411,1,0,170.05500000000001,0
3,2459,5419,1,0,141.88900000000001,0
3,2460,5427,1,0,152.57900000000001,0
3,2461,5435,1,0,144.62,0
3,2462,5443,1,0,158.68100000000001,0
3,2463,5451,1,0,189.327,0
3,2464,5459,1,0,198.678,0
3,2465,5467,1,0,196.709,0
3,2466,5475,1,0,196.94300000000001,0
3,2467,5483,1,0,179.57499999999999,0
3,2468,5491,1,0,184.62299999999999,0
3,2469,5499,1,0,192.16999999999999,0
3,2470,5507,1,0,181.84800000000001,0
3,2471,5515,1,0,183.148,0
3,2472,5523,1,0,178.15199999999999,0
3,2473,5531,1,0,188.548,0
3,2474,5539,1,0,157.02799999999999,0
3,2475,5547,1,0,168.87,0
3,2476,5555,1,0,191.73699999999999,0
3,2477,5563,1,0,130.131,0
3,2478,5571,1,0,177.60599999999999,0
3,2479,5579,1,0,176.25800000000001,0
3,2480,5587,1,0,174.84399999999999,0
3,2481,5595,1,0,137.55000000000001,0
3,2482,5603,1,0,138.726,0
3,2483,5611,1,0,186.256,0
3,2484,5619,1,0,149.74000000000001,0
3,2485,5627,1,0,189.53200000000001,0
3,2486,5635,1,0,145.26599999999999,0
3,2487,5643,1,0,187.315,0
3,2488,5651,1,0,188.54599999999999,0
3,2489,5659,1,0,182.20500000000001,0
3,2490,5667,1,0,192.60599999999999,0
3,2491,5675,1,0,186.24299999999999,0
3,2492,5683,1,0,190.04300000000001,0
3,2493,5691,1,0,125.40300000000001,0
3,2494,5699,1,0,216.988,0
3,2495,5707,1,0,187.255,0
3,2496,5715,1,0,171.91800000000001,0
3,2497,5723,1,0,170.47800000000001,0
3,2498,5731,1,0,195.358,0
3,2499,5739,1,0,123.673,0
3,2500,5747,1,0,187.15899999999999,0
3,2501,5755,1,0,150.31899999999999,0
3,2502,5763,1,0,158.26300000000001,0
3,2503,5771,1,0,186.28999999999999,0
3,2504,5779,1,0,175.22900000000001,0
3,2505,5787,1,0,191.45500000000001,0
3,2506,5795,1,0,166.37299999999999,0
3,2507,5803,1,0,174.91800000000001,0
3,2508,5811,1,0,153.917,0
3,2509,5819,1,0,184.352,0
3,2510,5827,1,0,153.703,0
3,2511,5835,1,0,193.08799999999999,0
3,2512,5843,1,0,172.63900000000001,0
3,2513,5851,1,0,182.28299999999999,0
3,2514,5859,1,0,132.18700000000001,0
3,2515,5867,1,0,188.886,0
3,2516,5875,1,0,169.83500000000001,0
3,2517,5883,1,0,202.34,0
3,2518,5891,1,0,136.696,0
3,2519,5899,1,0,163.12299999999999,0
3,2520,5907,1,0,174.596,0
3,2521,5915,1,0,167.18299999999999,0
3,2522,5923,1,0,195.34800000000001,0
3,2523,5931,1,0,178.26900000000001,0
3,2524,5939,1,0,195.376,0
3,2525,5947,1,0,185.51499999999999,0
3,2526,5955,1,0,161.28800000000001,0
3,2527,5963,1,0,175.233,0
3,2528,5971,1,0,187.02099999999999,0
3,2529,5979,1,0,182.511,0
3,2530,5987,1,0,195.97,0
3,2531,5995,1,0,206.511,0
3,2532,6003,1,0,190.95400000000001,0
3,2533,6011,1,0,179.136,0
3,2534,6019,1,0,185.566,0
3,2535,6027,1,0,199.81399999999999,0
3,2536,6035,1,0,180.77000000000001,0
3,2537,6043,1,0,194.404,0
3,2538,6051,1,0,197.83199999999999,0
3,2539,6059,1,0,128.935,0
3,2540,6067,1,0,168.96299999999999,0
3,2541,6075,1,0,180.733,0
3,2542,6083,1,0,119.16800000000001,0
3,2543,6091,1,0,179.91900000000001,0
3,2544,6099,1,0,194.363,0
3,2545,6107,1,0,148.65700000000001,0
3,2546,6115,1,0,141.74100000000001,0
3,2547,6123,1,0,186.376,0
3,2548,6131,1,0,190.678,0
3,2549,6139,1,0,209.62299999999999,0
3,2550,6147,1,0,157.40899999999999,0
3,2551,6155,1,0,181.851,0
3,2552,6163,1,0,163.197,0
3,2553,6171,1,0,173.60599999999999,0
3,2554,6179,1,0,157.06,0
3,2555,6187,1,0,184.464,0
3,2556,6195,1,0,193.161,0
3,2557,6203,1,0,146.78999999999999,0
3,2558,6211,1,0,214.827,0
3,2559,6219,1,0,168.178,0
3,2560,6227,1,0,175.88999999999999,0
3,2561,6235,1,0,210.726,0
3,2562,6243,1,0,189.31399999999999,0
3,2563,6251,1,0,126.563,0
3,2564,6259,1,0,189.398,0
3,2565,6267,1,0,179.01300000000001,0
3,2566,6275,1,0,188.601,0
3,2567,6283,1,0,185.405,0
3,2568,6291,1,0,192.327,0
3,2569,6299,1,0,166.03700000000001,0
3,2570,6307,1,0,215.13,0
3,2571,6315,1,0,181.05600000000001,0
3,2572,6323,1,0,179.14500000000001,0
3,2573,6331,1,0,160.30799999999999,0
3,2574,6339,1,0,170.77500000000001,0
3,2575,6347,1,0,188.77199999999999,0
3,2576,6355,1,0,171.28200000000001,0
3,2577,6363,1,0,157.42699999999999,0
3,2578,6371,1,0,171.00999999999999,0
3,2579,6379,1,0,162.702,0
3,2580,6387,1,0,155.202,0
3,2581,6395,1,0,165.327,0
3,2582,6403,1,0,119.267,0
3,2583,6411,1,0,211.99299999999999,0
3,2584,6419,1,0,146.57300000000001,0
3,2585,6427,1,0,195.77799999999999,0
3,2586,6435,1,0,184.24700000000001,0
3,2587,6443,1,0,178.624,0
3,2588,6451,1,0,178.404,0
3,2589,6459,1,0,183.23599999999999,0
3,2590,6467,1,0,179.01900000000001,0
3,2591,6475,1,0,159.58099999999999,0
3,2592,6483,1,0,213.86500000000001,0
3,2593,6491,1,0,172.572,0
3,2594,6499,1,0,195.637,0
3,2595,6507,1,0,163.874,0
3,2596,6515,1,0,150.405,0
3,2597,6523,1,0,173.69,0
3,2598,6531,1,0,170.04300000000001,0
3,2599,6539,1,0,156.56399999999999,0
3,2600,6547,1,0,177.77099999999999,0
3,2601,6555,1,0,194.56100000000001,0
3,2602,6563,1,0,151.15000000000001,0
3,2603,6571,1,0,190.63399999999999,0
3,2604,6579,1,0,182.75899999999999,0
3,2605,6587,1,0,208.583,0
3,2606,6595,1,0,189.63200000000001,0
3,2607,6603,1,0,160.59,0
3,2608,6611,1,0,186.59,0
3,2609,6619,1,0,189.12100000000001,0
3,2610,6627,1,0,143.12799999999999,0
3,2611,6635,1,0,174.85599999999999,0
3,2612,6643,1,0,192.63300000000001,0
3,2613,6651,1,0,189.03700000000001,0
3,2614,6659,1,0,221.97999999999999,0
3,2615,6667,1,0,186.113,0
3,2616,6675,1,0,156.5,0
3,2617,6683,1,0,173.88900000000001,0
3,2618,6691,1,0,196.654,0
3,2619,6699,1,0,134.85900000000001,0
3,2620,6707,1,0,214.50800000000001,0
3,2621,6715,1,0,135.72399999999999,0
3,2622,6723,1,0,153.792,0
3,2623,6731,1,0,157.33000000000001,0
3,2624,6739,1,0,143.953,0
3,2625,6747,1,0,185.773,0
3,2626,6755,1,0,139.00899999999999,0
3,2627,6763,1,0,136.01900000000001,0
3,2628,6771,1,0,174.04300000000001,0
3,2629,6779,1,0,169.97800000000001,0
3,2630,6787,1,0,167.679,0
3,2631,6795,1,0,176.666,0
3,2632,6803,1,0,178.964,0
3,2633,6811,1,0,144.36199999999999,0
3,2634,6819,1,0,181.44,0
3,2635,6827,1,0,190.983,0
3,2636,6835,1,0,161.804,0
3,2637,6843,1,0,176.36699999999999,0
3,2638,6851,1,0,174.072,0
3,2639,6859,1,0,149.21299999999999,0
3,2640,6867,1,0,186.34100000000001,0
3,2641,6875,1,0,166.601,0
3,2642,6883,1,0,159.369,0
3,2643,6891,1,0,184.45599999999999,0
3,2644,6899,1,0,146.10300000000001,0
3,2645,6907,1,0,135.285,0
3,2646,6915,1,0,169.60300000000001,0
3,2647,6923,1,0,163.32300000000001,0
3,2648,6931,1,0,176.453,0
3,2649,6939,1,0,192.221,0
3,2650,6947,1,0,186.47399999999999,0
3,2651,6955,1,0,150.99000000000001,0
3,2652,6963,1,0,183.32900000000001,0
3,2653,6971,1,0,171.13800000000001,0
3,2654,6979,1,0,186.143,0
3,2655,6987,1,0,204.31700000000001,0
3,2656,6995,1,0,192.029,0
3,2657,7003,1,0,195.26499999999999,0
3,2658,7011,1,0,189.88,0
3,2659,7019,1,0,136.38800000000001,0
3,2660,7027,1,0,202.88200000000001,0
3,2661,7035,1,0,176.41800000000001,0
3,2662,7043,1,0,146.81999999999999,0
3,2663,7051,1,0,210.71299999999999,0
3,2664,7059,1,0,187.18799999999999,0
3,2665,7067,1,0,133.334,0
3,2666,7075,1,0,185.40799999999999,0
3,2667,7083,1,0,191.81100000000001,0
3,2668,7091,1,0,146.62,0
3,2669,7099,1,0,212.489,0
3,2670,7107,1,0,194.84800000000001,0
3,2671,7115,1,0,187.339,0
3,2672,7123,1,0,174.184,0
3,2673,7131,1,0,178.81299999999999,0
3,2674,7139,1,0,171.839,0
3,2675,7147,1,0,194.667,0
3,2676,7155,1,0,177.86099999999999,0
3,2677,7163,1,0,184.565,0
3,2678,7171,1,0,181.30799999999999,0
3,2679,7179,1,0,173.49199999999999,0
3,2680,7187,1,0,170.88800000000001,0
3,2681,7195,1,0,172.25800000000001,0
3,2682,7203,1,0,203.833,0
3,2683,7211,1,0,188.911,0
3,2684,7219,1,0,185.43299999999999,0
3,2685,7227,1,0,163.13300000000001,0
3,2686,7235,1,0,213.113,0
3,2687,7243,1,0,184.738,0
3,2688,7251,1,0,140.20699999999999,0
3,2689,7259,1,0,142.06700000000001,0
3,2690,7267,1,0,157.79900000000001,0
3,2691,7275,1,0,199.22999999999999,0
3,2692,7283,1,0,161.99000000000001,0
3,2693,7291,1,0,183.24600000000001,0
3,2694,7299,1,0,172.60400000000001,0
3,2695,7307,1,0,176.71100000000001,0
3,2696,7315,1,0,182.62100000000001,0
3,2697,7323,1,0,163.46000000000001,0
3,2698,7331,1,0,167.18299999999999,0
3,2699,7339,1,0,166.453,0
3,2700,7347,1,0,176.101,0
3,2701,7355,1,0,161.65199999999999,0
3,2702,7363,1,0,176.023,0
3,2703,7371,1,0,142.297,0
3,2704,7379,1,0,196.37799999999999,0
3,2705,7387,1,0,199.851,0
3,2706,7395,1,0,192.48099999999999,0
3,2707,7403,1,0,173.65100000000001,0
3,2708,7411,1,0,181.09399999999999,0
3,2709,7419,1,0,185.85300000000001,0
3,2710,7427,1,0,160.14599999999999,0
3,2711,7435,1,0,178.315,0
3,2712,7443,1,0,145.15700000000001,0
3,2713,7451,1,0,222.32400000000001,0
3,2714,7459,1,0,155.43600000000001,0
3,2715,7467,1,0,132.09899999999999,0
3,2716,7475,1,0,186.15199999999999,0
3,2717,7483,1,0,182.417,0
3,2718,7491,1,0,199.16,0
3,2719,7499,1,0,135.67400000000001,0
3,2720,7507,1,0,177.86699999999999,0
3,2721,7515,1,0,195.953,0
3,2722,7523,1,0,182.11699999999999,0
3,2723,7531,1,0,168.643,0
3,2724,7539,1,0,173.17099999999999,0
3,2725,7547,1,0,185.94300000000001,0
3,2726,7555,1,0,190.39400000000001,0
3,2727,7563,1,0,178.714,0
3,2728,7571,1,0,180.31899999999999,0
3,2729,7579,1,0,169.33000000000001,0
3,2730,7587,1,0,163.07400000000001,0
3,2731,7595,1,0,171.99799999999999,0
3,2732,7603,1,0,192.22399999999999,0
3,2733,7611,1,0,190.916,0
3,2734,7619,1,0,183.047,0
3,2735,7627,1,0,149.28899999999999,0
3,2736,7635,1,0,192.75200000000001,0
3,2737,7643,1,0,179.696,0
3,2738,7651,1,0,159.84200000000001,0
3,2739,7659,1,0,204.726,0
3,2740,7667,1,0,176.71799999999999,0
3,2741,7675,1,0,158.43299999999999,0
3,2742,7683,1,0,137.76599999999999,0
3,2743,7691,1,0,120.569,0
3,2744,7699,1,0,158.83699999999999,0
3,2745,7707,1,0,180.32900000000001,0
3,2746,7715,1,0,154.32599999999999,0
3,2747,7723,1,0,175.965,0
3,2748,7731,1,0,152.06399999999999,0
3,2749,7739,1,0,170.91300000000001,0
3,2750,7747,1,0,166.126,0
3,2751,7755,1,0,185.15899999999999,0
3,2752,7763,1,0,178.41200000000001,0
3,2753,7771,1,0,204.95500000000001,0
3,2754,7779,1,0,166.405,0
3,2755,7787,1,0,188.45599999999999,0
3,2756,7795,1,0,206.90700000000001,0
3,2757,7803,1,0,185.90299999999999,0
3,2758,7811,1,0,167.62200000000001,0
3,2759,7819,1,0,195.77799999999999,0
3,2760,7827,1,0,165.97900000000001,0
3,2761,7835,1,0,191.74100000000001,0
3,2762,7843,1,0,199.584,0
3,2763,7851,1,0,195.80500000000001,0
3,2764,7859,1,0,191.386,0
3,2765,7867,1,0,194.22300000000001,0
3,2766,7875,1,0,140.29599999999999,0
3,2767,7883,1,0,131.471,0
3,2768,7891,1,0,159.40899999999999,0
3,2769,7899,1,0,162.971,0
3,2770,7907,1,0,172.33500000000001,0
3,2771,7915,1,0,187.15600000000001,0
3,2772,7923,1,0,168.26300000000001,0
3,2773,7931,1,0,171.619,0
3,2774,7939,1,0,196.684,0
3,2775,7947,1,0,186.13999999999999,0
3,2776,7955,1,0,185.76599999999999,0
3,2777,7963,1,0,186.19399999999999,0
3,2778,7971,1,0,167.988,0
3,2779,7979,1,0,177.30600000000001,0
3,2780,7987,1,0,175.61699999999999,0
3,2781,7995,1,0,178.911,0
3,2782,8003,1,0,136.80799999999999,0
3,2783,8011,1,0,185.13800000000001,0
3,2784,8019,1,0,186.22,0
3,2785,8027,1,0,196.82599999999999,0
3,2786,8035,1,0,151.994,0
3,2787,8043,1,0,205.85599999999999,0
3,2788,8051,1,0,177.97900000000001,0
3,2789,8059,1,0,216.809,0
3,2790,8067,1,0,184.83699999999999,0
3,2791,8075,1,0,190.87700000000001,0
3,2792,8083,1,0,173.80500000000001,0
3,2793,8091,1,0,179.93899999999999,0
3,2794,8099,1,0,154.44399999999999,0
3,2795,8107,1,0,162.92699999999999,0
3,2796,8115,1,0,207.32400000000001,0
3,2797,8123,1,0,189.89400000000001,0
3,2798,8131,1,0,198.53800000000001,0
3,2799,8139,1,0,158.661,0
3,2800,8147,1,0,165.964,0
3,2801,8155,1,0,180.97200000000001,0
3,2802,8163,1,0,181.13,0
3,2803,8171,1,0,173.285,0
3,2804,8179,1,0,161.26400000000001,0
3,2805,8187,1,0,162.05099999999999,0
3,2806,8195,1,0,192.505,0
3,2807,8203,1,0,181.98500000000001,0
3,2808,8211,1,0,164.398,0
3,2809,8219,1,0,185.06100000000001,0
3,2810,8227,1,0,148.67500000000001,0
3,2811,8235,1,0,192.20500000000001,0
3,2812,8243,1,0,181.00399999999999,0
3,2813,8251,1,0,183.61000000000001,0
3,2814,8259,1,0,185.24100000000001,0
3,2815,8267,1,0,195.01300000000001,0
3,2816,8275,1,0,149.20699999999999,0
3,2817,8283,1,0,150.90299999999999,0
3,2818,8291,1,0,201.72399999999999,0
3,2819,8299,1,0,167.173,0
3,2820,8307,1,0,176.55799999999999,0
3,2821,8315,1,0,199.47200000000001,0
3,2822,8323,1,0,177.94999999999999,0
3,2823,8331,1,0,201.80799999999999,0
3,2824,8339,1,0,220.79900000000001,0
3,2825,8347,1,0,177.25800000000001,0
3,2826,8355,1,0,173.84800000000001,0
3,2827,8363,1,0,187.09899999999999,0
3,2828,8371,1,0,177.184,0
3,2829,8379,1,0,163.08500000000001,0
3,2830,8387,1,0,172.96199999999999,0
3,2831,8395,1,0,188.994,0
3,2832,8403,1,0,197.24000000000001,0
3,2833,8411,1,0,183.71899999999999,0
3,2834,8419,1,0,169.73099999999999,0
3,2835,8427,1,0,171.29499999999999,0
3,2836,8435,1,0,179.22,0
3,2837,8443,1,0,190.44800000000001,0
3,2838,8451,1,0,202.91900000000001,0
3,2839,8459,1,0,195.62299999999999,0
3,2840,8467,1,0,177.023,0
3,2841,8475,1,0,152.251,0
3,2842,8483,1,0,193.81,0
3,2843,8491,1,0,168.22,0
3,2844,8499,1,0,187.517,0
3,2845,8507,1,0,121.67,0
3,2846,8515,1,0,174.017,0
3,2847,8523,1,0,187.959,0
3,2848,8531,1,0,174.43100000000001,0
3,2849,8539,1,0,132.49000000000001,0
3,2850,8547,1,0,160.643,0
3,2851,8555,1,0,184.47499999999999,0
3,2852,8563,1,0,185.40299999999999,0
3,2853,8571,1,0,153.71100000000001,0
3,2854,8579,1,0,141.75200000000001,0
3,2855,8587,1,0,190.869,0
3,2856,8595,1,0,191.904,0
3,2857,8603,1,0,181.08000000000001,0
3,2858,8611,1,0,188.24600000000001,0
3,2859,8619,1,0,198.40799999999999,0
3,2860,8627,1,0,183.524,0
3,2861,8635,1,0,160.41999999999999,0
3,2862,8643,1,0,181.077,0
3,2863,8651,1,0,180.75299999999999,0
3,2864,8659,1,0,189.471,0
3,2865,8667,1,0,179.13900000000001,0
3,2866,8675,1,0,158.56999999999999,0
3,2867,8683,1,0,168.69800000000001,0
3,2868,8691,1,0,140.92099999999999,0
3,2869,8699,1,0,186.30799999999999,0
3,2870,8707,1,0,168.93899999999999,0
3,2871,8715,1,0,158.315,0
3,2872,8723,1,0,196.65199999999999,0
3,2873,8731,1,0,183.25999999999999,0
3,2874,8739,1,0,196.54599999999999,0
3,2875,8747,1,0,125.215,0
3,2876,8755,1,0,186.44399999999999,0
3,2877,8763,1,0,179.38300000000001,0
3,2878,8771,1,0,174.37100000000001,0
3,2879,8779,1,0,189.92099999999999,0
3,2880,8787,1,0,172.893,0
3,2881,8795,1,0,135.07300000000001,0
3,2882,8803,1,0,176.75999999999999,0
3,2883,8811,1,0,197.5,0
3,2884,8819,1,0,182.54900000000001,0
3,2885,8827,1,0,185.65100000000001,0
3,2886,8835,1,0,187.65299999999999,0
3,2887,8843,1,0,147.04400000000001,0
3,2888,8851,1,0,157.47,0
3,2889,8859,1,0,172.375,0
3,2890,8867,1,0,173.64599999999999,0
3,2891,8875,1,0,198.113,0
3,2892,8883,1,0,192.536,0
3,2893,8891,1,0,187.34399999999999,0
3,2894,8899,1,0,189.33500000000001,0
3,2895,8907,1,0,130.60900000000001,0
3,2896,8915,1,0,193.68600000000001,0
3,2897,8923,1,0,181.43000000000001,0
3,2898,8931,1,0,169.26900000000001,0
3,2899,8939,1,0,198.738,0
3,2900,8947,1,0,179.49700000000001,0
3,2901,8955,1,0,187.16,0
3,2902,8963,1,0,199.75999999999999,0
3,2903,8971,1,0,174.57499999999999,0
3,2904,8979,1,0,179.31800000000001,0
3,2905,8987,1,0,177.14699999999999,0
3,2906,8995,1,0,170.54499999999999,0
3,2907,9003,1,0,180.13399999999999,0
3,2908,9011,1,0,188.71299999999999,0
3,2909,9019,1,0,164.28399999999999,0
3,2910,9027,1,0,183.43299999999999,0
3,2911,9035,1,0,172.40199999999999,0
3,2912,9043,1,0,196.12100000000001,0
3,2913,9051,1,0,157.624,0
3,2914,9059,1,0,193.142,0
3,2915,9067,1,0,189.33799999999999,0
3,2916,9075,1,0,179.86600000000001,0
3,2917,9083,1,0,174.52600000000001,0
3,2918,9091,1,0,179.11600000000001,0
3,2919,9099,1,0,175.227,0
3,2920,9107,1,0,201.19499999999999,0
3,2921,9115,1,0,175.42400000000001,0
3,2922,9123,1,0,180.56200000000001,0
3,2923,9131,1,0,157.21799999999999,0
3,2924,9139,1,0,178.137,0
3,2925,9147,1,0,184.34299999999999,0
3,2926,9155,1,0,194.083,0
3,2927,9163,1,0,175.542,0
3,2928,9171,1,0,168.89699999999999,0
3,2929,9179,1,0,196.238,0
3,2930,9187,1,0,178.34200000000001,0
3,2931,9195,1,0,177.06100000000001,0
3,2932,9203,1,0,167.04900000000001,0
3,2933,9211,1,0,176.75800000000001,0
3,2934,9219,1,0,158.77799999999999,0
3,2935,9227,1,0,193.589,0
3,2936,9235,1,0,180.02699999999999,0
3,2937,9243,1,0,178.36600000000001,0
3,2938,9251,1,0,194.71100000000001,0
3,2939,9259,1,0,149.011,0
3,2940,9267,1,0,191.32599999999999,0
3,2941,9275,1,0,184.23400000000001,0
3,2942,9283,1,0,178.858,0
3,2943,9291,1,0,183.82400000000001,0
3,2944,9299,1,0,168.953,0
3,2945,9307,1,0,192.52799999999999,0
3,2946,9315,1,0,177.04400000000001,0
3,2947,9323,1,0,169.70099999999999,0
3,2948,9331,1,0,190.29900000000001,0
3,2949,9339,1,0,194.07900000000001,0
3,2950,9347,1,0,191.976,0
3,2951,9355,1,0,182.316,0
3,2952,9363,1,0,178.21600000000001,0
3,2953,9371,1,0,149.31800000000001,0
3,2954,9379,1,0,180.69900000000001,0
3,2955,9387,1,0,170.50800000000001,0
3,2956,9395,1,0,168.49299999999999,0
3,2957,9403,1,0,150.19800000000001,0
3,2958,9411,1,0,211.45500000000001,0
3,2959,9419,1,0,147.80199999999999,0
3,2960,9427,1,0,188.10300000000001,0
3,2961,9435,1,0,187.22999999999999,0
3,2962,9443,1,0,182.26900000000001,0
3,2963,9451,1,0,159.517,0
3,2964,9459,1,0,157.262,0
3,2965,9467,1,0,185.28299999999999,0
3,2966,9475,1,0,182.56299999999999,0
3,2967,9483,1,0,181.423,0
3,2968,9491,1,0,177.648,0
3,2969,9499,1,0,181.77000000000001,0
3,2970,9507,1,0,179.38,0
3,2971,9515,1,0,163.626,0
3,2972,9523,1,0,184.42400000000001,0
3,2973,9531,1,0,185.41399999999999,0
3,2974,9539,1,0,134.79900000000001,0
3,2975,9547,1,0,204.167,0
3,2976,9555,1,0,134.78100000000001,0
3,2977,9563,1,0,170.55600000000001,0
3,2978,9571,1,0,178.08199999999999,0
3,2979,9579,1,0,141.78200000000001,0
3,2980,9587,1,0,179.80799999999999,0
3,2981,9595,1,0,203.65000000000001,0
3,2982,9603,1,0,159.322,0
3,2983,9611,1,0,177.96299999999999,0
3,2984,9619,1,0,186.96799999999999,0
3,2985,9627,1,0,183.38499999999999,0
3,2986,9635,1,0,154.17400000000001,0
3,2987,9643,1,0,161.76900000000001,0
3,2988,9651,1,0,180.81800000000001,0
3,2989,9659,1,0,172.774,0
3,2990,9667,1,0,161.286,0
3,2991,9675,1,0,202.76900000000001,0
3,2992,9683,1,0,153.71600000000001,0
3,2993,9691,1,0,185.90100000000001,0
3,2994,9699,1,0,117.367,0
3,2995,9707,1,0,186.631,0
3,2996,9715,1,0,200.84899999999999,0
3,2997,9723,1,0,148.41900000000001,0
3,2998,9731,1,0,191.53800000000001,0
3,2999,9739,1,0,182.35400000000001,0
3,3000,9747,1,0,157.68199999999999,0
3,3001,9755,1,0,161.78399999999999,0
3,3002,9763,1,0,168.06899999999999,0
3,3003,9771,1,0,187.42699999999999,0
3,3004,9779,1,0,150.233,0
3,3005,9787,1,0,190.07599999999999,0
3,3006,9795,1,0,186.23599999999999,0
3,3007,9803,1,0,188.005,0
3,3008,9811,1,0,191.63800000000001,0
3,3009,9819,1,0,183.44499999999999,0
3,3010,9827,1,0,165.84800000000001,0
3,3011,9835,1,0,149.584,0
3,3012,9843,1,0,173.16800000000001,0
3,3013,9851,1,0,187.48599999999999,0
3,3014,9859,1,0,135.244,0
3,3015,9867,1,0,177.131,0
3,3016,9875,1,0,184.09299999999999,0
3,3017,9883,1,0,194.84,0
3,3018,9891,1,0,172.864,0
3,3019,9899,1,0,191.11799999999999,0
3,3020,9907,1,0,162.821,0
3,3021,9915,1,0,170.88399999999999,0
3,3022,9923,1,0,171.22200000000001,0
3,3023,9931,1,0,197.57599999999999,0
3,3024,9939,1,0,173.53,0
3,3025,9947,1,0,167.54400000000001,0
3,3026,9955,1,0,196.40600000000001,0
3,3027,9963,1,0,189.506,0
3,3028,9971,1,0,177.55799999999999,0
3,3029,9979,1,0,148.42599999999999,0
3,3030,9987,1,0,180.08000000000001,0
3,3031,9995,1,0,191.53100000000001,0
3,3032,10003,1,0,165.33799999999999,0
3,3033,10011,1,0,198.798,0
3,3034,10019,1,0,187.35400000000001,0
3,3035,10027,1,0,125.244,0
3,3036,10035,1,0,168.899,0
3,3037,10043,1,0,133.90899999999999,0
3,3038,10051,1,0,173.99799999999999,0
3,3039,10059,1,0,190.774,0
3,3040,10067,1,0,194.21100000000001,0
3,3041,10075,1,0,177.768,0
3,3042,10083,1,0,183.13999999999999,0
3,3043,10091,1,0,241.916,0
3,3044,10099,1,0,151.768,0
3,3045,10107,1,0,196.74799999999999,0
3,3046,10115,1,0,169.499,0
3,3047,10123,1,0,144.018,0
3,3048,10131,1,0,182.19300000000001,0
3,3049,10139,1,0,183.40899999999999,0
3,3050,10147,1,0,194.31100000000001,0
3,3051,10155,1,0,184.078,0
3,3052,10163,1,0,148.72,0
3,3053,10171,1,0,190.398,0
3,3054,10179,1,0,190.911,0
3,3055,10187,1,0,200.56100000000001,0
3,3056,10195,1,0,196.82400000000001,0
3,3057,10203,1,0,180.458,0
3,3058,10211,1,0,156.196,0
3,3059,10219,1,0,198.84700000000001,0
3,3060,10227,1,0,228.37899999999999,0
3,3061,10235,1,0,174.11799999999999,0
3,3062,10243,1,0,184.06,0
3,3063,10251,1,0,167.92400000000001,0
3,3064,10259,1,0,175.50800000000001,0
3,3065,10267,1,0,197.93299999999999,0
3,3066,10275,1,0,165.24799999999999,0
3,3067,10283,1,0,190.321,0
3,3068,10291,1,0,189.929,0
3,3069,10299,1,0,186.315,0
3,3070,10307,1,0,155.50299999999999,0
3,3071,10315,1,0,168.74000000000001,0
3,3072,10323,1,0,191.04599999999999,0
3,3073,10331,1,0,149.66499999999999,0
3,3074,10339,1,0,170.38800000000001,0
3,3075,10347,1,0,154.65700000000001,0
3,3076,10355,1,0,179.22800000000001,0
3,3077,10363,1,0,187.55000000000001,0
3,3078,10371,1,0,188.75700000000001,0
3,3079,10379,1,0,143.74199999999999,0
3,3080,10387,1,0,160.77099999999999,0
3,3081,10395,1,0,170.928,0
3,3082,10403,1,0,197.68600000000001,0
3,3083,10411,1,0,180.81,0
3,3084,10419,1,0,182.08199999999999,0
3,3085,10427,1,0,178.125,0
3,3086,10435,1,0,145.25700000000001,0
3,3087,10443,1,0,186.678,0
3,3088,10451,1,0,158.83099999999999,0
3,3089,10459,1,0,152.44800000000001,0
3,3090,10467,1,0,206.631,0
3,3091,10475,1,0,190.834,0
3,3092,10483,1,0,172.476,0
3,3093,10491,1,0,182,0
3,3094,10499,1,0,205.464,0
3,3095,10507,1,0,188.39400000000001,0
3,3096,10515,1,0,169.17099999999999,0
3,3097,10523,1,0,166.93000000000001,0
3,3098,10531,1,0,172.386,0
3,3099,10539,1,0,178.59399999999999,0
3,3100,10547,1,0,172.62200000000001,0
3,3101,10555,1,0,164.33500000000001,0
3,3102,10563,1,0,176.80600000000001,0
3,3103,10571,1,0,181.172,0
3,3104,10579,1,0,171.47,0
3,3105,10587,1,0,190.85599999999999,0
3,3106,10595,1,0,164.63900000000001,0
3,3107,10603,1,0,164.74100000000001,0
3,3108,10611,1,0,187.53700000000001,0
3,3109,10619,1,0,162.44999999999999,0
3,3110,10627,1,0,153.13300000000001,0
3,3111,10635,1,0,155.06899999999999,0
3,3112,10643,1,0,174.68000000000001,0
3,3113,10651,1,0,184.00800000000001,0
3,3114,10659,1,0,206.005,0
3,3115,10667,1,0,172.79300000000001,0
3,3116,10675,1,0,155.55000000000001,0
3,3117,10683,1,0,140.58099999999999,0
3,3118,10691,1,0,210.42500000000001,0
3,3119,10699,1,0,187.03399999999999,0
3,3120,10707,1,0,200.74000000000001,0
3,3121,10715,1,0,189.24000000000001,0
3,3122,10723,1,0,171.154,0
3,3123,10731,1,0,137.54300000000001,0
3,3124,10739,1,0,185.76400000000001,0
3,3125,10747,1,0,189.06999999999999,0
3,3126,10755,1,0,184.756,0
3,3127,10763,1,0,156.339,0
3,3128,10771,1,0,235.56399999999999,0
3,3129,10779,1,0,138.476,0
3,3130,10787,1,0,193.66900000000001,0
3,3131,10795,1,0,177.84800000000001,0
3,3132,10803,1,0,181.10499999999999,0
3,3133,10811,1,0,198.86199999999999,0
3,3134,10819,1,0,203.941,0
3,3135,10827,1,0,171.22900000000001,0
3,3136,10835,1,0,123.58199999999999,0
3,3137,10843,1,0,190.702,0
3,3138,10851,1,0,171.006,0
3,3139,10859,1,0,153.977,0
3,3140,10867,1,0,192.995,0
3,3141,10875,1,0,206.32599999999999,0
3,3142,10883,1,0,182.27000000000001,0
3,3143,10891,1,0,147.191,0
3,3144,10899,1,0,151.53399999999999,0
3,3145,10907,1,0,197.90600000000001,0
3,3146,10915,1,0,169.892,0
3,3147,10923,1,0,168.11699999999999,0
3,3148,10931,1,0,171.20500000000001,0
3,3149,10939,1,0,202.39099999999999,0
3,3150,10947,1,0,197.62,0
3,3151,10955,1,0,179.49600000000001,0
3,3152,10963,1,0,186.27099999999999,0
3,3153,10971,1,0,180.375,0
3,3154,10979,1,0,149.36199999999999,0
3,3155,10987,1,0,188.08799999999999,0
3,3156,10995,1,0,175.41900000000001,0
3,3157,11003,1,0,154.86099999999999,0
3,3158,11011,1,0,172.52500000000001,0
3,3159,11019,1,0,188.32499999999999,0
3,3160,11027,1,0,150.75299999999999,0
3,3161,11035,1,0,150.06100000000001,0
3,3162,11043,1,0,178.81800000000001,0
3,3163,11051,1,0,186.476,0
3,3164,11059,1,0,119.664,0
3,3165,11067,1,0,173.672,0
3,3166,11075,1,0,172.999,0
3,3167,11083,1,0,159.91,0
3,3168,11091,1,0,181.47499999999999,0
3,3169,11099,1,0,190.601,0
3,3170,11107,1,0,139.577,0
3,3171,11115,1,0,179.101,0
3,3172,11123,1,0,200.14099999999999,0
3,3173,11131,1,0,197.18799999999999,0
3,3174,11139,1,0,181.77600000000001,0
3,3175,11147,1,0,153.911,0
3,3176,11155,1,0,161.108,0
3,3177,11163,1,0,184.19399999999999,0
3,3178,11171,1,0,184.95099999999999,0
3,3179,11179,1,0,162.90700000000001,0
3,3180,11187,1,0,182.43100000000001,0
3,3181,11195,1,0,151.53,0
3,3182,11203,1,0,174.09899999999999,0
3,3183,11211,1,0,172.25200000000001,0
3,3184,11219,1,0,165.16800000000001,0
3,3185,11227,1,0,178.34700000000001,0
3,3186,11235,1,0,179.00399999999999,0
3,3187,11243,1,0,192.53700000000001,0
3,3188,11251,1,0,172.62200000000001,0
3,3189,11259,1,0,188.30699999999999,0
3,3190,11267,1,0,161.315,0
3,3191,11275,1,0,187.68199999999999,0
3,3192,11283,1,0,151.79499999999999,0
3,3193,11291,1,0,199.22999999999999,0
3,3194,11299,1,0,192.81800000000001,0
3,3195,11307,1,0,173.90600000000001,0
3,3196,11315,1,0,187.56200000000001,0
3,3197,11323,1,0,212.905,0
3,3198,11331,1,0,198.70599999999999,0
3,3199,11339,1,0,182.75800000000001,0
3,3200,11347,1,0,139.83799999999999,0
3,3201,11355,1,0,181.018,0
3,3202,11363,1,0,196.80600000000001,0
3,3203,11371,1,0,159.61199999999999,0
3,3204,11379,1,0,161.12700000000001,0
3,3205,11387,1,0,179.125,0
3,3206,11395,1,0,162.947,0
3,3207,11403,1,0,154.577,0
3,3208,11411,1,0,134.94900000000001,0
3,3209,11419,1,0,123.08799999999999,0
3,3210,11427,1,0,182.25,0
3,3211,11435,1,0,168.53,0
3,3212,11443,1,0,161.11600000000001,0
3,3213,11451,1,0,163.21600000000001,0
3,3214,11459,1,0,200.459,0
3,3215,11467,1,0,188.18600000000001,0
3,3216,11475,1,0,151.70099999999999,0
3,3217,11483,1,0,191.768,0
3,3218,11491,1,0,181.334,0
3,3219,11499,1,0,152.10900000000001,0
3,3220,11507,1,0,171.815,0
3,3221,11515,1,0,203.81899999999999,0
3,3222,11523,1,0,171.91300000000001,0
3,3223,11531,1,0,122.624,0
3,3224,11539,1,0,101.96899999999999,0
3,3225,11547,1,0,159.26300000000001,0
3,3226,11555,1,0,168.89599999999999,0
3,3227,11563,1,0,159.70599999999999,0
3,3228,11571,1,0,163.619,0
3,3229,11579,1,0,166.976,0
3,3230,11587,1,0,186.30500000000001,0
3,3231,11595,1,0,174.79400000000001,0
3,3232,11603,1,0,195.38200000000001,0
3,3233,11611,1,0,169.773,0
3,3234,11619,1,0,178.40799999999999,0
3,3235,11627,1,0,169.83799999999999,0
3,3236,11635,1,0,179.07900000000001,0
3,3237,11643,1,0,175.517,0
3,3238,11651,1,0,189.52500000000001,0
3,3239,11659,1,0,197.37299999999999,0
3,3240,11667,1,0,197.041,0
3,3241,11675,1,0,193.87700000000001,0
3,3242,11683,1,0,192.21199999999999,0
3,3243,11691,1,0,183.17500000000001,0
3,3244,11699,1,0,150.15899999999999,0
3,3245,11707,1,0,187.643,0
3,3246,11715,1,0,198.69200000000001,0
3,3247,11723,1,0,196.35499999999999,0
3,3248,11731,1,0,193.55699999999999,0
3,3249,11739,1,0,175.94,0
3,3250,11747,1,0,172.79300000000001,0
3,3251,11755,1,0,197.11699999999999,0
3,3252,11763,1,0,158.02699999999999,0
3,3253,11771,1,0,165.31100000000001,0
3,3254,11779,1,0,183.626,0
3,3255,11787,1,0,175.286,0
3,3256,11795,1,0,176.08199999999999,0
3,3257,11803,1,0,172.905,0
3,3258,11811,1,0,199.703,0
3,3259,11819,1,0,167.91399999999999,0
3,3260,11827,1,0,166.46000000000001,0
3,3261,11835,1,0,170.80199999999999,0
3,3262,11843,1,0,179.95400000000001,0
3,3263,11851,1,0,182.07599999999999,0
3,3264,11859,1,0,187.31899999999999,0
3,3265,11867,1,0,180.18100000000001,0
3,3266,11875,1,0,178.745,0
3,3267,11883,1,0,193.31700000000001,0
3,3268,11891,1,0,145.012,0
3,3269,11899,1,0,174.81999999999999,0
3,3270,11907,1,0,165.511,0
3,3271,11915,1,0,205.732,0
3,3272,11923,1,0,181.488,0
3,3273,11931,1,0,169.03200000000001,0
3,3274,11939,1,0,169.328,0
3,3275,11947,1,0,198.846,0
3,3276,11955,1,0,152.619,0
3,3277,11963,1,0,170.94800000000001,0
3,3278,11971,1,0,161.88399999999999,0
3,3279,11979,1,0,152.50899999999999,0
3,3280,11987,1,0,168.18700000000001,0
3,3281,11995,1,0,192.69300000000001,0
3,3282,12003,1,0,164.12,0
3,3283,12011,1,0,157.63300000000001,0
3,3284,12019,1,0,179.30500000000001,0
3,3285,12027,1,0,202.93600000000001,0
3,3286,12035,1,0,171.75999999999999,0
3,3287,12043,1,0,197.428,0
3,3288,12051,1,0,157.55199999999999,0
3,3289,12059,1,0,162.31100000000001,0
3,3290,12067,1,0,193.95400000000001,0
3,3291,12075,1,0,153.774,0
3,3292,12083,1,0,200.929,0
3,3293,12091,1,0,194.29499999999999,0
3,3294,12099,1,0,177.99000000000001,0
3,3295,12107,1,0,180.02199999999999,0
3,3296,12115,1,0,188.292,0
3,3297,12123,1,0,198.09899999999999,0
3,3298,12131,1,0,169.97200000000001,0
3,3299,12139,1,0,174.59399999999999,0
3,3300,12147,1,0,164.78700000000001,0
3,3301,12155,1,0,140.339,0
3,3302,12163,1,0,192.49199999999999,0
3,3303,12171,1,0,171.81899999999999,0
3,3304,12179,1,0,161.096,0
3,3305,12187,1,0,126.78700000000001,0
3,3306,12195,1,0,166.70500000000001,0
3,3307,12203,1,0,168.91,0
3,3308,12211,1,0,173.94,0
3,3309,12219,1,0,177.226,0
3,3310,12227,1,0,189.63,0
3,3311,12235,1,0,168.91399999999999,0
3,3312,12243,1,0,201.40799999999999,0
3,3313,12251,1,0,184.39500000000001,0
3,3314,12259,1,0,192.84200000000001,0
3,3315,12267,1,0,172.83099999999999,0
3,3316,12275,1,0,192.405,0
3,3317,12283,1,0,127.55500000000001,0
3,3318,12291,1,0,179.01400000000001,0
3,3319,12299,1,0,167.53800000000001,0
3,3320,12307,1,0,172.37100000000001,0
3,3321,12315,1,0,198.87299999999999,0
3,3322,12323,1,0,159.863,0
3,3323,12331,1,0,154.91399999999999,0
3,3324,12339,1,0,152.82599999999999,0
3,3325,12347,1,0,184.797,0
3,3326,12355,1,0,172.30500000000001,0
3,3327,12363,1,0,162.988,0
3,3328,12371,1,0,185,0
3,3329,12379,1,0,159.447,0
3,3330,12387,1,0,184.863,0
3,3331,12395,1,0,186.81100000000001,0
3,3332,12403,1,0,190.99799999999999,0
3,3333,12411,1,0,187.91900000000001,0
3,3334,12419,1,0,153.93700000000001,0
3,3335,12427,1,0,183.94300000000001,0
3,3336,12435,1,0,190.19499999999999,0
3,3337,12443,1,0,177.535,0
3,3338,12451,1,0,139.19399999999999,0
3,3339,12459,1,0,189.11600000000001,0
3,3340,12467,1,0,119.97,0
3,3341,12475,1,0,159.56999999999999,0
3,3342,12483,1,0,194.68299999999999,0
3,3343,12491,1,0,188.61500000000001,0
3,3344,12499,1,0,144.89500000000001,0
3,3345,12507,1,0,188.25,0
3,3346,12515,1,0,181.75399999999999,0
3,3347,12523,1,0,172.29499999999999,0
3,3348,12531,1,0,159.661,0
3,3349,12539,1,0,153.28100000000001,0
3,3350,12547,1,0,192.21000000000001,0
3,3351,12555,1,0,169.44,0
3,3352,12563,1,0,183.49299999999999,0
3,3353,12571,1,0,179.81,0
3,3354,12579,1,0,170.05600000000001,0
3,3355,12587,1,0,150.977,0
3,3356,12595,1,0,170.959,0
3,3357,12603,1,0,168.202,0
3,3358,12611,1,0,150.727,0
3,3359,12619,1,0,164.226,0
3,3360,12627,1,0,162.23599999999999,0
3,3361,12635,1,0,202.08799999999999,0
3,3362,12643,1,0,169.05000000000001,0
3,3363,12651,1,0,179.751,0
3,3364,12659,1,0,183.726,0
3,3365,12667,1,0,128.489,0
3,3366,12675,1,0,167.24600000000001,0
3,3367,12683,1,0,153.91999999999999,0
3,3368,12691,1,0,198.571,0
3,3369,12699,1,0,182.602,0
3,3370,12707,1,0,177.285,0
3,3371,12715,1,0,187.708,0
3,3372,12723,1,0,194.68100000000001,0
3,3373,12731,1,0,206.38399999999999,0
3,3374,12739,1,0,176.126,0
3,3375,12747,1,0,189.94399999999999,0
3,3376,12755,1,0,167.52099999999999,0
3,3377,12763,1,0,177.22200000000001,0
3,3378,12771,1,0,177.37700000000001,0
3,3379,12779,1,0,144.80000000000001,0
3,3380,12787,1,0,144.86699999999999,0
3,3381,12795,1,0,136.35599999999999,0
3,3382,12803,1,0,209.429,0
3,3383,12811,1,0,187.71100000000001,0
3,3384,12819,1,0,201.572,0
3,3385,12827,1,0,206.88200000000001,0
3,3386,12835,1,0,167.11500000000001,0
3,3387,12843,1,0,185.471,0
3,3388,12851,1,0,192.352,0
3,3389,12859,1,0,184.72800000000001,0
3,3390,12867,1,0,171.56999999999999,0
3,3391,12875,1,0,179.27699999999999,0
3,3392,12883,1,0,193.339,0
3,3393,12891,1,0,179.017,0
3,3394,12899,1,0,175.62799999999999,0
3,3395,12907,1,0,166.62200000000001,0
3,3396,12915,1,0,163.756,0
3,3397,12923,1,0,177.03100000000001,0
3,3398,12931,1,0,170.40299999999999,0
3,3399,12939,1,0,179.77000000000001,0
3,3400,12947,1,0,137.21299999999999,0
3,3401,12955,1,0,175.94200000000001,0
3,3402,12963,1,0,210.66200000000001,0
3,3403,12971,1,0,187.14099999999999,0
3,3404,12979,1,0,195.75200000000001,0
3,3405,12987,1,0,186.286,0
3,3406,12995,1,0,189.989,0
3,3407,13003,1,0,204.06100000000001,0
3,3408,13011,1,0,196.90899999999999,0
3,3409,13019,1,0,174.23599999999999,0
3,3410,13027,1,0,186.24700000000001,0
3,3411,13035,1,0,155.709,0
3,3412,13043,1,0,197.149,0
3,3413,13051,1,0,186.49299999999999,0
3,3414,13059,1,0,198.23699999999999,0
3,3415,13067,1,0,146.77799999999999,0
3,3416,13075,1,0,182.69499999999999,0
3,3417,13083,1,0,155.309,0
3,3418,13091,1,0,145.13999999999999,0
3,3419,13099,1,0,172.16,0
3,3420,13107,1,0,176.17500000000001,0
3,3421,13115,1,0,139.71199999999999,0
3,3422,13123,1,0,152.36699999999999,0
3,3423,13131,1,0,194.102,0
3,3424,13139,1,0,165.358,0
3,3425,13147,1,0,156.82300000000001,0
3,3426,13155,1,0,149.34399999999999,0
3,3427,13163,1,0,186.16300000000001,0
3,3428,13171,1,0,170.71199999999999,0
3,3429,13179,1,0,167.84700000000001,0
3,3430,13187,1,0,161.55199999999999,0
3,3431,13195,1,0,191.47300000000001,0
3,3432,13203,1,0,129.05799999999999,0
3,3433,13211,1,0,171.815,0
3,3434,13219,1,0,180.23099999999999,0
3,3435,13227,1,0,182.553,0
3,3436,13235,1,0,176.08699999999999,0
3,3437,13243,1,0,193.02000000000001,0
3,3438,13251,1,0,194.87700000000001,0
3,3439,13259,1,0,141.10900000000001,0
3,3440,13267,1,0,171.166,0
3,3441,13275,1,0,164.726,0
3,3442,13283,1,0,200.22,0
3,3443,13291,1,0,162.89699999999999,0
3,3444,13299,1,0,180.17400000000001,0
3,3445,13307,1,0,170.01499999999999,0
3,3446,13315,1,0,166.5,0
3,3447,13323,1,0,178.08699999999999,0
3,3448,13331,1,0,179.88200000000001,0
3,3449,13339,1,0,138.983,0
3,3450,13347,1,0,188.98400000000001,0
3,3451,13355,1,0,164.00200000000001,0
3,3452,13363,1,0,173.46600000000001,0
3,3453,13371,1,0,181.53299999999999,0
3,3454,13379,1,0,168.09800000000001,0
3,3455,13387,1,0,189.53999999999999,0
3,3456,13395,1,0,160.85400000000001,0
3,3457,13403,1,0,192.30600000000001,0
3,3458,13411,1,0,125.40900000000001,0
3,3459,13419,1,0,177.137,0
3,3460,13427,1,0,199.11000000000001,0
3,3461,13435,1,0,192.49799999999999,0
3,3462,13443,1,0,160.798,0
3,3463,13451,1,0,163.083,0
3,3464,13459,1,0,149.21799999999999,0
3,3465,13467,1,0,157.35900000000001,0
3,3466,13475,1,0,207.15899999999999,0
3,3467,13483,1,0,183.047,0
3,3468,13491,1,0,157.90799999999999,0
3,3469,13499,1,0,181.87,0
3,3470,13507,1,0,172.709,0
3,3471,13515,1,0,193.654,0
3,3472,13523,1,0,200.82900000000001,0
3,3473,13531,1,0,164.465,0
3,3474,13539,1,0,167.577,0
3,3475,13547,1,0,166.221,0
3,3476,13555,1,0,185.11799999999999,0
3,3477,13563,1,0,176.42500000000001,0
3,3478,13571,1,0,193.012,0
3,3479,13579,1,0,156.089,0
3,3480,13587,1,0,181.55699999999999,0
3,3481,13595,1,0,189.661,0
3,3482,13603,1,0,184.26300000000001,0
3,3483,13611,1,0,190.81899999999999,0
3,3484,13619,1,0,156.917,0
3,3485,13627,1,0,180.14500000000001,0
3,3486,13635,1,0,189.523,0
3,3487,13643,1,0,180.60900000000001,0
3,3488,13651,1,0,186.92400000000001,0
3,3489,13659,1,0,182.232,0
3,3490,13667,1,0,181.74299999999999,0
3,3491,13675,1,0,192.863,0
3,3492,13683,1,0,176.80199999999999,0
3,3493,13691,1,0,208.80600000000001,0
3,3494,13699,1,0,190.721,0
3,3495,13707,1,0,171.27799999999999,0
3,3496,13715,1,0,133.369,0
3,3497,13723,1,0,143.42099999999999,0
3,3498,13731,1,0,190.43199999999999,0
3,3499,13739,1,0,194.70699999999999,0
3,3500,13747,1,0,145.92599999999999,0
3,3501,13755,1,0,179.02799999999999,0
3,3502,13763,1,0,166.16,0
3,3503,13771,1,0,184.899,0
3,3504,13779,1,0,176.423,0
3,3505,13787,1,0,198.054,0
3,3506,13795,1,0,138.059,0
3,3507,13803,1,0,196.97800000000001,0
3,3508,13811,1,0,181.964,0
3,3509,13819,1,0,207.36799999999999,0
3,3510,13827,1,0,190.43899999999999,0
3,3511,13835,1,0,168.33199999999999,0
3,3512,13843,1,0,230.107,0
3,3513,13851,1,0,221.935,0
3,3514,13859,1,0,176.41300000000001,0
3,3515,13867,1,0,186.696,0
3,3516,13875,1,0,185.54599999999999,0
3,3517,13883,1,0,177.88900000000001,0
3,3518,13891,1,0,184.08699999999999,0
3,3519,13899,1,0,140.119,0
3,3520,13907,1,0,179.928,0
3,3521,13915,1,0,193.13900000000001,0
3,3522,13923,1,0,160.57599999999999,0
3,3523,13931,1,0,212.76599999999999,0
3,3524,13939,1,0,174.78999999999999,0
3,3525,13947,1,0,183.36799999999999,0
3,3526,13955,1,0,176.346,0
3,3527,13963,1,0,195.55699999999999,0
3,3528,13971,1,0,167.90899999999999,0
3,3529,13979,1,0,181.089,0
3,3530,13987,1,0,164.67400000000001,0
3,3531,13995,1,0,168.88300000000001,0
3,3532,14003,1,0,184.84800000000001,0
3,3533,14011,1,0,161.071,0
3,3534,14019,1,0,182.19200000000001,0
3,3535,14027,1,0,184.69499999999999,0
3,3536,14035,1,0,195.86699999999999,0
3,3537,14043,1,0,181.63900000000001,0
3,3538,14051,1,0,185.49299999999999,0
3,3539,14059,1,0,159.917,0
3,3540,14067,1,0,201.24799999999999,0
3,3541,14075,1,0,161.279,0
3,3542,14083,1,0,171.81999999999999,0
3,3543,14091,1,0,171.95400000000001,0
3,3544,14099,1,0,156.61500000000001,0
3,3545,14107,1,0,144.19999999999999,0
3,3546,14115,1,0,167.179,0
3,3547,14123,1,0,157.11600000000001,0
3,3548,14131,1,0,148.90100000000001,0
3,3549,14139,1,0,192.071,0
3,3550,14147,1,0,164.58699999999999,0
3,3551,14155,1,0,224.27500000000001,0
3,3552,14163,1,0,185.934,0
3,3553,14171,1,0,173.625,0
3,3554,14179,1,0,134.90000000000001,0
3,3555,14187,1,0,180.012,0
3,3556,14195,1,0,157.572,0
3,3557,14203,1,0,178.55600000000001,0
3,3558,14211,1,0,124.486,0
3,3559,14219,1,0,121.923,0
3,3560,14227,1,0,137.392,0
3,3561,14235,1,0,182.096,0
3,3562,14243,1,0,211.93600000000001,0
3,3563,14251,1,0,170.49100000000001,0
3,3564,3,2,0,178.298,0
3,3565,11,2,0,190.89699999999999,0
3,3566,19,2,0,173.58600000000001,0
3,3567,27,2,0,187.107,0
3,3568,35,2,0,150.41800000000001,0
3,3569,43,2,0,192.15199999999999,0
3,3570,51,2,0,152.28999999999999,0
3,3571,59,2,0,176.23099999999999,0
3,3572,67,2,0,176.559,0
3,3573,75,2,0,138.35300000000001,0
3,3574,83,2,0,108.57299999999999,0
3,3575,91,2,0,171.291,0
3,3576,99,2,0,198.58199999999999,0
3,3577,107,2,0,185.13499999999999,0
3,3578,115,2,0,192.68600000000001,0
3,3579,123,2,0,173.82300000000001,0
3,3580,131,2,0,185.31999999999999,0
3,3581,139,2,0,194.30099999999999,0
3,3582,147,2,0,178.02699999999999,0
3,3583,155,2,0,195.70400000000001,0
3,3584,163,2,0,194.56700000000001,0
3,3585,171,2,0,171.023,0
3,3586,179,2,0,159.589,0
3,3587,187,2,0,194.91,0
3,3588,195,2,0,202.727,0
3,3589,203,2,0,172.22499999999999,0
3,3590,211,2,0,181.35900000000001,0
3,3591,219,2,0,200.858,0
3,3592,227,2,0,172.346,0
3,3593,235,2,0,166.04400000000001,0
3,3594,243,2,0,161.001,0
3,3595,251,2,0,163.565,0
3,3596,259,2,0,193.708,0
3,3597,267,2,0,182.21700000000001,0
3,3598,275,2,0,175.66900000000001,0
3,3599,283,2,0,167.77799999999999,0
3,3600,291,2,0,168.34399999999999,0
3,3601,299,2,0,130.012,0
3,3602,307,2,0,186.51599999999999,0
3,3603,315,2,0,130.85300000000001,0
3,3604,323,2,0,158.94999999999999,0
3,3605,331,2,0,205.584,0
3,3606,339,2,0,184.55699999999999,0
3,3607,347,2,0,195.214,0
3,3608,355,2,0,164.78200000000001,0
3,3609,363,2,0,155.011,0
3,3610,371,2,0,188.19800000000001,0
3,3611,379,2,0,148.78800000000001,0
3,3612,387,2,0,184.58199999999999,0
3,3613,395,2,0,188.875,0
3,3614,403,2,0,163.35900000000001,0
3,3615,411,2,0,205.31899999999999,0
3,3616,419,2,0,181.25999999999999,0
3,3617,427,2,0,169.63200000000001,0
3,3618,435,2,0,161.71799999999999,0
3,3619,443,2,0,159.81700000000001,0
3,3620,451,2,0,192.89699999999999,0
3,3621,459,2,0,180.488,0
3,3622,467,2,0,181.905,0
3,3623,475,2,0,177.05699999999999,0
3,3624,483,2,0,178.785,0
3,3625,491,2,0,186.22800000000001,0
3,3626,499,2,0,153.166,0
3,3627,507,2,0,198.99000000000001,0
3,3628,515,2,0,181.554,0
3,3629,523,2,0,146.37700000000001,0
3,3630,531,2,0,188.04400000000001,0
3,3631,539,2,0,135.541,0
3,3632,547,2,0,179.99700000000001,0
3,3633,555,2,0,183.148,0
3,3634,563,2,0,169.358,0
3,3635,571,2,0,205.982,0
3,3636,579,2,0,178.179,0
3,3637,587,2,0,178.643,0
3,3638,595,2,0,143.89699999999999,0
3,3639,603,2,0,187.328,0
3,3640,611,2,0,184.74199999999999,0
3,3641,619,2,0,202.066,0
3,3642,627,2,0,171.13300000000001,0
3,3643,635,2,0,164.89599999999999,0
3,3644,643,2,0,211.38300000000001,0
3,3645,651,2,0,153.22300000000001,0
3,3646,659,2,0,162.25700000000001,0
3,3647,667,2,0,203.41300000000001,0
3,3648,675,2,0,153.55600000000001,0
3,3649,683,2,0,174.31800000000001,0
3,3650,691,2,0,176.91,0
3,3651,699,2,0,193.42500000000001,0
3,3652,707,2,0,179.80600000000001,0
3,3653,715,2,0,193.75899999999999,0
3,3654,723,2,0,190.14699999999999,0
3,3655,731,2,0,183.85300000000001,0
3,3656,739,2,0,159.691,0
3,3657,747,2,0,185.506,0
3,3658,755,2,0,208.43799999999999,0
3,3659,763,2,0,188.69399999999999,0
3,3660,771,2,0,178.32300000000001,0
3,3661,779,2,0,184.87100000000001,0
3,3662,787,2,0,153.601,0
3,3663,795,2,0,175.42699999999999,0
3,3664,803,2,0,192.613,0
3,3665,811,2,0,172.881,0
3,3666,819,2,0,162.34200000000001,0
3,3667,827,2,0,154.72399999999999,0
3,3668,835,2,0,177.06200000000001,0
3,3669,843,2,0,190.505,0
3,3670,851,2,0,165.345,0
3,3671,859,2,0,185.364,0
3,3672,867,2,0,191.53700000000001,0
3,3673,875,2,0,161.78200000000001,0
3,3674,883,2,0,181.214,0
3,3675,891,2,0,186.75200000000001,0
3,3676,899,2,0,174.44300000000001,0
3,3677,907,2,0,185.13999999999999,0
3,3678,915,2,0,194.77099999999999,0
3,3679,923,2,0,169.75,0
3,3680,931,2,0,124.22499999999999,0
3,3681,939,2,0,177.203,0
3,3682,947,2,0,188.495,0
3,3683,955,2,0,164.90299999999999,0
3,3684,963,2,0,145.61199999999999,0
3,3685,971,2,0,151.72800000000001,0
3,3686,979,2,0,182.04499999999999,0
3,3687,987,2,0,167.12100000000001,0
3,3688,995,2,0,220.81399999999999,0
3,3689,1003,2,0,189.30199999999999,0
3,3690,1011,2,0,197.59299999999999,0
3,3691,1019,2,0,168.85300000000001,0
3,3692,1027,2,0,151.22300000000001,0
3,3693,1035,2,0,173.77199999999999,0
3,3694,1043,2,0,167.52099999999999,0
3,3695,1051,2,0,147.904,0
3,3696,1059,2,0,180.25800000000001,0
3,3697,1067,2,0,173.715,0
3,3698,1075,2,0,175.70599999999999,0
3,3699,1083,2,0,180.089,0
3,3700,1091,2,0,206.459,0
3,3701,1099,2,0,159.38900000000001,0
3,3702,1107,2,0,213.38800000000001,0
3,3703,1115,2,0,168.00399999999999,0
3,3704,1123,2,0,159.179,0
3,3705,1131,2,0,179.48699999999999,0
3,3706,1139,2,0,168.87700000000001,0
3,3707,1147,2,0,160.886,0
3,3708,1155,2,0,179.46799999999999,0
3,3709,1163,2,0,184.09,0
3,3710,1171,2,0,187.48699999999999,0
3,3711,1179,2,0,180.06200000000001,0
3,3712,1187,2,0,184.86600000000001,0
3,3713,1195,2,0,151,0
3,3714,1203,2,0,187.99799999999999,0
3,3715,1211,2,0,190.83600000000001,0
3,3716,1219,2,0,171.42400000000001,0
3,3717,1227,2,0,175.874,0
3,3718,1235,2,0,164.64699999999999,0
3,3719,1243,2,0,175.35400000000001,0
3,3720,1251,2,0,196.28200000000001,0
3,3721,1259,2,0,167.56399999999999,0
3,3722,1267,2,0,171.37100000000001,0
3,3723,1275,2,0,164.10400000000001,0
3,3724,1283,2,0,186.56299999999999,0
3,3725,1291,2,0,188.98500000000001,0
3,3726,1299,2,0,106.70099999999999,0
3,3727,1307,2,0,164.83099999999999,0
3,3728,1315,2,0,157.376,0
3,3729,1323,2,0,194.50899999999999,0
3,3730,1331,2,0,186.07499999999999,0
3,3731,1339,2,0,189.738,0
3,3732,1347,2,0,165.994,0
3,3733,1355,2,0,176.49000000000001,0
3,3734,1363,2,0,167.88300000000001,0
3,3735,1371,2,0,181.78700000000001,0
3,3736,1379,2,0,158.07900000000001,0
3,3737,1387,2,0,192.018,0
3,3738,1395,2,0,179.34700000000001,0
3,3739,1403,2,0,163.18600000000001,0
3,3740,1411,2,0,146.001,0
3,3741,1419,2,0,175.31999999999999,0
3,3742,1427,2,0,167.38,0
3,3743,1435,2,0,193.892,0
3,3744,1443,2,0,184.90299999999999,0
3,3745,1451,2,0,177.83099999999999,0
3,3746,1459,2,0,161.50200000000001,0
3,3747,1467,2,0,155.40199999999999,0
3,3748,1475,2,0,171.16900000000001,0
3,3749,1483,2,0,150.41499999999999,0
3,3750,1491,2,0,185.142,0
3,3751,1499,2,0,186.84999999999999,0
3,3752,1507,2,0,153.191,0
3,3753,1515,2,0,184.42599999999999,0
3,3754,1523,2,0,170.125,0
3,3755,1531,2,0,188.99600000000001,0
3,3756,1539,2,0,195.577,0
3,3757,1547,2,0,126.81100000000001,0
3,3758,1555,2,0,183.16999999999999,0
3,3759,1563,2,0,197.92599999999999,0
3,3760,1571,2,0,145.095,0
3,3761,1579,2,0,139.37700000000001,0
3,3762,1587,2,0,168.48099999999999,0
3,3763,1595,2,0,163.65299999999999,0
3,3764,1603,2,0,176.52600000000001,0
3,3765,1611,2,0,204.297,0
3,3766,1619,2,0,184.744,0
3,3767,1627,2,0,183.43199999999999,0
3,3768,1635,2,0,196.44800000000001,0
3,3769,1643,2,0,132.41300000000001,0
3,3770,1651,2,0,160.928,0
3,3771,1659,2,0,165.89400000000001,0
3,3772,1667,2,0,182.489,0
3,3773,1675,2,0,163.761,0
3,3774,1683,2,0,179.55799999999999,0
3,3775,1691,2,0,174.16200000000001,0
3,3776,1699,2,0,178.565,0
3,3777,1707,2,0,183.327,0
3,3778,1715,2,0,151.01900000000001,0
3,3779,1723,2,0,191.03100000000001,0
3,3780,1731,2,0,168.398,0
3,3781,1739,2,0,164.131,0
3,3782,1747,2,0,182.50299999999999,0
3,3783,1755,2,0,163.48599999999999,0
3,3784,1763,2,0,166.34,0
3,3785,1771,2,0,174.62799999999999,0
3,3786,1779,2,0,155.721,0
3,3787,1787,2,0,164.39599999999999,0
3,3788,1795,2,0,188.88900000000001,0
3,3789,1803,2,0,188.041,0
3,3790,1811,2,0,158.19999999999999,0
3,3791,1819,2,0,170.16,0
3,3792,1827,2,0,151.40199999999999,0
3,3793,1835,2,0,165.512,0
3,3794,1843,2,0,188.285,0
3,3795,1851,2,0,179.36699999999999,0
3,3796,1859,2,0,135.69200000000001,0
3,3797,1867,2,0,185.32599999999999,0
3,3798,1875,2,0,221.255,0
3,3799,1883,2,0,187.94999999999999,0
3,3800,1891,2,0,191.42099999999999,0
3,3801,1899,2,0,184.72200000000001,0
3,3802,1907,2,0,175.66300000000001,0
3,3803,1915,2,0,178.51499999999999,0
3,3804,1923,2,0,217.364,0
3,3805,1931,2,0,178.791,0
3,3806,1939,2,0,185.80099999999999,0
3,3807,1947,2,0,174.65799999999999,0
3,3808,1955,2,0,174.31999999999999,0
3,3809,1963,2,0,172.345,0
3,3810,1971,2,0,188.00200000000001,0
3,3811,1979,2,0,195.429,0
3,3812,1987,2,0,181.86000000000001,0
3,3813,1995,2,0,147.435,0
3,3814,2003,2,0,153.41800000000001,0
3,3815,2011,2,0,191.304,0
3,3816,2019,2,0,183.19800000000001,0
3,3817,2027,2,0,188.92699999999999,0
3,3818,2035,2,0,196.73099999999999,0
3,3819,2043,2,0,172.62700000000001,0
3,3820,2051,2,0,170.92400000000001,0
3,3821,2059,2,0,155.95099999999999,0
3,3822,2067,2,0,158.298,0
3,3823,2075,2,0,150.98699999999999,0
3,3824,2083,2,0,182.446,0
3,3825,2091,2,0,187.75399999999999,0
3,3826,2099,2,0,152.881,0
3,3827,2107,2,0,178.12899999999999,0
3,3828,2115,2,0,192.38499999999999,0
3,3829,2123,2,0,183.81399999999999,0
3,3830,2131,2,0,200.86000000000001,0
3,3831,2139,2,0,145.72399999999999,0
3,3832,2147,2,0,161.14500000000001,0
3,3833,2155,2,0,177.393,0
3,3834,2163,2,0,184.131,0
3,3835,2171,2,0,158.87299999999999,0
3,3836,2179,2,0,178.59299999999999,0
3,3837,2187,2,0,135.744,0
3,3838,2195,2,0,194.13300000000001,0
3,3839,2203,2,0,135.47300000000001,0
3,3840,2211,2,0,192.87799999999999,0
3,3841,2219,2,0,202.72999999999999,0
3,3842,2227,2,0,187.178,0
3,3843,2235,2,0,210.929,0
3,3844,2243,2,0,184.59200000000001,0
3,3845,2251,2,0,178.09700000000001,0
3,3846,2259,2,0,164.43799999999999,0
3,3847,2267,2,0,201.899,0
3,3848,2275,2,0,163.30699999999999,0
3,3849,2283,2,0,217.02799999999999,0
3,3850,2291,2,0,194.65899999999999,0
3,3851,2299,2,0,178.577,0
3,3852,2307,2,0,161.05500000000001,0
3,3853,2315,2,0,226.52199999999999,0
3,3854,2323,2,0,172.41999999999999,0
3,3855,2331,2,0,167.53299999999999,0
3,3856,2339,2,0,167.857,0
3,3857,2347,2,0,161.441,0
3,3858,2355,2,0,208.464,0
3,3859,2363,2,0,188.589,0
3,3860,2371,2,0,192.316,0
3,3861,2379,2,0,166.26900000000001,0
3,3862,2387,2,0,178.30600000000001,0
3,3863,2395,2,0,144.29300000000001,0
3,3864,2403,2,0,146.595,0
3,3865,2411,2,0,180.45699999999999,0
3,3866,2419,2,0,176.03800000000001,0
3,3867,2427,2,0,190.97800000000001,0
3,3868,2435,2,0,193.398,0
3,3869,2443,2,0,187.82900000000001,0
3,3870,2451,2,0,164.59999999999999,0
3,3871,2459,2,0,163.99000000000001,0
3,3872,2467,2,0,174.13999999999999,0
3,3873,2475,2,0,182.36600000000001,0
3,3874,2483,2,0,181.87299999999999,0
3,3875,2491,2,0,120.82299999999999,0
3,3876,2499,2,0,191.38800000000001,0
3,3877,2507,2,0,185.08000000000001,0
3,3878,2515,2,0,185.09,0
3,3879,2523,2,0,160.626,0
3,3880,2531,2,0,168.67099999999999,0
3,3881,2539,2,0,190.96600000000001,0
3,3882,2547,2,0,182.50200000000001,0
3,3883,2555,2,0,196.80799999999999,0
3,3884,2563,2,0,179.46199999999999,0
3,3885,2571,2,0,180.97200000000001,0
3,3886,2579,2,0,202.55500000000001,0
3,3887,2587,2,0,171.732,0
3,3888,2595,2,0,157.70500000000001,0
3,3889,2603,2,0,170.39599999999999,0
3,3890,2611,2,0,210.28899999999999,0
3,3891,2619,2,0,164.10599999999999,0
3,3892,2627,2,0,164.852,0
3,3893,2635,2,0,164.60900000000001,0
3,3894,2643,2,0,176.148,0
3,3895,2651,2,0,137.27600000000001,0
3,3896,2659,2,0,139.345,0
3,3897,2667,2,0,186.74100000000001,0
3,3898,2675,2,0,168.108,0
3,3899,2683,2,0,185.084,0
3,3900,2691,2,0,133.59200000000001,0
3,3901,2699,2,0,182.52099999999999,0
3,3902,2707,2,0,156.47499999999999,0
3,3903,2715,2,0,187.435,0
3,3904,2723,2,0,173.75999999999999,0
3,3905,2731,2,0,135.45400000000001,0
3,3906,2739,2,0,176.73500000000001,0
3,3907,2747,2,0,127.34399999999999,0
3,3908,2755,2,0,199.09200000000001,0
3,3909,2763,2,0,159.756,0
3,3910,2771,2,0,125.855,0
3,3911,2779,2,0,203.46000000000001,0
3,3912,2787,2,0,161.339,0
3,3913,2795,2,0,146.827,0
3,3914,2803,2,0,166.137,0
3,3915,2811,2,0,210.55799999999999,0
3,3916,2819,2,0,185.733,0
3,3917,2827,2,0,171.68899999999999,0
3,3918,2835,2,0,171.291,0
3,3919,2843,2,0,178.60300000000001,0
3,3920,2851,2,0,188.83699999999999,0
3,3921,2859,2,0,155.43700000000001,0
3,3922,2867,2,0,170.23400000000001,0
3,3923,2875,2,0,224.374,0
3,3924,2883,2,0,151.81999999999999,0
3,3925,2891,2,0,135.929,0
3,3926,2899,2,0,187.99000000000001,0
3,3927,2907,2,0,146.517,0
3,3928,2915,2,0,165.65299999999999,0
3,3929,2923,2,0,180.12700000000001,0
3,3930,2931,2,0,169.53700000000001,0
3,3931,2939,2,0,177.40899999999999,0
3,3932,2947,2,0,142.32499999999999,0
3,3933,2955,2,0,174.268,0
3,3934,2963,2,0,214.31399999999999,0
3,3935,2971,2,0,192.35599999999999,0
3,3936,2979,2,0,125.131,0
3,3937,2987,2,0,173.512,0
3,3938,2995,2,0,178.83099999999999,0
3,3939,3003,2,0,128.226,0
3,3940,3011,2,0,190.71899999999999,0
3,3941,3019,2,0,183.90100000000001,0
3,3942,3027,2,0,124.95,0
3,3943,3035,2,0,168.04400000000001,0
3,3944,3043,2,0,196.184,0
3,3945,3051,2,0,167.88900000000001,0
3,3946,3059,2,0,187.054,0
3,3947,3067,2,0,155.392,0
3,3948,3075,2,0,184.18199999999999,0
3,3949,3083,2,0,201.78100000000001,0
3,3950,3091,2,0,148.60400000000001,0
3,3951,3099,2,0,173.67699999999999,0
3,3952,3107,2,0,165.34700000000001,0
3,3953,3115,2,0,179.446,0
3,3954,3123,2,0,205.34200000000001,0
3,3955,3131,2,0,173.97,0
3,3956,3139,2,0,182.19800000000001,0
3,3957,3147,2,0,210.84999999999999,0
3,3958,3155,2,0,188.036,0
3,3959,3163,2,0,172.16,0
3,3960,3171,2,0,179.62,0
3,3961,3179,2,0,190.22800000000001,0
3,3962,3187,2,0,169.053,0
3,3963,3195,2,0,190.59899999999999,0
3,3964,3203,2,0,186.024,0
3,3965,3211,2,0,169.917,0
3,3966,3219,2,0,134.93000000000001,0
3,3967,3227,2,0,184.53399999999999,0
3,3968,3235,2,0,196.33099999999999,0
3,3969,3243,2,0,184.77500000000001,0
3,3970,3251,2,0,148.57599999999999,0
3,3971,3259,2,0,176.524,0
3,3972,3267,2,0,164.94800000000001,0
3,3973,3275,2,0,177.81299999999999,0
3,3974,3283,2,0,220.15899999999999,0
3,3975,3291,2,0,171.24700000000001,0
3,3976,3299,2,0,188.221,0
3,3977,3307,2,0,160.423,0
3,3978,3315,2,0,170.792,0
3,3979,3323,2,0,193.53299999999999,0
3,3980,3331,2,0,176.905,0
3,3981,3339,2,0,189.41,0
3,3982,3347,2,0,178.511,0
3,3983,3355,2,0,185.96299999999999,0
3,3984,3363,2,0,203.392,0
3,3985,3371,2,0,173.16999999999999,0
3,3986,3379,2,0,192.46600000000001,0
3,3987,3387,2,0,176.577,0
3,3988,3395,2,0,197.703,0
3,3989,3403,2,0,188.42699999999999,0
3,3990,3411,2,0,184.465,0
3,3991,3419,2,0,180.22,0
3,3992,3427,2,0,150.988,0
3,3993,3435,2,0,172.33600000000001,0
3,3994,3443,2,0,177.61099999999999,0
3,3995,3451,2,0,197.80199999999999,0
3,3996,3459,2,0,186.661,0
3,3997,3467,2,0,192.22200000000001,0
3,3998,3475,2,0,184.04900000000001,0
3,3999,3483,2,0,201.898,0
3,4000,3491,2,0,187.05099999999999,0
3,4001,3499,2,0,175.822,0
3,4002,3507,2,0,153.86500000000001,0
3,4003,3515,2,0,162.43700000000001,0
3,4004,3523,2,0,182.304,0
3,4005,3531,2,0,179.94300000000001,0
3,4006,3539,2,0,160.886,0
3,4007,3547,2,0,199.023,0
3,4008,3555,2,0,188.149,0
3,4009,3563,2,0,177.32900000000001,0
3,4010,3571,2,0,169.02600000000001,0
3,4011,3579,2,0,156.14099999999999,0
3,4012,3587,2,0,180.06899999999999,0
3,4013,3595,2,0,138.77600000000001,0
3,4014,3603,2,0,182.43199999999999,0
3,4015,3611,2,0,168.05500000000001,0
3,4016,3619,2,0,191.541,0
3,4017,3627,2,0,163.51599999999999,0
3,4018,3635,2,0,177.99600000000001,0
3,4019,3643,2,0,182.25999999999999,0
3,4020,3651,2,0,179.30500000000001,0
3,4021,3659,2,0,178.173,0
3,4022,3667,2,0,151.792,0
3,4023,3675,2,0,129.72800000000001,0
3,4024,3683,2,0,219.01400000000001,0
3,4025,3691,2,0,151.94999999999999,0
3,4026,3699,2,0,180.619,0
3,4027,3707,2,0,186.81800000000001,0
3,4028,3715,2,0,134.99000000000001,0
3,4029,3723,2,0,152.67099999999999,0
3,4030,3731,2,0,151.83000000000001,0
3,4031,3739,2,0,208.86699999999999,0
3,4032,3747,2,0,198.02500000000001,0
3,4033,3755,2,0,192.56399999999999,0
3,4034,3763,2,0,182.28399999999999,0
3,4035,3771,2,0,170.982,0
3,4036,3779,2,0,207.261,0
3,4037,3787,2,0,144.85400000000001,0
3,4038,3795,2,0,157.63200000000001,0
3,4039,3803,2,0,176.90000000000001,0
3,4040,3811,2,0,189.20699999999999,0
3,4041,3819,2,0,192.37,0
3,4042,3827,2,0,159.21600000000001,0
3,4043,3835,2,0,188.43700000000001,0
3,4044,3843,2,0,166.27799999999999,0
3,4045,3851,2,0,154.18899999999999,0
3,4046,3859,2,0,176.53299999999999,0
3,4047,3867,2,0,168.36699999999999,0
3,4048,3875,2,0,182.773,0
3,4049,3883,2,0,186.34700000000001,0
3,4050,3891,2,0,185.87200000000001,0
3,4051,3899,2,0,191.381,0
3,4052,3907,2,0,184.08500000000001,0
3,4053,3915,2,0,121.194,0
3,4054,3923,2,0,198.12100000000001,0
3,4055,3931,2,0,119.84,0
3,4056,3939,2,0,200.06999999999999,0
3,4057,3947,2,0,206.167,0
3,4058,3955,2,0,157.59100000000001,0
3,4059,3963,2,0,244.00399999999999,0
3,4060,3971,2,0,168.767,0
3,4061,3979,2,0,179.28,0
3,4062,3987,2,0,178.768,0
3,4063,3995,2,0,136.99000000000001,0
3,4064,4003,2,0,171.46299999999999,0
3,4065,4011,2,0,164.16999999999999,0
3,4066,4019,2,0,207.47,0
3,4067,4027,2,0,174.74000000000001,0
3,4068,4035,2,0,180.274,0
3,4069,4043,2,0,198.626,0
3,4070,4051,2,0,192.916,0
3,4071,4059,2,0,151.43199999999999,0
3,4072,4067,2,0,183.60499999999999,0
3,4073,4075,2,0,168.202,0
3,4074,4083,2,0,186.934,0
3,4075,4091,2,0,114.92700000000001,0
3,4076,4099,2,0,181.28200000000001,0
3,4077,4107,2,0,180.18600000000001,0
3,4078,4115,2,0,194.15799999999999,0
3,4079,4123,2,0,180.24100000000001,0
3,4080,4131,2,0,171.24299999999999,0
3,4081,4139,2,0,202.82499999999999,0
3,4082,4147,2,0,181.44499999999999,0
3,4083,4155,2,0,182.553,0
3,4084,4163,2,0,152.25700000000001,0
3,4085,4171,2,0,194.13,0
3,4086,4179,2,0,195.607,0
3,4087,4187,2,0,180.006,0
3,4088,4195,2,0,142.47,0
3,4089,4203,2,0,203.054,0
3,4090,4211,2,0,159.72499999999999,0
3,4091,4219,2,0,213.81899999999999,0
3,4092,4227,2,0,175.946,0
3,4093,4235,2,0,147.77500000000001,0
3,4094,4243,2,0,193.68799999999999,0
3,4095,4251,2,0,173.983,0
3,4096,4259,2,0,147.97999999999999,0
3,4097,4267,2,0,159.12,0
3,4098,4275,2,0,162.04300000000001,0
3,4099,4283,2,0,187.11099999999999,0
3,4100,4291,2,0,190.374,0
3,4101,4299,2,0,157.61600000000001,0
3,4102,4307,2,0,182.92099999999999,0
3,4103,4315,2,0,159.98099999999999,0
3,4104,4323,2,0,158.99600000000001,0
3,4105,4331,2,0,176.85900000000001,0
3,4106,4339,2,0,134.637,0
3,4107,4347,2,0,186.58000000000001,0
3,4108,4355,2,0,217.60599999999999,0
3,4109,4363,2,0,184.51400000000001,0
3,4110,4371,2,0,184.696,0
3,4111,4379,2,0,152.25299999999999,0
3,4112,4387,2,0,156.10900000000001,0
3,4113,4395,2,0,155.31700000000001,0
3,4114,4403,2,0,138.934,0
3,4115,4411,2,0,130.565,0
3,4116,4419,2,0,180.28299999999999,0
3,4117,4427,2,0,180.51599999999999,0
3,4118,4435,2,0,164.26599999999999,0
3,4119,4443,2,0,178.01900000000001,0
3,4120,4451,2,0,164.65799999999999,0
3,4121,4459,2,0,169.245,0
3,4122,4467,2,0,157.96799999999999,0
3,4123,4475,2,0,196.45599999999999,0
3,4124,4483,2,0,170.631,0
3,4125,4491,2,0,182.52799999999999,0
3,4126,4499,2,0,169.59299999999999,0
3,4127,4507,2,0,172.35400000000001,0
3,4128,4515,2,0,184.953,0
3,4129,4523,2,0,176.24199999999999,0
3,4130,4531,2,0,190.75299999999999,0
3,4131,4539,2,0,159.01400000000001,0
3,4132,4547,2,0,180.93600000000001,0
3,4133,4555,2,0,158.74299999999999,0
3,4134,4563,2,0,181.19499999999999,0
3,4135,4571,2,0,134.96600000000001,0
3,4136,4579,2,0,167.54599999999999,0
3,4137,4587,2,0,189.911,0
3,4138,4595,2,0,194.33000000000001,0
3,4139,4603,2,0,181.08500000000001,0
3,4140,4611,2,0,173.52099999999999,0
3,4141,4619,2,0,179.483,0
3,4142,4627,2,0,157.06,0
3,4143,4635,2,0,167.30199999999999,0
3,4144,4643,2,0,214.608,0
3,4145,4651,2,0,166.673,0
3,4146,4659,2,0,186.67599999999999,0
3,4147,4667,2,0,170.28999999999999,0
3,4148,4675,2,0,198.79900000000001,0
3,4149,4683,2,0,173.09999999999999,0
3,4150,4691,2,0,165.49700000000001,0
3,4151,4699,2,0,142.69200000000001,0
3,4152,4707,2,0,179.79400000000001,0
3,4153,4715,2,0,187.13399999999999,0
3,4154,4723,2,0,170.45500000000001,0
3,4155,4731,2,0,177.21199999999999,0
3,4156,4739,2,0,164.96799999999999,0
3,4157,4747,2,0,153.30799999999999,0
3,4158,4755,2,0,191.535,0
3,4159,4763,2,0,154.47900000000001,0
3,4160,4771,2,0,181.91499999999999,0
3,4161,4779,2,0,185.25200000000001,0
3,4162,4787,2,0,173.435,0
3,4163,4795,2,0,169.209,0
3,4164,4803,2,0,185.58099999999999,0
3,4165,4811,2,0,159.96299999999999,0
3,4166,4819,2,0,184.13300000000001,0
3,4167,4827,2,0,168.62700000000001,0
3,4168,4835,2,0,178.29599999999999,0
3,4169,4843,2,0,172.38,0
3,4170,4851,2,0,161.774,0
3,4171,4859,2,0,198.55600000000001,0
3,4172,4867,2,0,172.93700000000001,0
3,4173,4875,2,0,174.798,0
3,4174,4883,2,0,203.22,0
3,4175,4891,2,0,194.91,0
3,4176,4899,2,0,150.709,0
3,4177,4907,2,0,175.36600000000001,0
3,4178,4915,2,0,160.65899999999999,0
3,4179,4923,2,0,137.35499999999999,0
3,4180,4931,2,0,195.375,0
3,4181,4939,2,0,184.20099999999999,0
3,4182,4947,2,0,186.745,0
3,4183,4955,2,0,156.27500000000001,0
3,4184,4963,2,0,169.67099999999999,0
3,4185,4971,2,0,183.05799999999999,0
3,4186,4979,2,0,183.47900000000001,0
3,4187,4987,2,0,151.346,0
3,4188,4995,2,0,175.59399999999999,0
3,4189,5003,2,0,189.78,0
3,4190,5011,2,0,180.43100000000001,0
3,4191,5019,2,0,199.71000000000001,0
3,4192,5027,2,0,135.739,0
3,4193,5035,2,0,124.215,0
3,4194,5043,2,0,168.625,0
3,4195,5051,2,0,187.166,0
3,4196,5059,2,0,200.28899999999999,0
3,4197,5067,2,0,166.773,0
3,4198,5075,2,0,135.922,0
3,4199,5083,2,0,146.32400000000001,0
3,4200,5091,2,0,197.90799999999999,0
3,4201,5099,2,0,150.869,0
3,4202,5107,2,0,185.08099999999999,0
3,4203,5115,2,0,201.90899999999999,0
3,4204,5123,2,0,180.304,0
3,4205,5131,2,0,188.357,0
3,4206,5139,2,0,196.24100000000001,0
3,4207,5147,2,0,164.74100000000001,0
3,4208,5155,2,0,187.75,0
3,4209,5163,2,0,162.547,0
3,4210,5171,2,0,190.47499999999999,0
3,4211,5179,2,0,160.04300000000001,0
3,4212,5187,2,0,194.27199999999999,0
3,4213,5195,2,0,166.577,0
3,4214,5203,2,0,118.175,0
3,4215,5211,2,0,187.63200000000001,0
3,4216,5219,2,0,116.286,0
3,4217,5227,2,0,187.029,0
3,4218,5235,2,0,203.63800000000001,0
3,4219,5243,2,0,155.30699999999999,0
3,4220,5251,2,0,181.42599999999999,0
3,4221,5259,2,0,165.74000000000001,0
3,4222,5267,2,0,138.47499999999999,0
3,4223,5275,2,0,155.19399999999999,0
3,4224,5283,2,0,169.27799999999999,0
3,4225,5291,2,0,182.24600000000001,0
3,4226,5299,2,0,171.11500000000001,0
3,4227,5307,2,0,178.54900000000001,0
3,4228,5315,2,0,187.39599999999999,0
3,4229,5323,2,0,174.25700000000001,0
3,4230,5331,2,0,138.40700000000001,0
3,4231,5339,2,0,176.958,0
3,4232,5347,2,0,163.916,0
3,4233,5355,2,0,210.709,0
3,4234,5363,2,0,183.94900000000001,0
3,4235,5371,2,0,158.69499999999999,0
3,4236,5379,2,0,175.626,0
3,4237,5387,2,0,162.65700000000001,0
3,4238,5395,2,0,193.70599999999999,0
3,4239,5403,2,0,167.904,0
3,4240,5411,2,0,175.69499999999999,0
3,4241,5419,2,0,140.37700000000001,0
3,4242,5427,2,0,160.226,0
3,4243,5435,2,0,147.40000000000001,0
3,4244,5443,2,0,158.28200000000001,0
3,4245,5451,2,0,188.44800000000001,0
3,4246,5459,2,0,197.26300000000001,0
3,4247,5467,2,0,194.626,0
3,4248,5475,2,0,199.55000000000001,0
3,4249,5483,2,0,180.12799999999999,0
3,4250,5491,2,0,187.738,0
3,4251,5499,2,0,190.14699999999999,0
3,4252,5507,2,0,183.38200000000001,0
3,4253,5515,2,0,182.892,0
3,4254,5523,2,0,178.18100000000001,0
3,4255,5531,2,0,189.23500000000001,0
3,4256,5539,2,0,156.46100000000001,0
3,4257,5547,2,0,166.90000000000001,0
3,4258,5555,2,0,194.83799999999999,0
3,4259,5563,2,0,127.214,0
3,4260,5571,2,0,179.16900000000001,0
3,4261,5579,2,0,176.20099999999999,0
3,4262,5587,2,0,175.40899999999999,0
3,4263,5595,2,0,135.03100000000001,0
3,4264,5603,2,0,139.39099999999999,0
3,4265,5611,2,0,189.88300000000001,0
3,4266,5619,2,0,150.733,0
3,4267,5627,2,0,190.34800000000001,0
3,4268,5635,2,0,143.42400000000001,0
3,4269,5643,2,0,185.27500000000001,0
3,4270,5651,2,0,186.84399999999999,0
3,4271,5659,2,0,187.684,0
3,4272,5667,2,0,191.72900000000001,0
3,4273,5675,2,0,188.68299999999999,0
3,4274,5683,2,0,192.01599999999999,0
3,4275,5691,2,0,121.223,0
3,4276,5699,2,0,216.5,0
3,4277,5707,2,0,188.44,0
3,4278,5715,2,0,170.99100000000001,0
3,4279,5723,2,0,169.80199999999999,0
3,4280,5731,2,0,193.61099999999999,0
3,4281,5739,2,0,123.929,0
3,4282,5747,2,0,190.58600000000001,0
3,4283,5755,2,0,151.83099999999999,0
3,4284,5763,2,0,159.37200000000001,0
3,4285,5771,2,0,187.91800000000001,0
3,4286,5779,2,0,173.65700000000001,0
3,4287,5787,2,0,188.40700000000001,0
3,4288,5795,2,0,171.84299999999999,0
3,4289,5803,2,0,175.36600000000001,0
3,4290,5811,2,0,152.38399999999999,0
3,4291,5819,2,0,177.48400000000001,0
3,4292,5827,2,0,151.65100000000001,0
3,4293,5835,2,0,202.59399999999999,0
3,4294,5843,2,0,170.84999999999999,0
3,4295,5851,2,0,181.47999999999999,0
3,4296,5859,2,0,133.24199999999999,0
3,4297,5867,2,0,189.10300000000001,0
3,4298,5875,2,0,167.732,0
3,4299,5883,2,0,202.93600000000001,0
3,4300,5891,2,0,134.63800000000001,0
3,4301,5899,2,0,165.363,0
3,4302,5907,2,0,182.61799999999999,0
3,4303,5915,2,0,164.50700000000001,0
3,4304,5923,2,0,195.91999999999999,0
3,4305,5931,2,0,181.83699999999999,0
3,4306,5939,2,0,195.38800000000001,0
3,4307,5947,2,0,183.11099999999999,0
3,4308,5955,2,0,163.44999999999999,0
3,4309,5963,2,0,171.97399999999999,0
3,4310,5971,2,0,189.083,0
3,4311,5979,2,0,184.53700000000001,0
3,4312,5987,2,0,196.529,0
3,4313,5995,2,0,238.00700000000001,0
3,4314,6003,2,0,186.69499999999999,0
3,4315,6011,2,0,178.339,0
3,4316,6019,2,0,187.994,0
3,4317,6027,2,0,171.03399999999999,0
3,4318,6035,2,0,179.006,0
3,4319,6043,2,0,193.751,0
3,4320,6051,2,0,194.16499999999999,0
3,4321,6059,2,0,128.292,0
3,4322,6067,2,0,168.97499999999999,0
3,4323,6075,2,0,179.96700000000001,0
3,4324,6083,2,0,117.44499999999999,0
3,4325,6091,2,0,174.75200000000001,0
3,4326,6099,2,0,187.363,0
3,4327,6107,2,0,153.23099999999999,0
3,4328,6115,2,0,141.78,0
3,4329,6123,2,0,184.44200000000001,0
3,4330,6131,2,0,185.10499999999999,0
3,4331,6139,2,0,208.762,0
3,4332,6147,2,0,152.78800000000001,0
3,4333,6155,2,0,178.245,0
3,4334,6163,2,0,162.738,0
3,4335,6171,2,0,170.06299999999999,0
3,4336,6179,2,0,155.83000000000001,0
3,4337,6187,2,0,182.23400000000001,0
3,4338,6195,2,0,195.38300000000001,0
3,4339,6203,2,0,147.304,0
3,4340,6211,2,0,207.72399999999999,0
3,4341,6219,2,0,165.20400000000001,0
3,4342,6227,2,0,170.09999999999999,0
3,4343,6235,2,0,209.33699999999999,0
3,4344,6243,2,0,190.06299999999999,0
3,4345,6251,2,0,122.64400000000001,0
3,4346,6259,2,0,190.07400000000001,0
3,4347,6267,2,0,176.77500000000001,0
3,4348,6275,2,0,186.00299999999999,0
3,4349,6283,2,0,177.92699999999999,0
3,4350,6291,2,0,202.40600000000001,0
3,4351,6299,2,0,175.191,0
3,4352,6307,2,0,216.59800000000001,0
3,4353,6315,2,0,181.70699999999999,0
3,4354,6323,2,0,178.12100000000001,0
3,4355,6331,2,0,164.22399999999999,0
3,4356,6339,2,0,171.62799999999999,0
3,4357,6347,2,0,194.423,0
3,4358,6355,2,0,174.786,0
3,4359,6363,2,0,158.43000000000001,0
3,4360,6371,2,0,167.57499999999999,0
3,4361,6379,2,0,162.96600000000001,0
3,4362,6387,2,0,154.06399999999999,0
3,4363,6395,2,0,167.06999999999999,0
3,4364,6403,2,0,122.014,0
3,4365,6411,2,0,213.05500000000001,0
3,4366,6419,2,0,142.47800000000001,0
3,4367,6427,2,0,195.78999999999999,0
3,4368,6435,2,0,184.51400000000001,0
3,4369,6443,2,0,183.38300000000001,0
3,4370,6451,2,0,178.005,0
3,4371,6459,2,0,174.65700000000001,0
3,4372,6467,2,0,175.672,0
3,4373,6475,2,0,165.22900000000001,0
3,4374,6483,2,0,217.34700000000001,0
3,4375,6491,2,0,173.28,0
3,4376,6499,2,0,192.87700000000001,0
3,4377,6507,2,0,157.19,0
3,4378,6515,2,0,152.047,0
3,4379,6523,2,0,177.708,0
3,4380,6531,2,0,170.71100000000001,0
3,4381,6539,2,0,155.471,0
3,4382,6547,2,0,178.38200000000001,0
3,4383,6555,2,0,189.465,0
3,4384,6563,2,0,155.99100000000001,0
3,4385,6571,2,0,187.44499999999999,0
3,4386,6579,2,0,178.82300000000001,0
3,4387,6587,2,0,208.14599999999999,0
3,4388,6595,2,0,185.44300000000001,0
3,4389,6603,2,0,160.73099999999999,0
3,4390,6611,2,0,190.233,0
3,4391,6619,2,0,191.797,0
3,4392,6627,2,0,145.46299999999999,0
3,4393,6635,2,0,176.82599999999999,0
3,4394,6643,2,0,188.63399999999999,0
3,4395,6651,2,0,190.417,0
3,4396,6659,2,0,222.26400000000001,0
3,4397,6667,2,0,184.89400000000001,0
3,4398,6675,2,0,185.52799999999999,0
3,4399,6683,2,0,167.905,0
3,4400,6691,2,0,194.54400000000001,0
3,4401,6699,2,0,139.786,0
3,4402,6707,2,0,184.011,0
3,4403,6715,2,0,137.08199999999999,0
3,4404,6723,2,0,154.15700000000001,0
3,4405,6731,2,0,152.91399999999999,0
3,4406,6739,2,0,151.971,0
3,4407,6747,2,0,188.65600000000001,0
3,4408,6755,2,0,138.90799999999999,0
3,4409,6763,2,0,138.11799999999999,0
3,4410,6771,2,0,180.09399999999999,0
3,4411,6779,2,0,171.33000000000001,0
3,4412,6787,2,0,163.73099999999999,0
3,4413,6795,2,0,181.77000000000001,0
3,4414,6803,2,0,175.70400000000001,0
3,4415,6811,2,0,142.21199999999999,0
3,4416,6819,2,0,180.77799999999999,0
3,4417,6827,2,0,186.29499999999999,0
3,4418,6835,2,0,164.29400000000001,0
3,4419,6843,2,0,175.96899999999999,0
3,4420,6851,2,0,175.05699999999999,0
3,4421,6859,2,0,149.98500000000001,0
3,4422,6867,2,0,184.28399999999999,0
3,4423,6875,2,0,165.96199999999999,0
3,4424,6883,2,0,158.28100000000001,0
3,4425,6891,2,0,186.09200000000001,0
3,4426,6899,2,0,147.24299999999999,0
3,4427,6907,2,0,135.23400000000001,0
3,4428,6915,2,0,168.33699999999999,0
3,4429,6923,2,0,162.71700000000001,0
3,4430,6931,2,0,176.93600000000001,0
3,4431,6939,2,0,193.892,0
3,4432,6947,2,0,182.654,0
3,4433,6955,2,0,153.36000000000001,0
3,4434,6963,2,0,182.82900000000001,0
3,4435,6971,2,0,168.053,0
3,4436,6979,2,0,186.30000000000001,0
3,4437,6987,2,0,210.15700000000001,0
3,4438,6995,2,0,193.60400000000001,0
3,4439,7003,2,0,198.161,0
3,4440,7011,2,0,189.75999999999999,0
3,4441,7019,2,0,133.191,0
3,4442,7027,2,0,204.73599999999999,0
3,4443,7035,2,0,181.322,0
3,4444,7043,2,0,148.00700000000001,0
3,4445,7051,2,0,211.501,0
3,4446,7059,2,0,183.18799999999999,0
3,4447,7067,2,0,131.821,0
3,4448,7075,2,0,189.97499999999999,0
3,4449,7083,2,0,191.05799999999999,0
3,4450,7091,2,0,149.56800000000001,0
3,4451,7099,2,0,212.97399999999999,0
3,4452,7107,2,0,201.78700000000001,0
3,4453,7115,2,0,190.40000000000001,0
3,4454,7123,2,0,175.762,0
3,4455,7131,2,0,178.886,0
3,4456,7139,2,0,170.79499999999999,0
3,4457,7147,2,0,191.38499999999999,0
3,4458,7155,2,0,172.91999999999999,0
3,4459,7163,2,0,186.24799999999999,0
3,4460,7171,2,0,185.93000000000001,0
3,4461,7179,2,0,173.51499999999999,0
3,4462,7187,2,0,169.74299999999999,0
3,4463,7195,2,0,169.80600000000001,0
3,4464,7203,2,0,208.613,0
3,4465,7211,2,0,194.398,0
3,4466,7219,2,0,184.75899999999999,0
3,4467,7227,2,0,166.208,0
3,4468,7235,2,0,211.005,0
3,4469,7243,2,0,188.04900000000001,0
3,4470,7251,2,0,141.506,0
3,4471,7259,2,0,142.07900000000001,0
3,4472,7267,2,0,157.548,0
3,4473,7275,2,0,197.32300000000001,0
3,4474,7283,2,0,157.631,0
3,4475,7291,2,0,192.732,0
3,4476,7299,2,0,175.023,0
3,4477,7307,2,0,178.84100000000001,0
3,4478,7315,2,0,181.637,0
3,4479,7323,2,0,158.25,0
3,4480,7331,2,0,166.732,0
3,4481,7339,2,0,172.00899999999999,0
3,4482,7347,2,0,206.322,0
3,4483,7355,2,0,163.43199999999999,0
3,4484,7363,2,0,172.56,0
3,4485,7371,2,0,142.44499999999999,0
3,4486,7379,2,0,162.209,0
3,4487,7387,2,0,200.62799999999999,0
3,4488,7395,2,0,191.78100000000001,0
3,4489,7403,2,0,173.03700000000001,0
3,4490,7411,2,0,181.167,0
3,4491,7419,2,0,182.346,0
3,4492,7427,2,0,160.44800000000001,0
3,4493,7435,2,0,180.94200000000001,0
3,4494,7443,2,0,147.482,0
3,4495,7451,2,0,218.68199999999999,0
3,4496,7459,2,0,151.31299999999999,0
3,4497,7467,2,0,127.999,0
3,4498,7475,2,0,184.96700000000001,0
3,4499,7483,2,0,183.22999999999999,0
3,4500,7491,2,0,196.14400000000001,0
3,4501,7499,2,0,134.94300000000001,0
3,4502,7507,2,0,177.541,0
3,4503,7515,2,0,195.34299999999999,0
3,4504,7523,2,0,191.28700000000001,0
3,4505,7531,2,0,170.608,0
3,4506,7539,2,0,172.84200000000001,0
3,4507,7547,2,0,188.35499999999999,0
3,4508,7555,2,0,188.268,0
3,4509,7563,2,0,178.114,0
3,4510,7571,2,0,185.01599999999999,0
3,4511,7579,2,0,169.613,0
3,4512,7587,2,0,164.46899999999999,0
3,4513,7595,2,0,170.09700000000001,0
3,4514,7603,2,0,186.023,0
3,4515,7611,2,0,192.78899999999999,0
3,4516,7619,2,0,184.97300000000001,0
3,4517,7627,2,0,148.78800000000001,0
3,4518,7635,2,0,193.31800000000001,0
3,4519,7643,2,0,180.17400000000001,0
3,4520,7651,2,0,160.642,0
3,4521,7659,2,0,208.328,0
3,4522,7667,2,0,178.137,0
3,4523,7675,2,0,159.49100000000001,0
3,4524,7683,2,0,134.28399999999999,0
3,4525,7691,2,0,118.616,0
3,4526,7699,2,0,156.20599999999999,0
3,4527,7707,2,0,183.91900000000001,0
3,4528,7715,2,0,154.68299999999999,0
3,4529,7723,2,0,180.34899999999999,0
3,4530,7731,2,0,151.99299999999999,0
3,4531,7739,2,0,172.53700000000001,0
3,4532,7747,2,0,164.28999999999999,0
3,4533,7755,2,0,188.34999999999999,0
3,4534,7763,2,0,179.761,0
3,4535,7771,2,0,205.828,0
3,4536,7779,2,0,163.44999999999999,0
3,4537,7787,2,0,186.506,0
3,4538,7795,2,0,209.32400000000001,0
3,4539,7803,2,0,185.54400000000001,0
3,4540,7811,2,0,167.33000000000001,0
3,4541,7819,2,0,197.48599999999999,0
3,4542,7827,2,0,167.81,0
3,4543,7835,2,0,186.43600000000001,0
3,4544,7843,2,0,206.202,0
3,4545,7851,2,0,192.59200000000001,0
3,4546,7859,2,0,192.53100000000001,0
3,4547,7867,2,0,190.34,0
3,4548,7875,2,0,136.83000000000001,0
3,4549,7883,2,0,132.82400000000001,0
3,4550,7891,2,0,162.941,0
3,4551,7899,2,0,164.434,0
3,4552,7907,2,0,172.68899999999999,0
3,4553,7915,2,0,184.506,0
3,4554,7923,2,0,167.17599999999999,0
3,4555,7931,2,0,171.22800000000001,0
3,4556,7939,2,0,199.03200000000001,0
3,4557,7947,2,0,186.017,0
3,4558,7955,2,0,187.69200000000001,0
3,4559,7963,2,0,187.78,0
3,4560,7971,2,0,166.08600000000001,0
3,4561,7979,2,0,178.09,0
3,4562,7987,2,0,179.16399999999999,0
3,4563,7995,2,0,177.601,0
3,4564,8003,2,0,138.40100000000001,0
3,4565,8011,2,0,183.28999999999999,0
3,4566,8019,2,0,177.66900000000001,0
3,4567,8027,2,0,229.13,0
3,4568,8035,2,0,151.78399999999999,0
3,4569,8043,2,0,205.19900000000001,0
3,4570,8051,2,0,176.91800000000001,0
3,4571,8059,2,0,183.73500000000001,0
3,4572,8067,2,0,184.934,0
3,4573,8075,2,0,189.51499999999999,0
3,4574,8083,2,0,171.98400000000001,0
3,4575,8091,2,0,181.18700000000001,0
3,4576,8099,2,0,151.863,0
3,4577,8107,2,0,161.221,0
3,4578,8115,2,0,207.97,0
3,4579,8123,2,0,191.00700000000001,0
3,4580,8131,2,0,201.15000000000001,0
3,4581,8139,2,0,157.065,0
3,4582,8147,2,0,164.595,0
3,4583,8155,2,0,183.953,0
3,4584,8163,2,0,182.07900000000001,0
3,4585,8171,2,0,173.667,0
3,4586,8179,2,0,164.30099999999999,0
3,4587,8187,2,0,164.28100000000001,0
3,4588,8195,2,0,189.18899999999999,0
3,4589,8203,2,0,185.006,0
3,4590,8211,2,0,164.83199999999999,0
3,4591,8219,2,0,185.702,0
3,4592,8227,2,0,148.32400000000001,0
3,4593,8235,2,0,188.03299999999999,0
3,4594,8243,2,0,179.43799999999999,0
3,4595,8251,2,0,180.381,0
3,4596,8259,2,0,185.47999999999999,0
3,4597,8267,2,0,194.898,0
3,4598,8275,2,0,149.10400000000001,0
3,4599,8283,2,0,146.28899999999999,0
3,4600,8291,2,0,204.56,0
3,4601,8299,2,0,167.779,0
3,4602,8307,2,0,176.15899999999999,0
3,4603,8315,2,0,198.57300000000001,0
3,4604,8323,2,0,177.91499999999999,0
3,4605,8331,2,0,198.96199999999999,0
3,4606,8339,2,0,224.66999999999999,0
3,4607,8347,2,0,175.726,0
3,4608,8355,2,0,171.62799999999999,0
3,4609,8363,2,0,186.452,0
3,4610,8371,2,0,170.352,0
3,4611,8379,2,0,168.375,0
3,4612,8387,2,0,170.33000000000001,0
3,4613,8395,2,0,191.45699999999999,0
3,4614,8403,2,0,199.167,0
3,4615,8411,2,0,178.321,0
3,4616,8419,2,0,170.50700000000001,0
3,4617,8427,2,0,175.77199999999999,0
3,4618,8435,2,0,179.23699999999999,0
3,4619,8443,2,0,189.52699999999999,0
3,4620,8451,2,0,202.71000000000001,0
3,4621,8459,2,0,193.77799999999999,0
3,4622,8467,2,0,178.821,0
3,4623,8475,2,0,155.999,0
3,4624,8483,2,0,189.99100000000001,0
3,4625,8491,2,0,168.54599999999999,0
3,4626,8499,2,0,185.70699999999999,0
3,4627,8507,2,0,124.316,0
3,4628,8515,2,0,173.779,0
3,4629,8523,2,0,198.93100000000001,0
3,4630,8531,2,0,173.34399999999999,0
3,4631,8539,2,0,131.88999999999999,0
3,4632,8547,2,0,160.48500000000001,0
3,4633,8555,2,0,183.62200000000001,0
3,4634,8563,2,0,196.08500000000001,0
3,4635,8571,2,0,157.03,0
3,4636,8579,2,0,141.66200000000001,0
3,4637,8587,2,0,192.51400000000001,0
3,4638,8595,2,0,189.751,0
3,4639,8603,2,0,179.21899999999999,0
3,4640,8611,2,0,189.523,0
3,4641,8619,2,0,195.28,0
3,4642,8627,2,0,180.012,0
3,4643,8635,2,0,161.84399999999999,0
3,4644,8643,2,0,179.21100000000001,0
3,4645,8651,2,0,183.46199999999999,0
3,4646,8659,2,0,191.81200000000001,0
3,4647,8667,2,0,179.01400000000001,0
3,4648,8675,2,0,158.24199999999999,0
3,4649,8683,2,0,168.10499999999999,0
3,4650,8691,2,0,137.14400000000001,0
3,4651,8699,2,0,185.06800000000001,0
3,4652,8707,2,0,198.399,0
3,4653,8715,2,0,157.88399999999999,0
3,4654,8723,2,0,196.048,0
3,4655,8731,2,0,179.25,0
3,4656,8739,2,0,164.565,0
3,4657,8747,2,0,134.798,0
3,4658,8755,2,0,189.203,0
3,4659,8763,2,0,185.63399999999999,0
3,4660,8771,2,0,178.03800000000001,0
3,4661,8779,2,0,188.29599999999999,0
3,4662,8787,2,0,179.87899999999999,0
3,4663,8795,2,0,136.52600000000001,0
3,4664,8803,2,0,176.03999999999999,0
3,4665,8811,2,0,198.20699999999999,0
3,4666,8819,2,0,184.22,0
3,4667,8827,2,0,184.601,0
3,4668,8835,2,0,194.047,0
3,4669,8843,2,0,146.97399999999999,0
3,4670,8851,2,0,154.71000000000001,0
3,4671,8859,2,0,171.12,0
3,4672,8867,2,0,180.57300000000001,0
3,4673,8875,2,0,194.65799999999999,0
3,4674,8883,2,0,202.571,0
3,4675,8891,2,0,188.553,0
3,4676,8899,2,0,193.477,0
3,4677,8907,2,0,138.92699999999999,0
3,4678,8915,2,0,193.61500000000001,0
3,4679,8923,2,0,185.51300000000001,0
3,4680,8931,2,0,171.83500000000001,0
3,4681,8939,2,0,190.75999999999999,0
3,4682,8947,2,0,180.798,0
3,4683,8955,2,0,186.786,0
3,4684,8963,2,0,195.488,0
3,4685,8971,2,0,177.30600000000001,0
3,4686,8979,2,0,179.572,0
3,4687,8987,2,0,177.34800000000001,0
3,4688,8995,2,0,168.03100000000001,0
3,4689,9003,2,0,180.68899999999999,0
3,4690,9011,2,0,185.50399999999999,0
3,4691,9019,2,0,162.23400000000001,0
3,4692,9027,2,0,182.71799999999999,0
3,4693,9035,2,0,176.84700000000001,0
3,4694,9043,2,0,196.33699999999999,0
3,4695,9051,2,0,153.625,0
3,4696,9059,2,0,196.55099999999999,0
3,4697,9067,2,0,187.227,0
3,4698,9075,2,0,178.29900000000001,0
3,4699,9083,2,0,174.99799999999999,0
3,4700,9091,2,0,176.322,0
3,4701,9099,2,0,177.34999999999999,0
3,4702,9107,2,0,198.464,0
3,4703,9115,2,0,177.16900000000001,0
3,4704,9123,2,0,167.726,0
3,4705,9131,2,0,158.57900000000001,0
3,4706,9139,2,0,174.14699999999999,0
3,4707,9147,2,0,185.59399999999999,0
3,4708,9155,2,0,193.233,0
3,4709,9163,2,0,169.483,0
3,4710,9171,2,0,164.679,0
3,4711,9179,2,0,190.34800000000001,0
3,4712,9187,2,0,173.667,0
3,4713,9195,2,0,178.78700000000001,0
3,4714,9203,2,0,167.613,0
3,4715,9211,2,0,175.22499999999999,0
3,4716,9219,2,0,151.56,0
3,4717,9227,2,0,189.83199999999999,0
3,4718,9235,2,0,183.33699999999999,0
3,4719,9243,2,0,177.22200000000001,0
3,4720,9251,2,0,195.56200000000001,0
3,4721,9259,2,0,148.59,0
3,4722,9267,2,0,190.81100000000001,0
3,4723,9275,2,0,179.30500000000001,0
3,4724,9283,2,0,181.08099999999999,0
3,4725,9291,2,0,183.999,0
3,4726,9299,2,0,167.95099999999999,0
3,4727,9307,2,0,195.26900000000001,0
3,4728,9315,2,0,171.042,0
3,4729,9323,2,0,169.28,0
3,4730,9331,2,0,189.12799999999999,0
3,4731,9339,2,0,191.59200000000001,0
3,4732,9347,2,0,189.92599999999999,0
3,4733,9355,2,0,191.25999999999999,0
3,4734,9363,2,0,172.00999999999999,0
3,4735,9371,2,0,150.262,0
3,4736,9379,2,0,209.44900000000001,0
3,4737,9387,2,0,168.756,0
3,4738,9395,2,0,163.05600000000001,0
3,4739,9403,2,0,146.221,0
3,4740,9411,2,0,178.559,0
3,4741,9419,2,0,152.839,0
3,4742,9427,2,0,188.648,0
3,4743,9435,2,0,186.51300000000001,0
3,4744,9443,2,0,193.21899999999999,0
3,4745,9451,2,0,160.81100000000001,0
3,4746,9459,2,0,159.84,0
3,4747,9467,2,0,188.316,0
3,4748,9475,2,0,184.59899999999999,0
3,4749,9483,2,0,179.065,0
3,4750,9491,2,0,178.358,0
3,4751,9499,2,0,179.09700000000001,0
3,4752,9507,2,0,185.64400000000001,0
3,4753,9515,2,0,168.03299999999999,0
3,4754,9523,2,0,189.58099999999999,0
3,4755,9531,2,0,189.172,0
3,4756,9539,2,0,134.703,0
3,4757,9547,2,0,202.518,0
3,4758,9555,2,0,140.59999999999999,0
3,4759,9563,2,0,172.79400000000001,0
3,4760,9571,2,0,177.839,0
3,4761,9579,2,0,140.59999999999999,0
3,4762,9587,2,0,177.458,0
3,4763,9595,2,0,201.80099999999999,0
3,4764,9603,2,0,166.07900000000001,0
3,4765,9611,2,0,183.077,0
3,4766,9619,2,0,188.27699999999999,0
3,4767,9627,2,0,186.09999999999999,0
3,4768,9635,2,0,154.12200000000001,0
3,4769,9643,2,0,163.464,0
3,4770,9651,2,0,180.11799999999999,0
3,4771,9659,2,0,182.22499999999999,0
3,4772,9667,2,0,162.19900000000001,0
3,4773,9675,2,0,202.952,0
3,4774,9683,2,0,148.464,0
3,4775,9691,2,0,188.739,0
3,4776,9699,2,0,120.34399999999999,0
3,4777,9707,2,0,190.73699999999999,0
3,4778,9715,2,0,199.572,0
3,4779,9723,2,0,157.006,0
3,4780,9731,2,0,190.15199999999999,0
3,4781,9739,2,0,187.334,0
3,4782,9747,2,0,160.78200000000001,0
3,4783,9755,2,0,161.19300000000001,0
3,4784,9763,2,0,168.875,0
3,4785,9771,2,0,187.744,0
3,4786,9779,2,0,150.31700000000001,0
3,4787,9787,2,0,195.47499999999999,0
3,4788,9795,2,0,184.964,0
3,4789,9803,2,0,189.48500000000001,0
3,4790,9811,2,0,194.06800000000001,0
3,4791,9819,2,0,177.74199999999999,0
3,4792,9827,2,0,168.624,0
3,4793,9835,2,0,147.65899999999999,0
3,4794,9843,2,0,174.613,0
3,4795,9851,2,0,187.20599999999999,0
3,4796,9859,2,0,135.68899999999999,0
3,4797,9867,2,0,173.27199999999999,0
3,4798,9875,2,0,186.31800000000001,0
3,4799,9883,2,0,195.78800000000001,0
3,4800,9891,2,0,170.976,0
3,4801,9899,2,0,195.304,0
3,4802,9907,2,0,162.81800000000001,0
3,4803,9915,2,0,169.51900000000001,0
3,4804,9923,2,0,176.24100000000001,0
3,4805,9931,2,0,199.21000000000001,0
3,4806,9939,2,0,173.99100000000001,0
3,4807,9947,2,0,169.28700000000001,0
3,4808,9955,2,0,193.26900000000001,0
3,4809,9963,2,0,195.108,0
3,4810,9971,2,0,176.49799999999999,0
3,4811,9979,2,0,147.57599999999999,0
3,4812,9987,2,0,178.21100000000001,0
3,4813,9995,2,0,194.37899999999999,0
3,4814,10003,2,0,164.15799999999999,0
3,4815,10011,2,0,210.55199999999999,0
3,4816,10019,2,0,191.613,0
3,4817,10027,2,0,128.73400000000001,0
3,4818,10035,2,0,158.89599999999999,0
3,4819,10043,2,0,132.172,0
3,4820,10051,2,0,172.44999999999999,0
3,4821,10059,2,0,233.28,0
3,4822,10067,2,0,195.703,0
3,4823,10075,2,0,173.792,0
3,4824,10083,2,0,181.077,0
3,4825,10091,2,0,206.21299999999999,0
3,4826,10099,2,0,154.17599999999999,0
3,4827,10107,2,0,197.624,0
3,4828,10115,2,0,171.75200000000001,0
3,4829,10123,2,0,144.61799999999999,0
3,4830,10131,2,0,180.85599999999999,0
3,4831,10139,2,0,183.679,0
3,4832,10147,2,0,200.94499999999999,0
3,4833,10155,2,0,182.03899999999999,0
3,4834,10163,2,0,149.07599999999999,0
3,4835,10171,2,0,193.864,0
3,4836,10179,2,0,189.95599999999999,0
3,4837,10187,2,0,205.21700000000001,0
3,4838,10195,2,0,197.89599999999999,0
3,4839,10203,2,0,183.34200000000001,0
3,4840,10211,2,0,156.50200000000001,0
3,4841,10219,2,0,196.779,0
3,4842,10227,2,0,225.857,0
3,4843,10235,2,0,174.197,0
3,4844,10243,2,0,185.38499999999999,0
3,4845,10251,2,0,164.554,0
3,4846,10259,2,0,175.65899999999999,0
3,4847,10267,2,0,195.01900000000001,0
3,4848,10275,2,0,167.095,0
3,4849,10283,2,0,189.86600000000001,0
3,4850,10291,2,0,189.38999999999999,0
3,4851,10299,2,0,185.07599999999999,0
3,4852,10307,2,0,155.15600000000001,0
3,4853,10315,2,0,168.02199999999999,0
3,4854,10323,2,0,187.036,0
3,4855,10331,2,0,149.386,0
3,4856,10339,2,0,170.36199999999999,0
3,4857,10347,2,0,153.53,0
3,4858,10355,2,0,182.97499999999999,0
3,4859,10363,2,0,188.67400000000001,0
3,4860,10371,2,0,189.316,0
3,4861,10379,2,0,140.96000000000001,0
3,4862,10387,2,0,161.727,0
3,4863,10395,2,0,172.13399999999999,0
3,4864,10403,2,0,193.18000000000001,0
3,4865,10411,2,0,180.28800000000001,0
3,4866,10419,2,0,186.31899999999999,0
3,4867,10427,2,0,179.07300000000001,0
3,4868,10435,2,0,136.405,0
3,4869,10443,2,0,187.148,0
3,4870,10451,2,0,155.46899999999999,0
3,4871,10459,2,0,155.53,0
3,4872,10467,2,0,200.87200000000001,0
3,4873,10475,2,0,192.89599999999999,0
3,4874,10483,2,0,173.54400000000001,0
3,4875,10491,2,0,186.215,0
3,4876,10499,2,0,207.03,0
3,4877,10507,2,0,190.708,0
3,4878,10515,2,0,169.03700000000001,0
3,4879,10523,2,0,170.70699999999999,0
3,4880,10531,2,0,169.69300000000001,0
3,4881,10539,2,0,170.80199999999999,0
3,4882,10547,2,0,176.459,0
3,4883,10555,2,0,166.869,0
3,4884,10563,2,0,167.25200000000001,0
3,4885,10571,2,0,186.05099999999999,0
3,4886,10579,2,0,171.39599999999999,0
3,4887,10587,2,0,187.68199999999999,0
3,4888,10595,2,0,169.697,0
3,4889,10603,2,0,165.36500000000001,0
3,4890,10611,2,0,192.26400000000001,0
3,4891,10619,2,0,159.86000000000001,0
3,4892,10627,2,0,151.577,0
3,4893,10635,2,0,152.31200000000001,0
3,4894,10643,2,0,175.185,0
3,4895,10651,2,0,185.69499999999999,0
3,4896,10659,2,0,204.56800000000001,0
3,4897,10667,2,0,171.297,0
3,4898,10675,2,0,152.334,0
3,4899,10683,2,0,136.578,0
3,4900,10691,2,0,215.05500000000001,0
3,4901,10699,2,0,191.524,0
3,4902,10707,2,0,191.15600000000001,0
3,4903,10715,2,0,196.88300000000001,0
3,4904,10723,2,0,168.601,0
3,4905,10731,2,0,139.29400000000001,0
3,4906,10739,2,0,214.774,0
3,4907,10747,2,0,190.88900000000001,0
3,4908,10755,2,0,179.03899999999999,0
3,4909,10763,2,0,153.76499999999999,0
3,4910,10771,2,0,206.33199999999999,0
3,4911,10779,2,0,141.68600000000001,0
3,4912,10787,2,0,194.125,0
3,4913,10795,2,0,179.35499999999999,0
3,4914,10803,2,0,183.34700000000001,0
3,4915,10811,2,0,191.791,0
3,4916,10819,2,0,204.369,0
3,4917,10827,2,0,173.81299999999999,0
3,4918,10835,2,0,122.158,0
3,4919,10843,2,0,186.95599999999999,0
3,4920,10851,2,0,174.37100000000001,0
3,4921,10859,2,0,151.76400000000001,0
3,4922,10867,2,0,197.154,0
3,4923,10875,2,0,204.94800000000001,0
3,4924,10883,2,0,185.21199999999999,0
3,4925,10891,2,0,149.79400000000001,0
3,4926,10899,2,0,151.59200000000001,0
3,4927,10907,2,0,195.21199999999999,0
3,4928,10915,2,0,167.22200000000001,0
3,4929,10923,2,0,167.00999999999999,0
3,4930,10931,2,0,172.22200000000001,0
3,4931,10939,2,0,198.47999999999999,0
3,4932,10947,2,0,200.172,0
3,4933,10955,2,0,184.708,0
3,4934,10963,2,0,188.75700000000001,0
3,4935,10971,2,0,184.85499999999999,0
3,4936,10979,2,0,149.685,0
3,4937,10987,2,0,186.90199999999999,0
3,4938,10995,2,0,175.339,0
3,4939,11003,2,0,154.59999999999999,0
3,4940,11011,2,0,169.84999999999999,0
3,4941,11019,2,0,187.80699999999999,0
3,4942,11027,2,0,150.863,0
3,4943,11035,2,0,151.03999999999999,0
3,4944,11043,2,0,176.59,0
3,4945,11051,2,0,190.995,0
3,4946,11059,2,0,119,0
3,4947,11067,2,0,175.18100000000001,0
3,4948,11075,2,0,171.66399999999999,0
3,4949,11083,2,0,161.46600000000001,0
3,4950,11091,2,0,183.66,0
3,4951,11099,2,0,189.82900000000001,0
3,4952,11107,2,0,140.041,0
3,4953,11115,2,0,176.52600000000001,0
3,4954,11123,2,0,201.76499999999999,0
3,4955,11131,2,0,194.58699999999999,0
3,4956,11139,2,0,185.17400000000001,0
3,4957,11147,2,0,157.161,0
3,4958,11155,2,0,161.416,0
3,4959,11163,2,0,183.63,0
3,4960,11171,2,0,184.696,0
3,4961,11179,2,0,162.33699999999999,0
3,4962,11187,2,0,183.65000000000001,0
3,4963,11195,2,0,148.834,0
3,4964,11203,2,0,175.37299999999999,0
3,4965,11211,2,0,173.173,0
3,4966,11219,2,0,164.298,0
3,4967,11227,2,0,174.809,0
3,4968,11235,2,0,181.947,0
3,4969,11243,2,0,194.81800000000001,0
3,4970,11251,2,0,172.142,0
3,4971,11259,2,0,190.279,0
3,4972,11267,2,0,159.19499999999999,0
3,4973,11275,2,0,190.73500000000001,0
3,4974,11283,2,0,155.61199999999999,0
3,4975,11291,2,0,195.905,0
3,4976,11299,2,0,190.90899999999999,0
3,4977,11307,2,0,176.059,0
3,4978,11315,2,0,182.29900000000001,0
3,4979,11323,2,0,214.54300000000001,0
3,4980,11331,2,0,194.97200000000001,0
3,4981,11339,2,0,179.06999999999999,0
3,4982,11347,2,0,141.202,0
3,4983,11355,2,0,173.66999999999999,0
3,4984,11363,2,0,195.023,0
3,4985,11371,2,0,157.68600000000001,0
3,4986,11379,2,0,163.58699999999999,0
3,4987,11387,2,0,181.958,0
3,4988,11395,2,0,162.71799999999999,0
3,4989,11403,2,0,159.09999999999999,0
3,4990,11411,2,0,174.06999999999999,0
3,4991,11419,2,0,124.655,0
3,4992,11427,2,0,181.09700000000001,0
3,4993,11435,2,0,164.56299999999999,0
3,4994,11443,2,0,132.952,0
3,4995,11451,2,0,162.39699999999999,0
3,4996,11459,2,0,202.59999999999999,0
3,4997,11467,2,0,185.59399999999999,0
3,4998,11475,2,0,150.92500000000001,0
3,4999,11483,2,0,190.32599999999999,0
3,5000,11491,2,0,184.953,0
3,5001,11499,2,0,151.255,0
3,5002,11507,2,0,171.65199999999999,0
3,5003,11515,2,0,206.43100000000001,0
3,5004,11523,2,0,165.77099999999999,0
3,5005,11531,2,0,122.517,0
3,5006,11539,2,0,106.52200000000001,0
3,5007,11547,2,0,157.52500000000001,0
3,5008,11555,2,0,165.05000000000001,0
3,5009,11563,2,0,163.886,0
3,5010,11571,2,0,164.77699999999999,0
3,5011,11579,2,0,168.62799999999999,0
3,5012,11587,2,0,187.971,0
3,5013,11595,2,0,175.834,0
3,5014,11603,2,0,192.376,0
3,5015,11611,2,0,172.17500000000001,0
3,5016,11619,2,0,180.74700000000001,0
3,5017,11627,2,0,171.78700000000001,0
3,5018,11635,2,0,179.03999999999999,0
3,5019,11643,2,0,175.76400000000001,0
3,5020,11651,2,0,196.69900000000001,0
3,5021,11659,2,0,197.87200000000001,0
3,5022,11667,2,0,197.28299999999999,0
3,5023,11675,2,0,193.255,0
3,5024,11683,2,0,186.26900000000001,0
3,5025,11691,2,0,185.22800000000001,0
3,5026,11699,2,0,147.858,0
3,5027,11707,2,0,187.35400000000001,0
3,5028,11715,2,0,198.91900000000001,0
3,5029,11723,2,0,201.928,0
3,5030,11731,2,0,191.136,0
3,5031,11739,2,0,177.322,0
3,5032,11747,2,0,171.011,0
3,5033,11755,2,0,196.935,0
3,5034,11763,2,0,160.47800000000001,0
3,5035,11771,2,0,169.42099999999999,0
3,5036,11779,2,0,181.28700000000001,0
3,5037,11787,2,0,175.42400000000001,0
3,5038,11795,2,0,175.99199999999999,0
3,5039,11803,2,0,169.756,0
3,5040,11811,2,0,201.95599999999999,0
3,5041,11819,2,0,162.69800000000001,0
3,5042,11827,2,0,169.76300000000001,0
3,5043,11835,2,0,170.78899999999999,0
3,5044,11843,2,0,179.392,0
3,5045,11851,2,0,182.35400000000001,0
3,5046,11859,2,0,176.86799999999999,0
3,5047,11867,2,0,175.44499999999999,0
3,5048,11875,2,0,179.697,0
3,5049,11883,2,0,192.94,0
3,5050,11891,2,0,144.23599999999999,0
3,5051,11899,2,0,178.315,0
3,5052,11907,2,0,158.773,0
3,5053,11915,2,0,206.28100000000001,0
3,5054,11923,2,0,177.816,0
3,5055,11931,2,0,165.97,0
3,5056,11939,2,0,172.58099999999999,0
3,5057,11947,2,0,198.31899999999999,0
3,5058,11955,2,0,148.51300000000001,0
3,5059,11963,2,0,175.815,0
3,5060,11971,2,0,162.65899999999999,0
3,5061,11979,2,0,155.01300000000001,0
3,5062,11987,2,0,170.136,0
3,5063,11995,2,0,194.654,0
3,5064,12003,2,0,158.447,0
3,5065,12011,2,0,159.376,0
3,5066,12019,2,0,176.52799999999999,0
3,5067,12027,2,0,202.27000000000001,0
3,5068,12035,2,0,172.149,0
3,5069,12043,2,0,195.57400000000001,0
3,5070,12051,2,0,146.55600000000001,0
3,5071,12059,2,0,165.94800000000001,0
3,5072,12067,2,0,190.946,0
3,5073,12075,2,0,151.178,0
3,5074,12083,2,0,200.09899999999999,0
3,5075,12091,2,0,214.05199999999999,0
3,5076,12099,2,0,179.31200000000001,0
3,5077,12107,2,0,176.63399999999999,0
3,5078,12115,2,0,184.535,0
3,5079,12123,2,0,165.31200000000001,0
3,5080,12131,2,0,164.53200000000001,0
3,5081,12139,2,0,167.56299999999999,0
3,5082,12147,2,0,165.65600000000001,0
3,5083,12155,2,0,141.27199999999999,0
3,5084,12163,2,0,191.39099999999999,0
3,5085,12171,2,0,170.624,0
3,5086,12179,2,0,163.435,0
3,5087,12187,2,0,123.908,0
3,5088,12195,2,0,169.68000000000001,0
3,5089,12203,2,0,170.41,0
3,5090,12211,2,0,173.63200000000001,0
3,5091,12219,2,0,180.25399999999999,0
3,5092,12227,2,0,189.99199999999999,0
3,5093,12235,2,0,164.93600000000001,0
3,5094,12243,2,0,207.14400000000001,0
3,5095,12251,2,0,185.57499999999999,0
3,5096,12259,2,0,192.72200000000001,0
3,5097,12267,2,0,171.88200000000001,0
3,5098,12275,2,0,185.958,0
3,5099,12283,2,0,130.465,0
3,5100,12291,2,0,178.42699999999999,0
3,5101,12299,2,0,169.334,0
3,5102,12307,2,0,177.22999999999999,0
3,5103,12315,2,0,198.24299999999999,0
3,5104,12323,2,0,158.55799999999999,0
3,5105,12331,2,0,159.80099999999999,0
3,5106,12339,2,0,154.10900000000001,0
3,5107,12347,2,0,186.43700000000001,0
3,5108,12355,2,0,172.74000000000001,0
3,5109,12363,2,0,162.88999999999999,0
3,5110,12371,2,0,179.816,0
3,5111,12379,2,0,162.27600000000001,0
3,5112,12387,2,0,180.13300000000001,0
3,5113,12395,2,0,186.16,0
3,5114,12403,2,0,193.834,0
3,5115,12411,2,0,184.74100000000001,0
3,5116,12419,2,0,150.85400000000001,0
3,5117,12427,2,0,185.86199999999999,0
3,5118,12435,2,0,191.185,0
3,5119,12443,2,0,176.988,0
3,5120,12451,2,0,140.196,0
3,5121,12459,2,0,182.90199999999999,0
3,5122,12467,2,0,118.443,0
3,5123,12475,2,0,163.08099999999999,0
3,5124,12483,2,0,188.79900000000001,0
3,5125,12491,2,0,190.649,0
3,5126,12499,2,0,143.18299999999999,0
3,5127,12507,2,0,186.65199999999999,0
3,5128,12515,2,0,188.37,0
3,5129,12523,2,0,172.86000000000001,0
3,5130,12531,2,0,158.82900000000001,0
3,5131,12539,2,0,153.506,0
3,5132,12547,2,0,192.15199999999999,0
3,5133,12555,2,0,165.571,0
3,5134,12563,2,0,184.83500000000001,0
3,5135,12571,2,0,180.374,0
3,5136,12579,2,0,169.80799999999999,0
3,5137,12587,2,0,144.60900000000001,0
3,5138,12595,2,0,167.369,0
3,5139,12603,2,0,165.84999999999999,0
3,5140,12611,2,0,152.65100000000001,0
3,5141,12619,2,0,162.179,0
3,5142,12627,2,0,162.04599999999999,0
3,5143,12635,2,0,201.23699999999999,0
3,5144,12643,2,0,167.23400000000001,0
3,5145,12651,2,0,177.51599999999999,0
3,5146,12659,2,0,185.559,0
3,5147,12667,2,0,129.989,0
3,5148,12675,2,0,166.72300000000001,0
3,5149,12683,2,0,156.64099999999999,0
3,5150,12691,2,0,195.26300000000001,0
3,5151,12699,2,0,179.90299999999999,0
3,5152,12707,2,0,183.036,0
3,5153,12715,2,0,187.608,0
3,5154,12723,2,0,193.59299999999999,0
3,5155,12731,2,0,206.822,0
3,5156,12739,2,0,174.17699999999999,0
3,5157,12747,2,0,192.34100000000001,0
3,5158,12755,2,0,168.28,0
3,5159,12763,2,0,176.685,0
3,5160,12771,2,0,203.33500000000001,0
3,5161,12779,2,0,142.00999999999999,0
3,5162,12787,2,0,142.78299999999999,0
3,5163,12795,2,0,138.39500000000001,0
3,5164,12803,2,0,185.57900000000001,0
3,5165,12811,2,0,186.916,0
3,5166,12819,2,0,197.49700000000001,0
3,5167,12827,2,0,206.71000000000001,0
3,5168,12835,2,0,164.392,0
3,5169,12843,2,0,192.471,0
3,5170,12851,2,0,197.68799999999999,0
3,5171,12859,2,0,186.84899999999999,0
3,5172,12867,2,0,169.58000000000001,0
3,5173,12875,2,0,180.983,0
3,5174,12883,2,0,194.78999999999999,0
3,5175,12891,2,0,179.06800000000001,0
3,5176,12899,2,0,176.25700000000001,0
3,5177,12907,2,0,169.678,0
3,5178,12915,2,0,162.76499999999999,0
3,5179,12923,2,0,173.74799999999999,0
3,5180,12931,2,0,172.08799999999999,0
3,5181,12939,2,0,178.548,0
3,5182,12947,2,0,134.648,0
3,5183,12955,2,0,180.173,0
3,5184,12963,2,0,209.97900000000001,0
3,5185,12971,2,0,189.233,0
3,5186,12979,2,0,197.006,0
3,5187,12987,2,0,186.43299999999999,0
3,5188,12995,2,0,191.625,0
3,5189,13003,2,0,190.428,0
3,5190,13011,2,0,195.95500000000001,0
3,5191,13019,2,0,175.05199999999999,0
3,5192,13027,2,0,186.26900000000001,0
3,5193,13035,2,0,154.41800000000001,0
3,5194,13043,2,0,200.749,0
3,5195,13051,2,0,188.42500000000001,0
3,5196,13059,2,0,209.59999999999999,0
3,5197,13067,2,0,149.65899999999999,0
3,5198,13075,2,0,189.029,0
3,5199,13083,2,0,155.34,0
3,5200,13091,2,0,145.30099999999999,0
3,5201,13099,2,0,170.88499999999999,0
3,5202,13107,2,0,173.834,0
3,5203,13115,2,0,140.649,0
3,5204,13123,2,0,153.80500000000001,0
3,5205,13131,2,0,193.959,0
3,5206,13139,2,0,170.33000000000001,0
3,5207,13147,2,0,154.703,0
3,5208,13155,2,0,154.05600000000001,0
3,5209,13163,2,0,187.10599999999999,0
3,5210,13171,2,0,171.55000000000001,0
3,5211,13179,2,0,170.863,0
3,5212,13187,2,0,161.334,0
3,5213,13195,2,0,190.47300000000001,0
3,5214,13203,2,0,134.74299999999999,0
3,5215,13211,2,0,175.28700000000001,0
3,5216,13219,2,0,181.22,0
3,5217,13227,2,0,190.33799999999999,0
3,5218,13235,2,0,172.70400000000001,0
3,5219,13243,2,0,194.78,0
3,5220,13251,2,0,197.321,0
3,5221,13259,2,0,141.113,0
3,5222,13267,2,0,171.88200000000001,0
3,5223,13275,2,0,168.53,0
3,5224,13283,2,0,195.36500000000001,0
3,5225,13291,2,0,167.14699999999999,0
3,5226,13299,2,0,185.654,0
3,5227,13307,2,0,171.62799999999999,0
3,5228,13315,2,0,173.81399999999999,0
3,5229,13323,2,0,179.405,0
3,5230,13331,2,0,179.41999999999999,0
3,5231,13339,2,0,142.47999999999999,0
3,5232,13347,2,0,186.83099999999999,0
3,5233,13355,2,0,163.10400000000001,0
3,5234,13363,2,0,174.25,0
3,5235,13371,2,0,189.696,0
3,5236,13379,2,0,174.29900000000001,0
3,5237,13387,2,0,187.48500000000001,0
3,5238,13395,2,0,158.78700000000001,0
3,5239,13403,2,0,191.84999999999999,0
3,5240,13411,2,0,122.706,0
3,5241,13419,2,0,177.44900000000001,0
3,5242,13427,2,0,199.98699999999999,0
3,5243,13435,2,0,195.05000000000001,0
3,5244,13443,2,0,191.928,0
3,5245,13451,2,0,163.61500000000001,0
3,5246,13459,2,0,149.80799999999999,0
3,5247,13467,2,0,160.053,0
3,5248,13475,2,0,174.321,0
3,5249,13483,2,0,179.785,0
3,5250,13491,2,0,160.136,0
3,5251,13499,2,0,185.18299999999999,0
3,5252,13507,2,0,174.70699999999999,0
3,5253,13515,2,0,193.13399999999999,0
3,5254,13523,2,0,202.929,0
3,5255,13531,2,0,164.45500000000001,0
3,5256,13539,2,0,163.15700000000001,0
3,5257,13547,2,0,161.089,0
3,5258,13555,2,0,184.19399999999999,0
3,5259,13563,2,0,174.41499999999999,0
3,5260,13571,2,0,196.03700000000001,0
3,5261,13579,2,0,155.43600000000001,0
3,5262,13587,2,0,180.72200000000001,0
3,5263,13595,2,0,192.36699999999999,0
3,5264,13603,2,0,179.90700000000001,0
3,5265,13611,2,0,185.46000000000001,0
3,5266,13619,2,0,158.19499999999999,0
3,5267,13627,2,0,177.19800000000001,0
3,5268,13635,2,0,190.83099999999999,0
3,5269,13643,2,0,185.05000000000001,0
3,5270,13651,2,0,183.631,0
3,5271,13659,2,0,185.83500000000001,0
3,5272,13667,2,0,176.63999999999999,0
3,5273,13675,2,0,190.828,0
3,5274,13683,2,0,169.995,0
3,5275,13691,2,0,203.47300000000001,0
3,5276,13699,2,0,180.70400000000001,0
3,5277,13707,2,0,172.238,0
3,5278,13715,2,0,133.70400000000001,0
3,5279,13723,2,0,142.06899999999999,0
3,5280,13731,2,0,191.494,0
3,5281,13739,2,0,188.27699999999999,0
3,5282,13747,2,0,149.482,0
3,5283,13755,2,0,179.95599999999999,0
3,5284,13763,2,0,162.63499999999999,0
3,5285,13771,2,0,181.80500000000001,0
3,5286,13779,2,0,178.40299999999999,0
3,5287,13787,2,0,200.27699999999999,0
3,5288,13795,2,0,139.744,0
3,5289,13803,2,0,194.58099999999999,0
3,5290,13811,2,0,181.58600000000001,0
3,5291,13819,2,0,208.63900000000001,0
3,5292,13827,2,0,184.78999999999999,0
3,5293,13835,2,0,168.078,0
3,5294,13843,2,0,228.77000000000001,0
3,5295,13851,2,0,212.899,0
3,5296,13859,2,0,179.13999999999999,0
3,5297,13867,2,0,186.08199999999999,0
3,5298,13875,2,0,185.32499999999999,0
3,5299,13883,2,0,174.75299999999999,0
3,5300,13891,2,0,181.98400000000001,0
3,5301,13899,2,0,141.56299999999999,0
3,5302,13907,2,0,178.55799999999999,0
3,5303,13915,2,0,187.19399999999999,0
3,5304,13923,2,0,159.624,0
3,5305,13931,2,0,211.06800000000001,0
3,5306,13939,2,0,176.142,0
3,5307,13947,2,0,184.232,0
3,5308,13955,2,0,172.88900000000001,0
3,5309,13963,2,0,192.767,0
3,5310,13971,2,0,168.053,0
3,5311,13979,2,0,182.89599999999999,0
3,5312,13987,2,0,162.74000000000001,0
3,5313,13995,2,0,168.86000000000001,0
3,5314,14003,2,0,182.68199999999999,0
3,5315,14011,2,0,165.42699999999999,0
3,5316,14019,2,0,184.76300000000001,0
3,5317,14027,2,0,186.53,0
3,5318,14035,2,0,198.47499999999999,0
3,5319,14043,2,0,177.76900000000001,0
3,5320,14051,2,0,181.584,0
3,5321,14059,2,0,164.32499999999999,0
3,5322,14067,2,0,198.827,0
3,5323,14075,2,0,161.886,0
3,5324,14083,2,0,171.19900000000001,0
3,5325,14091,2,0,176.86799999999999,0
3,5326,14099,2,0,152.70099999999999,0
3,5327,14107,2,0,150.82499999999999,0
3,5328,14115,2,0,166.33099999999999,0
3,5329,14123,2,0,185.36199999999999,0
3,5330,14131,2,0,146.37899999999999,0
3,5331,14139,2,0,190.36600000000001,0
3,5332,14147,2,0,160.315,0
3,5333,14155,2,0,197.50800000000001,0
3,5334,14163,2,0,187.727,0
3,5335,14171,2,0,175.161,0
3,5336,14179,2,0,133.708,0
3,5337,14187,2,0,177.108,0
3,5338,14195,2,0,156.131,0
3,5339,14203,2,0,177.75,0
3,5340,14211,2,0,125.64100000000001,0
3,5341,14219,2,0,124.477,0
3,5342,14227,2,0,139.792,0
3,5343,14235,2,0,180.53100000000001,0
3,5344,14243,2,0,215.398,0
3,5345,14251,2,0,174.374,0
3,5346,3,3,0,176.834,0
3,5347,11,3,0,193.30600000000001,0
3,5348,19,3,0,176.31899999999999,0
3,5349,27,3,0,182.80799999999999,0
3,5350,35,3,0,150.00299999999999,0
3,5351,43,3,0,193.34200000000001,0
3,5352,51,3,0,153.94,0
3,5353,59,3,0,183.10300000000001,0
3,5354,67,3,0,180.316,0
3,5355,75,3,0,134.042,0
3,5356,83,3,0,107.137,0
3,5357,91,3,0,184.98400000000001,0
3,5358,99,3,0,197.733,0
3,5359,107,3,0,190.154,0
3,5360,115,3,0,195.56999999999999,0
3,5361,123,3,0,169.49600000000001,0
3,5362,131,3,0,182.64400000000001,0
3,5363,139,3,0,194.47200000000001,0
3,5364,147,3,0,177.28899999999999,0
3,5365,155,3,0,196.596,0
3,5366,163,3,0,192.54599999999999,0
3,5367,171,3,0,170.875,0
3,5368,179,3,0,151.369,0
3,5369,187,3,0,193.505,0
3,5370,195,3,0,199.38,0
3,5371,203,3,0,168.28700000000001,0
3,5372,211,3,0,183.74000000000001,0
3,5373,219,3,0,204.49000000000001,0
3,5374,227,3,0,172.483,0
3,5375,235,3,0,167.733,0
3,5376,243,3,0,161.83000000000001,0
3,5377,251,3,0,162.488,0
3,5378,259,3,0,197.018,0
3,5379,267,3,0,182.97300000000001,0
3,5380,275,3,0,172.11099999999999,0
3,5381,283,3,0,167.30099999999999,0
3,5382,291,3,0,175.54900000000001,0
3,5383,299,3,0,136.02099999999999,0
3,5384,307,3,0,192.87299999999999,0
3,5385,315,3,0,131.19800000000001,0
3,5386,323,3,0,159.304,0
3,5387,331,3,0,206.70099999999999,0
3,5388,339,3,0,185.02099999999999,0
3,5389,347,3,0,192.84100000000001,0
3,5390,355,3,0,166.20699999999999,0
3,5391,363,3,0,155.15199999999999,0
3,5392,371,3,0,187.87,0
3,5393,379,3,0,146.11000000000001,0
3,5394,387,3,0,186.346,0
3,5395,395,3,0,184.33000000000001,0
3,5396,403,3,0,167.584,0
3,5397,411,3,0,208.37299999999999,0
3,5398,419,3,0,182.547,0
3,5399,427,3,0,171.07900000000001,0
3,5400,435,3,0,159.541,0
3,5401,443,3,0,154.17099999999999,0
3,5402,451,3,0,196.56700000000001,0
3,5403,459,3,0,182.792,0
3,5404,467,3,0,180.536,0
3,5405,475,3,0,176.57900000000001,0
3,5406,483,3,0,178.62,0
3,5407,491,3,0,190.083,0
3,5408,499,3,0,152.47200000000001,0
3,5409,507,3,0,198.15299999999999,0
3,5410,515,3,0,179.26499999999999,0
3,5411,523,3,0,147.994,0
3,5412,531,3,0,185.916,0
3,5413,539,3,0,139.28,0
3,5414,547,3,0,209.148,0
3,5415,555,3,0,178.40700000000001,0
3,5416,563,3,0,169.16,0
3,5417,571,3,0,204.256,0
3,5418,579,3,0,140.81999999999999,0
3,5419,587,3,0,181.73500000000001,0
3,5420,595,3,0,145.46799999999999,0
3,5421,603,3,0,187.13,0
3,5422,611,3,0,185.32300000000001,0
3,5423,619,3,0,197.52699999999999,0
3,5424,627,3,0,175.971,0
3,5425,635,3,0,164.821,0
3,5426,643,3,0,210.13300000000001,0
3,5427,651,3,0,154.46799999999999,0
3,5428,659,3,0,158.96000000000001,0
3,5429,667,3,0,200.97900000000001,0
3,5430,675,3,0,155.59299999999999,0
3,5431,683,3,0,174.68899999999999,0
3,5432,691,3,0,175.57300000000001,0
3,5433,699,3,0,196.82900000000001,0
3,5434,707,3,0,181.86799999999999,0
3,5435,715,3,0,197.35400000000001,0
3,5436,723,3,0,189.56200000000001,0
3,5437,731,3,0,183.03899999999999,0
3,5438,739,3,0,159.505,0
3,5439,747,3,0,183.602,0
3,5440,755,3,0,204.696,0
3,5441,763,3,0,193.11500000000001,0
3,5442,771,3,0,174.304,0
3,5443,779,3,0,185.852,0
3,5444,787,3,0,154.452,0
3,5445,795,3,0,172.55799999999999,0
3,5446,803,3,0,190.92699999999999,0
3,5447,811,3,0,173.398,0
3,5448,819,3,0,164.19,0
3,5449,827,3,0,155.46799999999999,0
3,5450,835,3,0,175.96600000000001,0
3,5451,843,3,0,187.19200000000001,0
3,5452,851,3,0,167.262,0
3,5453,859,3,0,187.29900000000001,0
3,5454,867,3,0,189.607,0
3,5455,875,3,0,160.88200000000001,0
3,5456,883,3,0,181.011,0
3,5457,891,3,0,175.94,0
3,5458,899,3,0,180.756,0
3,5459,907,3,0,194.446,0
3,5460,915,3,0,193.66,0
3,5461,923,3,0,169.596,0
3,5462,931,3,0,122.809,0
3,5463,939,3,0,173.38,0
3,5464,947,3,0,192.16900000000001,0
3,5465,955,3,0,161.23500000000001,0
3,5466,963,3,0,147.21700000000001,0
3,5467,971,3,0,151.31999999999999,0
3,5468,979,3,0,176.732,0
3,5469,987,3,0,162.87899999999999,0
3,5470,995,3,0,222.31700000000001,0
3,5471,1003,3,0,190.428,0
3,5472,1011,3,0,195.27699999999999,0
3,5473,1019,3,0,170.71700000000001,0
3,5474,1027,3,0,147.934,0
3,5475,1035,3,0,173.095,0
3,5476,1043,3,0,163.55600000000001,0
3,5477,1051,3,0,148.65700000000001,0
3,5478,1059,3,0,182.29300000000001,0
3,5479,1067,3,0,176.05699999999999,0
3,5480,1075,3,0,173.08799999999999,0
3,5481,1083,3,0,182.24199999999999,0
3,5482,1091,3,0,211.47300000000001,0
3,5483,1099,3,0,159.60400000000001,0
3,5484,1107,3,0,212.38200000000001,0
3,5485,1115,3,0,162.65299999999999,0
3,5486,1123,3,0,159.05099999999999,0
3,5487,1131,3,0,176.63999999999999,0
3,5488,1139,3,0,168.96199999999999,0
3,5489,1147,3,0,159.04400000000001,0
3,5490,1155,3,0,177.88300000000001,0
3,5491,1163,3,0,180.642,0
3,5492,1171,3,0,187.244,0
3,5493,1179,3,0,180.86099999999999,0
3,5494,1187,3,0,185.18600000000001,0
3,5495,1195,3,0,150.42699999999999,0
3,5496,1203,3,0,182.148,0
3,5497,1211,3,0,182.52600000000001,0
3,5498,1219,3,0,205.90299999999999,0
3,5499,1227,3,0,171.28200000000001,0
3,5500,1235,3,0,173.43199999999999,0
3,5501,1243,3,0,177.84899999999999,0
3,5502,1251,3,0,164.31299999999999,0
3,5503,1259,3,0,171.215,0
3,5504,1267,3,0,173.327,0
3,5505,1275,3,0,174.08500000000001,0
3,5506,1283,3,0,187.816,0
3,5507,1291,3,0,190.23599999999999,0
3,5508,1299,3,0,106.244,0
3,5509,1307,3,0,165.631,0
3,5510,1315,3,0,159.86799999999999,0
3,5511,1323,3,0,195.76499999999999,0
3,5512,1331,3,0,184.10499999999999,0
3,5513,1339,3,0,188.05000000000001,0
3,5514,1347,3,0,165.012,0
3,5515,1355,3,0,180.52600000000001,0
3,5516,1363,3,0,170.88,0
3,5517,1371,3,0,184.94200000000001,0
3,5518,1379,3,0,159.86099999999999,0
3,5519,1387,3,0,191.16800000000001,0
3,5520,1395,3,0,176.54599999999999,0
3,5521,1403,3,0,167.12200000000001,0
3,5522,1411,3,0,148.85300000000001,0
3,5523,1419,3,0,177.61600000000001,0
3,5524,1427,3,0,171.101,0
3,5525,1435,3,0,194.52099999999999,0
3,5526,1443,3,0,186.20500000000001,0
3,5527,1451,3,0,179.27199999999999,0
3,5528,1459,3,0,164.10900000000001,0
3,5529,1467,3,0,152.91,0
3,5530,1475,3,0,172.673,0
3,5531,1483,3,0,143.52799999999999,0
3,5532,1491,3,0,180.78999999999999,0
3,5533,1499,3,0,185.047,0
3,5534,1507,3,0,151.852,0
3,5535,1515,3,0,179.43600000000001,0
3,5536,1523,3,0,170.08799999999999,0
3,5537,1531,3,0,183.19900000000001,0
3,5538,1539,3,0,197.43799999999999,0
3,5539,1547,3,0,128.65600000000001,0
3,5540,1555,3,0,184.61699999999999,0
3,5541,1563,3,0,194.05099999999999,0
3,5542,1571,3,0,142.666,0
3,5543,1579,3,0,136.42699999999999,0
3,5544,1587,3,0,169.66900000000001,0
3,5545,1595,3,0,163.149,0
3,5546,1603,3,0,171.96600000000001,0
3,5547,1611,3,0,208.303,0
3,5548,1619,3,0,182.86199999999999,0
3,5549,1627,3,0,179.25899999999999,0
3,5550,1635,3,0,198.435,0
3,5551,1643,3,0,134.03200000000001,0
3,5552,1651,3,0,155.18799999999999,0
3,5553,1659,3,0,167.458,0
3,5554,1667,3,0,194.221,0
3,5555,1675,3,0,162.64099999999999,0
3,5556,1683,3,0,188.21100000000001,0
3,5557,1691,3,0,177.02600000000001,0
3,5558,1699,3,0,181.10300000000001,0
3,5559,1707,3,0,184.447,0
3,5560,1715,3,0,151.05000000000001,0
3,5561,1723,3,0,189.81399999999999,0
3,5562,1731,3,0,167.52199999999999,0
3,5563,1739,3,0,163.357,0
3,5564,1747,3,0,182.94800000000001,0
3,5565,1755,3,0,165.17699999999999,0
3,5566,1763,3,0,167.304,0
3,5567,1771,3,0,178.78899999999999,0
3,5568,1779,3,0,158.65199999999999,0
3,5569,1787,3,0,165.35300000000001,0
3,5570,1795,3,0,192.48699999999999,0
3,5571,1803,3,0,189.166,0
3,5572,1811,3,0,159.28399999999999,0
3,5573,1819,3,0,176.36199999999999,0
3,5574,1827,3,0,153.941,0
3,5575,1835,3,0,168.40000000000001,0
3,5576,1843,3,0,189.077,0
3,5577,1851,3,0,181.05699999999999,0
3,5578,1859,3,0,130.83099999999999,0
3,5579,1867,3,0,190.18600000000001,0
3,5580,1875,3,0,220.792,0
3,5581,1883,3,0,187.79499999999999,0
3,5582,1891,3,0,189.155,0
3,5583,1899,3,0,214.52099999999999,0
3,5584,1907,3,0,179.85499999999999,0
3,5585,1915,3,0,177.536,0
3,5586,1923,3,0,214.57300000000001,0
3,5587,1931,3,0,152.625,0
3,5588,1939,3,0,184.44900000000001,0
3,5589,1947,3,0,177.36699999999999,0
3,5590,1955,3,0,173.43700000000001,0
3,5591,1963,3,0,171.27799999999999,0
3,5592,1971,3,0,187.01900000000001,0
3,5593,1979,3,0,188.041,0
3,5594,1987,3,0,179.92400000000001,0
3,5595,1995,3,0,153.05099999999999,0
3,5596,2003,3,0,154.602,0
3,5597,2011,3,0,192.078,0
3,5598,2019,3,0,181.05199999999999,0
3,5599,2027,3,0,186.62200000000001,0
3,5600,2035,3,0,194.93799999999999,0
3,5601,2043,3,0,176.20400000000001,0
3,5602,2051,3,0,174.566,0
3,5603,2059,3,0,156.80000000000001,0
3,5604,2067,3,0,154.86500000000001,0
3,5605,2075,3,0,152.709,0
3,5606,2083,3,0,183.179,0
3,5607,2091,3,0,193.02600000000001,0
3,5608,2099,3,0,155.994,0
3,5609,2107,3,0,178.02600000000001,0
3,5610,2115,3,0,192.542,0
3,5611,2123,3,0,187.428,0
3,5612,2131,3,0,197.488,0
3,5613,2139,3,0,145.304,0
3,5614,2147,3,0,163.19200000000001,0
3,5615,2155,3,0,174.94800000000001,0
3,5616,2163,3,0,183.37100000000001,0
3,5617,2171,3,0,155.96600000000001,0
3,5618,2179,3,0,178.46899999999999,0
3,5619,2187,3,0,135.87100000000001,0
3,5620,2195,3,0,190.709,0
3,5621,2203,3,0,132.184,0
3,5622,2211,3,0,192.68899999999999,0
3,5623,2219,3,0,200.84399999999999,0
3,5624,2227,3,0,189.24799999999999,0
3,5625,2235,3,0,211.376,0
3,5626,2243,3,0,181.28899999999999,0
3,5627,2251,3,0,181.22900000000001,0
3,5628,2259,3,0,162.58199999999999,0
3,5629,2267,3,0,194.042,0
3,5630,2275,3,0,161.02000000000001,0
3,5631,2283,3,0,218.245,0
3,5632,2291,3,0,194.059,0
3,5633,2299,3,0,181.35499999999999,0
3,5634,2307,3,0,156.54400000000001,0
3,5635,2315,3,0,231.14500000000001,0
3,5636,2323,3,0,166.71899999999999,0
3,5637,2331,3,0,167.983,0
3,5638,2339,3,0,170.31200000000001,0
3,5639,2347,3,0,162.154,0
3,5640,2355,3,0,207.798,0
3,5641,2363,3,0,190.45500000000001,0
3,5642,2371,3,0,187.297,0
3,5643,2379,3,0,168.316,0
3,5644,2387,3,0,181.15000000000001,0
3,5645,2395,3,0,141.22999999999999,0
3,5646,2403,3,0,148.77600000000001,0
3,5647,2411,3,0,180.501,0
3,5648,2419,3,0,175.19,0
3,5649,2427,3,0,192.34700000000001,0
3,5650,2435,3,0,191.762,0
3,5651,2443,3,0,180.845,0
3,5652,2451,3,0,162.422,0
3,5653,2459,3,0,163.37700000000001,0
3,5654,2467,3,0,172.49299999999999,0
3,5655,2475,3,0,180.661,0
3,5656,2483,3,0,178.59,0
3,5657,2491,3,0,118.185,0
3,5658,2499,3,0,194.62200000000001,0
3,5659,2507,3,0,185.32599999999999,0
3,5660,2515,3,0,184.524,0
3,5661,2523,3,0,159.18600000000001,0
3,5662,2531,3,0,164.126,0
3,5663,2539,3,0,195.34100000000001,0
3,5664,2547,3,0,183.17099999999999,0
3,5665,2555,3,0,193.916,0
3,5666,2563,3,0,180.541,0
3,5667,2571,3,0,177.309,0
3,5668,2579,3,0,231.44,0
3,5669,2587,3,0,171.25299999999999,0
3,5670,2595,3,0,151.24700000000001,0
3,5671,2603,3,0,168.227,0
3,5672,2611,3,0,177.066,0
3,5673,2619,3,0,157.12799999999999,0
3,5674,2627,3,0,166.774,0
3,5675,2635,3,0,164.87299999999999,0
3,5676,2643,3,0,176.03200000000001,0
3,5677,2651,3,0,129.114,0
3,5678,2659,3,0,133.101,0
3,5679,2667,3,0,178.76400000000001,0
3,5680,2675,3,0,170.732,0
3,5681,2683,3,0,187.852,0
3,5682,2691,3,0,133.245,0
3,5683,2699,3,0,180.304,0
3,5684,2707,3,0,155.88800000000001,0
3,5685,2715,3,0,184.78299999999999,0
3,5686,2723,3,0,178.63900000000001,0
3,5687,2731,3,0,138.066,0
3,5688,2739,3,0,174.30099999999999,0
3,5689,2747,3,0,124.833,0
3,5690,2755,3,0,199.37700000000001,0
3,5691,2763,3,0,160.64599999999999,0
3,5692,2771,3,0,117.09999999999999,0
3,5693,2779,3,0,204.328,0
3,5694,2787,3,0,160.864,0
3,5695,2795,3,0,146.05000000000001,0
3,5696,2803,3,0,166.60499999999999,0
3,5697,2811,3,0,209.517,0
3,5698,2819,3,0,186.79900000000001,0
3,5699,2827,3,0,173.041,0
3,5700,2835,3,0,170.536,0
3,5701,2843,3,0,177.78800000000001,0
3,5702,2851,3,0,181.41200000000001,0
3,5703,2859,3,0,145.10499999999999,0
3,5704,2867,3,0,171.321,0
3,5705,2875,3,0,223.673,0
3,5706,2883,3,0,152.011,0
3,5707,2891,3,0,132.886,0
3,5708,2899,3,0,188.20599999999999,0
3,5709,2907,3,0,146.08500000000001,0
3,5710,2915,3,0,166.387,0
3,5711,2923,3,0,181.95099999999999,0
3,5712,2931,3,0,167.38399999999999,0
3,5713,2939,3,0,180.17400000000001,0
3,5714,2947,3,0,145.054,0
3,5715,2955,3,0,171.72999999999999,0
3,5716,2963,3,0,216.11799999999999,0
3,5717,2971,3,0,192.01900000000001,0
3,5718,2979,3,0,125.298,0
3,5719,2987,3,0,177.65799999999999,0
3,5720,2995,3,0,179.953,0
3,5721,3003,3,0,125.583,0
3,5722,3011,3,0,190.892,0
3,5723,3019,3,0,184.10599999999999,0
3,5724,3027,3,0,124.083,0
3,5725,3035,3,0,168.15100000000001,0
3,5726,3043,3,0,196.762,0
3,5727,3051,3,0,160.512,0
3,5728,3059,3,0,186.10499999999999,0
3,5729,3067,3,0,157.55799999999999,0
3,5730,3075,3,0,180.90100000000001,0
3,5731,3083,3,0,202.64400000000001,0
3,5732,3091,3,0,144.739,0
3,5733,3099,3,0,173.13,0
3,5734,3107,3,0,162.541,0
3,5735,3115,3,0,180.95099999999999,0
3,5736,3123,3,0,203.143,0
3,5737,3131,3,0,175.53899999999999,0
3,5738,3139,3,0,178.53899999999999,0
3,5739,3147,3,0,221.69499999999999,0
3,5740,3155,3,0,189.06800000000001,0
3,5741,3163,3,0,170.971,0
3,5742,3171,3,0,187.10499999999999,0
3,5743,3179,3,0,190.49799999999999,0
3,5744,3187,3,0,168.53899999999999,0
3,5745,3195,3,0,197.083,0
3,5746,3203,3,0,187.995,0
3,5747,3211,3,0,170.95599999999999,0
3,5748,3219,3,0,133.24299999999999,0
3,5749,3227,3,0,178.136,0
3,5750,3235,3,0,197.91300000000001,0
3,5751,3243,3,0,182.80799999999999,0
3,5752,3251,3,0,177.745,0
3,5753,3259,3,0,177.667,0
3,5754,3267,3,0,163.32900000000001,0
3,5755,3275,3,0,173.02699999999999,0
3,5756,3283,3,0,190.92699999999999,0
3,5757,3291,3,0,173.684,0
3,5758,3299,3,0,189.393,0
3,5759,3307,3,0,162.495,0
3,5760,3315,3,0,173.74100000000001,0
3,5761,3323,3,0,198.703,0
3,5762,3331,3,0,180.155,0
3,5763,3339,3,0,193.70599999999999,0
3,5764,3347,3,0,178.96199999999999,0
3,5765,3355,3,0,194.83600000000001,0
3,5766,3363,3,0,201.57900000000001,0
3,5767,3371,3,0,179.363,0
3,5768,3379,3,0,191.76599999999999,0
3,5769,3387,3,0,186.73099999999999,0
3,5770,3395,3,0,197.67500000000001,0
3,5771,3403,3,0,183.50299999999999,0
3,5772,3411,3,0,186.85599999999999,0
3,5773,3419,3,0,181.815,0
3,5774,3427,3,0,153.26499999999999,0
3,5775,3435,3,0,180.304,0
3,5776,3443,3,0,182.79499999999999,0
3,5777,3451,3,0,194.797,0
3,5778,3459,3,0,188.90899999999999,0
3,5779,3467,3,0,191.27799999999999,0
3,5780,3475,3,0,185.62299999999999,0
3,5781,3483,3,0,205.012,0
3,5782,3491,3,0,185.21700000000001,0
3,5783,3499,3,0,181.56100000000001,0
3,5784,3507,3,0,153.41800000000001,0
3,5785,3515,3,0,152.697,0
3,5786,3523,3,0,182.845,0
3,5787,3531,3,0,182.83099999999999,0
3,5788,3539,3,0,156.155,0
3,5789,3547,3,0,203.56100000000001,0
3,5790,3555,3,0,189.94499999999999,0
3,5791,3563,3,0,174.72499999999999,0
3,5792,3571,3,0,169.798,0
3,5793,3579,3,0,150.065,0
3,5794,3587,3,0,181.114,0
3,5795,3595,3,0,142.542,0
3,5796,3603,3,0,185.81899999999999,0
3,5797,3611,3,0,168.46799999999999,0
3,5798,3619,3,0,192.089,0
3,5799,3627,3,0,158.12299999999999,0
3,5800,3635,3,0,180.19,0
3,5801,3643,3,0,186.251,0
3,5802,3651,3,0,172.55500000000001,0
3,5803,3659,3,0,177.41,0
3,5804,3667,3,0,150.959,0
3,5805,3675,3,0,125.26600000000001,0
3,5806,3683,3,0,220.60400000000001,0
3,5807,3691,3,0,154.40899999999999,0
3,5808,3699,3,0,180.82900000000001,0
3,5809,3707,3,0,189.59800000000001,0
3,5810,3715,3,0,136.809,0
3,5811,3723,3,0,148.37100000000001,0
3,5812,3731,3,0,155.821,0
3,5813,3739,3,0,212.00399999999999,0
3,5814,3747,3,0,200.14400000000001,0
3,5815,3755,3,0,191.523,0
3,5816,3763,3,0,184.18899999999999,0
3,5817,3771,3,0,170.5,0
3,5818,3779,3,0,205.12799999999999,0
3,5819,3787,3,0,147.559,0
3,5820,3795,3,0,156.75,0
3,5821,3803,3,0,175.87200000000001,0
3,5822,3811,3,0,186.91800000000001,0
3,5823,3819,3,0,194.905,0
3,5824,3827,3,0,159.28100000000001,0
3,5825,3835,3,0,194.05699999999999,0
3,5826,3843,3,0,170.816,0
3,5827,3851,3,0,146.375,0
3,5828,3859,3,0,172.126,0
3,5829,3867,3,0,171.09,0
3,5830,3875,3,0,183.297,0
3,5831,3883,3,0,182.75800000000001,0
3,5832,3891,3,0,188.11600000000001,0
3,5833,3899,3,0,190.41999999999999,0
3,5834,3907,3,0,183.642,0
3,5835,3915,3,0,120.79000000000001,0
3,5836,3923,3,0,199.50999999999999,0
3,5837,3931,3,0,149.33199999999999,0
3,5838,3939,3,0,199.01499999999999,0
3,5839,3947,3,0,204.05099999999999,0
3,5840,3955,3,0,159.46000000000001,0
3,5841,3963,3,0,202.523,0
3,5842,3971,3,0,167.5,0
3,5843,3979,3,0,178.14099999999999,0
3,5844,3987,3,0,175.291,0
3,5845,3995,3,0,132.89500000000001,0
3,5846,4003,3,0,172.97499999999999,0
3,5847,4011,3,0,165.614,0
3,5848,4019,3,0,204.822,0
3,5849,4027,3,0,172.04599999999999,0
3,5850,4035,3,0,178.916,0
3,5851,4043,3,0,196.839,0
3,5852,4051,3,0,192.143,0
3,5853,4059,3,0,150.13499999999999,0
3,5854,4067,3,0,184.34899999999999,0
3,5855,4075,3,0,167.89500000000001,0
3,5856,4083,3,0,190.83500000000001,0
3,5857,4091,3,0,114.864,0
3,5858,4099,3,0,179.17500000000001,0
3,5859,4107,3,0,174.95699999999999,0
3,5860,4115,3,0,190.27099999999999,0
3,5861,4123,3,0,179.82900000000001,0
3,5862,4131,3,0,165.059,0
3,5863,4139,3,0,202.52199999999999,0
3,5864,4147,3,0,181.54900000000001,0
3,5865,4155,3,0,180.79900000000001,0
3,5866,4163,3,0,151.65299999999999,0
3,5867,4171,3,0,191.172,0
3,5868,4179,3,0,202.108,0
3,5869,4187,3,0,175.405,0
3,5870,4195,3,0,143.38399999999999,0
3,5871,4203,3,0,202.85300000000001,0
3,5872,4211,3,0,159.09399999999999,0
3,5873,4219,3,0,214.12700000000001,0
3,5874,4227,3,0,179.363,0
3,5875,4235,3,0,149.773,0
3,5876,4243,3,0,188.108,0
3,5877,4251,3,0,172.792,0
3,5878,4259,3,0,146.47200000000001,0
3,5879,4267,3,0,155.70599999999999,0
3,5880,4275,3,0,167.089,0
3,5881,4283,3,0,188.22300000000001,0
3,5882,4291,3,0,190.07499999999999,0
3,5883,4299,3,0,158.709,0
3,5884,4307,3,0,184.36000000000001,0
3,5885,4315,3,0,158.11199999999999,0
3,5886,4323,3,0,165.881,0
3,5887,4331,3,0,174.94399999999999,0
3,5888,4339,3,0,136.17699999999999,0
3,5889,4347,3,0,183.16499999999999,0
3,5890,4355,3,0,216.047,0
3,5891,4363,3,0,189.41999999999999,0
3,5892,4371,3,0,184.18799999999999,0
3,5893,4379,3,0,149.31100000000001,0
3,5894,4387,3,0,156.55000000000001,0
3,5895,4395,3,0,152.21199999999999,0
3,5896,4403,3,0,139.96600000000001,0
3,5897,4411,3,0,127.996,0
3,5898,4419,3,0,182.869,0
3,5899,4427,3,0,179.78,0
3,5900,4435,3,0,165.47499999999999,0
3,5901,4443,3,0,177.428,0
3,5902,4451,3,0,164.44900000000001,0
3,5903,4459,3,0,173.84999999999999,0
3,5904,4467,3,0,169.02099999999999,0
3,5905,4475,3,0,199.46600000000001,0
3,5906,4483,3,0,173.25200000000001,0
3,5907,4491,3,0,184.631,0
3,5908,4499,3,0,168.47499999999999,0
3,5909,4507,3,0,176.49199999999999,0
3,5910,4515,3,0,184.90100000000001,0
3,5911,4523,3,0,179.06200000000001,0
3,5912,4531,3,0,190.28,0
3,5913,4539,3,0,156.31100000000001,0
3,5914,4547,3,0,179.774,0
3,5915,4555,3,0,161.08699999999999,0
3,5916,4563,3,0,183.35499999999999,0
3,5917,4571,3,0,137.10300000000001,0
3,5918,4579,3,0,159.91300000000001,0
3,5919,4587,3,0,186.953,0
3,5920,4595,3,0,189.93100000000001,0
3,5921,4603,3,0,184.20400000000001,0
3,5922,4611,3,0,204.00800000000001,0
3,5923,4619,3,0,181.32300000000001,0
3,5924,4627,3,0,167.465,0
3,5925,4635,3,0,176.989,0
3,5926,4643,3,0,183.684,0
3,5927,4651,3,0,168.53800000000001,0
3,5928,4659,3,0,186.87899999999999,0
3,5929,4667,3,0,169.78899999999999,0
3,5930,4675,3,0,195.67500000000001,0
3,5931,4683,3,0,174.36600000000001,0
3,5932,4691,3,0,167.52000000000001,0
3,5933,4699,3,0,143.374,0
3,5934,4707,3,0,180.36600000000001,0
3,5935,4715,3,0,183.959,0
3,5936,4723,3,0,170.73599999999999,0
3,5937,4731,3,0,174.40000000000001,0
3,5938,4739,3,0,171.22200000000001,0
3,5939,4747,3,0,157.02099999999999,0
3,5940,4755,3,0,190.42400000000001,0
3,5941,4763,3,0,154.31800000000001,0
3,5942,4771,3,0,182.13200000000001,0
3,5943,4779,3,0,181.75,0
3,5944,4787,3,0,173.24000000000001,0
3,5945,4795,3,0,169.94499999999999,0
3,5946,4803,3,0,187.244,0
3,5947,4811,3,0,163.56399999999999,0
3,5948,4819,3,0,186.31399999999999,0
3,5949,4827,3,0,172.727,0
3,5950,4835,3,0,179.79300000000001,0
3,5951,4843,3,0,170.12200000000001,0
3,5952,4851,3,0,168.488,0
3,5953,4859,3,0,204.21000000000001,0
3,5954,4867,3,0,167.535,0
3,5955,4875,3,0,179.99600000000001,0
3,5956,4883,3,0,205.18000000000001,0
3,5957,4891,3,0,196.61799999999999,0
3,5958,4899,3,0,153.54499999999999,0
3,5959,4907,3,0,176.49799999999999,0
3,5960,4915,3,0,153.184,0
3,5961,4923,3,0,137.166,0
3,5962,4931,3,0,198.74299999999999,0
3,5963,4939,3,0,186.93000000000001,0
3,5964,4947,3,0,180.66300000000001,0
3,5965,4955,3,0,149.858,0
3,5966,4963,3,0,174.82499999999999,0
3,5967,4971,3,0,184.87899999999999,0
3,5968,4979,3,0,174.34399999999999,0
3,5969,4987,3,0,151.27099999999999,0
3,5970,4995,3,0,178.45400000000001,0
3,5971,5003,3,0,189.077,0
3,5972,5011,3,0,179.11199999999999,0
3,5973,5019,3,0,196.99199999999999,0
3,5974,5027,3,0,134.57499999999999,0
3,5975,5035,3,0,124.367,0
3,5976,5043,3,0,170.476,0
3,5977,5051,3,0,189.80199999999999,0
3,5978,5059,3,0,201.321,0
3,5979,5067,3,0,168.429,0
3,5980,5075,3,0,137.649,0
3,5981,5083,3,0,147.07300000000001,0
3,5982,5091,3,0,196.66499999999999,0
3,5983,5099,3,0,145.12200000000001,0
3,5984,5107,3,0,182.851,0
3,5985,5115,3,0,197.57300000000001,0
3,5986,5123,3,0,179.11799999999999,0
3,5987,5131,3,0,188.161,0
3,5988,5139,3,0,194.92699999999999,0
3,5989,5147,3,0,169.91800000000001,0
3,5990,5155,3,0,186.184,0
3,5991,5163,3,0,162.37,0
3,5992,5171,3,0,190.65700000000001,0
3,5993,5179,3,0,161.09800000000001,0
3,5994,5187,3,0,190.80699999999999,0
3,5995,5195,3,0,167.80699999999999,0
3,5996,5203,3,0,120.696,0
3,5997,5211,3,0,189.536,0
3,5998,5219,3,0,116.767,0
3,5999,5227,3,0,187.762,0
3,6000,5235,3,0,200.429,0
3,6001,5243,3,0,155.73500000000001,0
3,6002,5251,3,0,181.70500000000001,0
3,6003,5259,3,0,164.97999999999999,0
3,6004,5267,3,0,134.262,0
3,6005,5275,3,0,151.97399999999999,0
3,6006,5283,3,0,194.14699999999999,0
3,6007,5291,3,0,184.01499999999999,0
3,6008,5299,3,0,173.26900000000001,0
3,6009,5307,3,0,176.34299999999999,0
3,6010,5315,3,0,162.97999999999999,0
3,6011,5323,3,0,173.51499999999999,0
3,6012,5331,3,0,135.81899999999999,0
3,6013,5339,3,0,181.02699999999999,0
3,6014,5347,3,0,160.995,0
3,6015,5355,3,0,211.69300000000001,0
3,6016,5363,3,0,184.042,0
3,6017,5371,3,0,159.833,0
3,6018,5379,3,0,168.608,0
3,6019,5387,3,0,164.01599999999999,0
3,6020,5395,3,0,202.262,0
3,6021,5403,3,0,167.87899999999999,0
3,6022,5411,3,0,168.44,0
3,6023,5419,3,0,142.227,0
3,6024,5427,3,0,150.83600000000001,0
3,6025,5435,3,0,150.12100000000001,0
3,6026,5443,3,0,161.72800000000001,0
3,6027,5451,3,0,188.64500000000001,0
3,6028,5459,3,0,200.191,0
3,6029,5467,3,0,192.571,0
3,6030,5475,3,0,200.952,0
3,6031,5483,3,0,180.28999999999999,0
3,6032,5491,3,0,183.398,0
3,6033,5499,3,0,187.48599999999999,0
3,6034,5507,3,0,180.90299999999999,0
3,6035,5515,3,0,181.13999999999999,0
3,6036,5523,3,0,180.333,0
3,6037,5531,3,0,187.65799999999999,0
3,6038,5539,3,0,155.804,0
3,6039,5547,3,0,172.154,0
3,6040,5555,3,0,190.31999999999999,0
3,6041,5563,3,0,129.31399999999999,0
3,6042,5571,3,0,180.15799999999999,0
3,6043,5579,3,0,175.61699999999999,0
3,6044,5587,3,0,173.90600000000001,0
3,6045,5595,3,0,133.62200000000001,0
3,6046,5603,3,0,139.30699999999999,0
3,6047,5611,3,0,187.666,0
3,6048,5619,3,0,154.018,0
3,6049,5627,3,0,187.75700000000001,0
3,6050,5635,3,0,143.733,0
3,6051,5643,3,0,184.226,0
3,6052,5651,3,0,187.81700000000001,0
3,6053,5659,3,0,186.42099999999999,0
3,6054,5667,3,0,193.26499999999999,0
3,6055,5675,3,0,185.44900000000001,0
3,6056,5683,3,0,191.048,0
3,6057,5691,3,0,123.355,0
3,6058,5699,3,0,213.61199999999999,0
3,6059,5707,3,0,190.78399999999999,0
3,6060,5715,3,0,173.74000000000001,0
3,6061,5723,3,0,170.697,0
3,6062,5731,3,0,194.11600000000001,0
3,6063,5739,3,0,120.94199999999999,0
3,6064,5747,3,0,187.08099999999999,0
3,6065,5755,3,0,153.614,0
3,6066,5763,3,0,158.74100000000001,0
3,6067,5771,3,0,186.75700000000001,0
3,6068,5779,3,0,172.03800000000001,0
3,6069,5787,3,0,188.68199999999999,0
3,6070,5795,3,0,167.708,0
3,6071,5803,3,0,178.011,0
3,6072,5811,3,0,151.03200000000001,0
3,6073,5819,3,0,177.303,0
3,6074,5827,3,0,148.81899999999999,0
3,6075,5835,3,0,189.429,0
3,6076,5843,3,0,172.79300000000001,0
3,6077,5851,3,0,182.95599999999999,0
3,6078,5859,3,0,132.25700000000001,0
3,6079,5867,3,0,190.41499999999999,0
3,6080,5875,3,0,170.20400000000001,0
3,6081,5883,3,0,196.816,0
3,6082,5891,3,0,140.21799999999999,0
3,6083,5899,3,0,168.21299999999999,0
3,6084,5907,3,0,176.37,0
3,6085,5915,3,0,165.94499999999999,0
3,6086,5923,3,0,195.38399999999999,0
3,6087,5931,3,0,177.49700000000001,0
3,6088,5939,3,0,195.69800000000001,0
3,6089,5947,3,0,183.864,0
3,6090,5955,3,0,164.27199999999999,0
3,6091,5963,3,0,203.82900000000001,0
3,6092,5971,3,0,186.851,0
3,6093,5979,3,0,181.63800000000001,0
3,6094,5987,3,0,199.46299999999999,0
3,6095,5995,3,0,204.155,0
3,6096,6003,3,0,186.80600000000001,0
3,6097,6011,3,0,176.87700000000001,0
3,6098,6019,3,0,186.79599999999999,0
3,6099,6027,3,0,176.88900000000001,0
3,6100,6035,3,0,178.91399999999999,0
3,6101,6043,3,0,195.55199999999999,0
3,6102,6051,3,0,195.464,0
3,6103,6059,3,0,126.77800000000001,0
3,6104,6067,3,0,172.09700000000001,0
3,6105,6075,3,0,183.39099999999999,0
3,6106,6083,3,0,114.80200000000001,0
3,6107,6091,3,0,177.346,0
3,6108,6099,3,0,187.30699999999999,0
3,6109,6107,3,0,150.858,0
3,6110,6115,3,0,138.535,0
3,6111,6123,3,0,188.12899999999999,0
3,6112,6131,3,0,186.18000000000001,0
3,6113,6139,3,0,209.19900000000001,0
3,6114,6147,3,0,156.196,0
3,6115,6155,3,0,177.08699999999999,0
3,6116,6163,3,0,164.19900000000001,0
3,6117,6171,3,0,172.62299999999999,0
3,6118,6179,3,0,156.797,0
3,6119,6187,3,0,181.45099999999999,0
3,6120,6195,3,0,192.50200000000001,0
3,6121,6203,3,0,143.297,0
3,6122,6211,3,0,212.01499999999999,0
3,6123,6219,3,0,167.77000000000001,0
3,6124,6227,3,0,174.541,0
3,6125,6235,3,0,210.56200000000001,0
3,6126,6243,3,0,186.55699999999999,0
3,6127,6251,3,0,126.74299999999999,0
3,6128,6259,3,0,192.982,0
3,6129,6267,3,0,177.083,0
3,6130,6275,3,0,187.58000000000001,0
3,6131,6283,3,0,183.517,0
3,6132,6291,3,0,189.84800000000001,0
3,6133,6299,3,0,173.768,0
3,6134,6307,3,0,214.01300000000001,0
3,6135,6315,3,0,181.65100000000001,0
3,6136,6323,3,0,178.381,0
3,6137,6331,3,0,161.03100000000001,0
3,6138,6339,3,0,174.12100000000001,0
3,6139,6347,3,0,195.12799999999999,0
3,6140,6355,3,0,174.49799999999999,0
3,6141,6363,3,0,157.036,0
3,6142,6371,3,0,166.822,0
3,6143,6379,3,0,160.87799999999999,0
3,6144,6387,3,0,155.08099999999999,0
3,6145,6395,3,0,165.62299999999999,0
3,6146,6403,3,0,117.038,0
3,6147,6411,3,0,209.11099999999999,0
3,6148,6419,3,0,143.905,0
3,6149,6427,3,0,189.684,0
3,6150,6435,3,0,188.423,0
3,6151,6443,3,0,180.44300000000001,0
3,6152,6451,3,0,177.072,0
3,6153,6459,3,0,176.03299999999999,0
3,6154,6467,3,0,177.03100000000001,0
3,6155,6475,3,0,159.86199999999999,0
3,6156,6483,3,0,218.71299999999999,0
3,6157,6491,3,0,174.565,0
3,6158,6499,3,0,194.05500000000001,0
3,6159,6507,3,0,157.50200000000001,0
3,6160,6515,3,0,153.209,0
3,6161,6523,3,0,176.40700000000001,0
3,6162,6531,3,0,174.21299999999999,0
3,6163,6539,3,0,155.19499999999999,0
3,6164,6547,3,0,178.18000000000001,0
3,6165,6555,3,0,193.33099999999999,0
3,6166,6563,3,0,149.14400000000001,0
3,6167,6571,3,0,189.61699999999999,0
3,6168,6579,3,0,182.054,0
3,6169,6587,3,0,217.74000000000001,0
3,6170,6595,3,0,189.53800000000001,0
3,6171,6603,3,0,160.77699999999999,0
3,6172,6611,3,0,186.65899999999999,0
3,6173,6619,3,0,195.887,0
3,6174,6627,3,0,153.15000000000001,0
3,6175,6635,3,0,179.18100000000001,0
3,6176,6643,3,0,216.31399999999999,0
3,6177,6651,3,0,186.43799999999999,0
3,6178,6659,3,0,224.47499999999999,0
3,6179,6667,3,0,183.696,0
3,6180,6675,3,0,154.63300000000001,0
3,6181,6683,3,0,167.80500000000001,0
3,6182,6691,3,0,197.37,0
3,6183,6699,3,0,132.679,0
3,6184,6707,3,0,191.059,0
3,6185,6715,3,0,140.13399999999999,0
3,6186,6723,3,0,155.90100000000001,0
3,6187,6731,3,0,152.715,0
3,6188,6739,3,0,145.197,0
3,6189,6747,3,0,196.21700000000001,0
3,6190,6755,3,0,142.672,0
3,6191,6763,3,0,136.91800000000001,0
3,6192,6771,3,0,173.197,0
3,6193,6779,3,0,170.36199999999999,0
3,6194,6787,3,0,163.196,0
3,6195,6795,3,0,176.79499999999999,0
3,6196,6803,3,0,180.30699999999999,0
3,6197,6811,3,0,143.16800000000001,0
3,6198,6819,3,0,180.209,0
3,6199,6827,3,0,187.685,0
3,6200,6835,3,0,162.899,0
3,6201,6843,3,0,174.85400000000001,0
3,6202,6851,3,0,180.80600000000001,0
3,6203,6859,3,0,150.31200000000001,0
3,6204,6867,3,0,186.97300000000001,0
3,6205,6875,3,0,163.53200000000001,0
3,6206,6883,3,0,160.81800000000001,0
3,6207,6891,3,0,184.197,0
3,6208,6899,3,0,152.04900000000001,0
3,6209,6907,3,0,144.08799999999999,0
3,6210,6915,3,0,168.63300000000001,0
3,6211,6923,3,0,161.26300000000001,0
3,6212,6931,3,0,177.114,0
3,6213,6939,3,0,195.393,0
3,6214,6947,3,0,186.727,0
3,6215,6955,3,0,152.81800000000001,0
3,6216,6963,3,0,180.80500000000001,0
3,6217,6971,3,0,168.41499999999999,0
3,6218,6979,3,0,187.61799999999999,0
3,6219,6987,3,0,220.14099999999999,0
3,6220,6995,3,0,196.13900000000001,0
3,6221,7003,3,0,192.136,0
3,6222,7011,3,0,187.99000000000001,0
3,6223,7019,3,0,135.524,0
3,6224,7027,3,0,199.714,0
3,6225,7035,3,0,181.21700000000001,0
3,6226,7043,3,0,147.63800000000001,0
3,6227,7051,3,0,209.82300000000001,0
3,6228,7059,3,0,182.755,0
3,6229,7067,3,0,133.857,0
3,6230,7075,3,0,188.941,0
3,6231,7083,3,0,190.59100000000001,0
3,6232,7091,3,0,149.19900000000001,0
3,6233,7099,3,0,209.61000000000001,0
3,6234,7107,3,0,193.28800000000001,0
3,6235,7115,3,0,186.77199999999999,0
3,6236,7123,3,0,178.27099999999999,0
3,6237,7131,3,0,179.34899999999999,0
3,6238,7139,3,0,173.476,0
3,6239,7147,3,0,190.29900000000001,0
3,6240,7155,3,0,175.80500000000001,0
3,6241,7163,3,0,184.30799999999999,0
3,6242,7171,3,0,187.041,0
3,6243,7179,3,0,173.72,0
3,6244,7187,3,0,170.71000000000001,0
3,6245,7195,3,0,171.054,0
3,6246,7203,3,0,205.06200000000001,0
3,6247,7211,3,0,195.429,0
3,6248,7219,3,0,184.619,0
3,6249,7227,3,0,167.46600000000001,0
3,6250,7235,3,0,217.417,0
3,6251,7243,3,0,186.55099999999999,0
3,6252,7251,3,0,142.726,0
3,6253,7259,3,0,143.376,0
3,6254,7267,3,0,157.80199999999999,0
3,6255,7275,3,0,197.149,0
3,6256,7283,3,0,157.38800000000001,0
3,6257,7291,3,0,184.93600000000001,0
3,6258,7299,3,0,176.63800000000001,0
3,6259,7307,3,0,178.922,0
3,6260,7315,3,0,219.94200000000001,0
3,6261,7323,3,0,164.10599999999999,0
3,6262,7331,3,0,163.28,0
3,6263,7339,3,0,166.102,0
3,6264,7347,3,0,177.96799999999999,0
3,6265,7355,3,0,162.61099999999999,0
3,6266,7363,3,0,172.18799999999999,0
3,6267,7371,3,0,141.976,0
3,6268,7379,3,0,160.70099999999999,0
3,6269,7387,3,0,200.65000000000001,0
3,6270,7395,3,0,194.87,0
3,6271,7403,3,0,175.80500000000001,0
3,6272,7411,3,0,182.51900000000001,0
3,6273,7419,3,0,185.29499999999999,0
3,6274,7427,3,0,159.876,0
3,6275,7435,3,0,181.84100000000001,0
3,6276,7443,3,0,146.054,0
3,6277,7451,3,0,222.21799999999999,0
3,6278,7459,3,0,153.374,0
3,6279,7467,3,0,131.89599999999999,0
3,6280,7475,3,0,184.30600000000001,0
3,6281,7483,3,0,183.5,0
3,6282,7491,3,0,197.256,0
3,6283,7499,3,0,132.72499999999999,0
3,6284,7507,3,0,178.042,0
3,6285,7515,3,0,197.18700000000001,0
3,6286,7523,3,0,188.31700000000001,0
3,6287,7531,3,0,180.339,0
3,6288,7539,3,0,175.11600000000001,0
3,6289,7547,3,0,186.982,0
3,6290,7555,3,0,186.89599999999999,0
3,6291,7563,3,0,182.26900000000001,0
3,6292,7571,3,0,191.648,0
3,6293,7579,3,0,170.643,0
3,6294,7587,3,0,163.30799999999999,0
3,6295,7595,3,0,172.35400000000001,0
3,6296,7603,3,0,188.44800000000001,0
3,6297,7611,3,0,191.376,0
3,6298,7619,3,0,188.017,0
3,6299,7627,3,0,144.78200000000001,0
3,6300,7635,3,0,193.13499999999999,0
3,6301,7643,3,0,181.42500000000001,0
3,6302,7651,3,0,158.03299999999999,0
3,6303,7659,3,0,213.74199999999999,0
3,6304,7667,3,0,178.995,0
3,6305,7675,3,0,159.02600000000001,0
3,6306,7683,3,0,138.97300000000001,0
3,6307,7691,3,0,118.17400000000001,0
3,6308,7699,3,0,157.61799999999999,0
3,6309,7707,3,0,179.01300000000001,0
3,6310,7715,3,0,155.809,0
3,6311,7723,3,0,173.02099999999999,0
3,6312,7731,3,0,151.65899999999999,0
3,6313,7739,3,0,169.60300000000001,0
3,6314,7747,3,0,165.773,0
3,6315,7755,3,0,187.10599999999999,0
3,6316,7763,3,0,180.75700000000001,0
3,6317,7771,3,0,205.86600000000001,0
3,6318,7779,3,0,169.36199999999999,0
3,6319,7787,3,0,195.28399999999999,0
3,6320,7795,3,0,204.041,0
3,6321,7803,3,0,186.929,0
3,6322,7811,3,0,167.63300000000001,0
3,6323,7819,3,0,199.27600000000001,0
3,6324,7827,3,0,166.06200000000001,0
3,6325,7835,3,0,189.011,0
3,6326,7843,3,0,209.27699999999999,0
3,6327,7851,3,0,196.226,0
3,6328,7859,3,0,197.392,0
3,6329,7867,3,0,197.89599999999999,0
3,6330,7875,3,0,141.26900000000001,0
3,6331,7883,3,0,135.304,0
3,6332,7891,3,0,162.679,0
3,6333,7899,3,0,166.93000000000001,0
3,6334,7907,3,0,174.01400000000001,0
3,6335,7915,3,0,191.50200000000001,0
3,6336,7923,3,0,166.08799999999999,0
3,6337,7931,3,0,175.08500000000001,0
3,6338,7939,3,0,200.18299999999999,0
3,6339,7947,3,0,189.58600000000001,0
3,6340,7955,3,0,187.458,0
3,6341,7963,3,0,191.755,0
3,6342,7971,3,0,169.05799999999999,0
3,6343,7979,3,0,181.84899999999999,0
3,6344,7987,3,0,180.83799999999999,0
3,6345,7995,3,0,212.08500000000001,0
3,6346,8003,3,0,139.05199999999999,0
3,6347,8011,3,0,181.375,0
3,6348,8019,3,0,177.857,0
3,6349,8027,3,0,197.10400000000001,0
3,6350,8035,3,0,150.244,0
3,6351,8043,3,0,203.786,0
3,6352,8051,3,0,177.983,0
3,6353,8059,3,0,181.28800000000001,0
3,6354,8067,3,0,182.14400000000001,0
3,6355,8075,3,0,189.83699999999999,0
3,6356,8083,3,0,174.17699999999999,0
3,6357,8091,3,0,183.13399999999999,0
3,6358,8099,3,0,152.262,0
3,6359,8107,3,0,162.44399999999999,0
3,6360,8115,3,0,213.215,0
3,6361,8123,3,0,191.04900000000001,0
3,6362,8131,3,0,195.99100000000001,0
3,6363,8139,3,0,156.81100000000001,0
3,6364,8147,3,0,160.697,0
3,6365,8155,3,0,185.041,0
3,6366,8163,3,0,181.995,0
3,6367,8171,3,0,175.863,0
3,6368,8179,3,0,164.56999999999999,0
3,6369,8187,3,0,164.029,0
3,6370,8195,3,0,187.446,0
3,6371,8203,3,0,184.386,0
3,6372,8211,3,0,166.63300000000001,0
3,6373,8219,3,0,184.03,0
3,6374,8227,3,0,147.089,0
3,6375,8235,3,0,190.227,0
3,6376,8243,3,0,180.833,0
3,6377,8251,3,0,186.87899999999999,0
3,6378,8259,3,0,185.952,0
3,6379,8267,3,0,193.93100000000001,0
3,6380,8275,3,0,150.61000000000001,0
3,6381,8283,3,0,150.89099999999999,0
3,6382,8291,3,0,214.69499999999999,0
3,6383,8299,3,0,168.32300000000001,0
3,6384,8307,3,0,174.84200000000001,0
3,6385,8315,3,0,201.60400000000001,0
3,6386,8323,3,0,178.142,0
3,6387,8331,3,0,198.51400000000001,0
3,6388,8339,3,0,226.46299999999999,0
3,6389,8347,3,0,176.874,0
3,6390,8355,3,0,171.79900000000001,0
3,6391,8363,3,0,186.648,0
3,6392,8371,3,0,171.791,0
3,6393,8379,3,0,166.28100000000001,0
3,6394,8387,3,0,173.55600000000001,0
3,6395,8395,3,0,188.696,0
3,6396,8403,3,0,201.625,0
3,6397,8411,3,0,182.08500000000001,0
3,6398,8419,3,0,172.21299999999999,0
3,6399,8427,3,0,176.44300000000001,0
3,6400,8435,3,0,181.32599999999999,0
3,6401,8443,3,0,194.245,0
3,6402,8451,3,0,201.511,0
3,6403,8459,3,0,192.27199999999999,0
3,6404,8467,3,0,181.578,0
3,6405,8475,3,0,153.25999999999999,0
3,6406,8483,3,0,193.583,0
3,6407,8491,3,0,167.261,0
3,6408,8499,3,0,183.988,0
3,6409,8507,3,0,121.8,0
3,6410,8515,3,0,172.678,0
3,6411,8523,3,0,190.86799999999999,0
3,6412,8531,3,0,176.95099999999999,0
3,6413,8539,3,0,131.18299999999999,0
3,6414,8547,3,0,160.374,0
3,6415,8555,3,0,180.59200000000001,0
3,6416,8563,3,0,187.494,0
3,6417,8571,3,0,156.27799999999999,0
3,6418,8579,3,0,142.245,0
3,6419,8587,3,0,191.30500000000001,0
3,6420,8595,3,0,190.88,0
3,6421,8603,3,0,182.768,0
3,6422,8611,3,0,189.63900000000001,0
3,6423,8619,3,0,197.47999999999999,0
3,6424,8627,3,0,181.37,0
3,6425,8635,3,0,164.65799999999999,0
3,6426,8643,3,0,179.274,0
3,6427,8651,3,0,182.73099999999999,0
3,6428,8659,3,0,189.459,0
3,6429,8667,3,0,177.86199999999999,0
3,6430,8675,3,0,188.22300000000001,0
3,6431,8683,3,0,165.04900000000001,0
3,6432,8691,3,0,135.869,0
3,6433,8699,3,0,182.65000000000001,0
3,6434,8707,3,0,168.25,0
3,6435,8715,3,0,156.90899999999999,0
3,6436,8723,3,0,195.50299999999999,0
3,6437,8731,3,0,179.661,0
3,6438,8739,3,0,162.179,0
3,6439,8747,3,0,129.37299999999999,0
3,6440,8755,3,0,185.90199999999999,0
3,6441,8763,3,0,184.15700000000001,0
3,6442,8771,3,0,173.92500000000001,0
3,6443,8779,3,0,187.43100000000001,0
3,6444,8787,3,0,172.08199999999999,0
3,6445,8795,3,0,140.82599999999999,0
3,6446,8803,3,0,176.55199999999999,0
3,6447,8811,3,0,199.15700000000001,0
3,6448,8819,3,0,184.75800000000001,0
3,6449,8827,3,0,181.57400000000001,0
3,6450,8835,3,0,198.45400000000001,0
3,6451,8843,3,0,147.37,0
3,6452,8851,3,0,155.268,0
3,6453,8859,3,0,171.51499999999999,0
3,6454,8867,3,0,168.839,0
3,6455,8875,3,0,194.58799999999999,0
3,6456,8883,3,0,199.62700000000001,0
3,6457,8891,3,0,188.81399999999999,0
3,6458,8899,3,0,189.99299999999999,0
3,6459,8907,3,0,130.625,0
3,6460,8915,3,0,193.39400000000001,0
3,6461,8923,3,0,184.102,0
3,6462,8931,3,0,171.155,0
3,6463,8939,3,0,189.982,0
3,6464,8947,3,0,182.07599999999999,0
3,6465,8955,3,0,184.916,0
3,6466,8963,3,0,194.047,0
3,6467,8971,3,0,180.58699999999999,0
3,6468,8979,3,0,176.87200000000001,0
3,6469,8987,3,0,174.255,0
3,6470,8995,3,0,169.185,0
3,6471,9003,3,0,176.52000000000001,0
3,6472,9011,3,0,187.83600000000001,0
3,6473,9019,3,0,161.745,0
3,6474,9027,3,0,182.06100000000001,0
3,6475,9035,3,0,172.96100000000001,0
3,6476,9043,3,0,198.64500000000001,0
3,6477,9051,3,0,149.53800000000001,0
3,6478,9059,3,0,195.90100000000001,0
3,6479,9067,3,0,190.971,0
3,6480,9075,3,0,180.59899999999999,0
3,6481,9083,3,0,176.16800000000001,0
3,6482,9091,3,0,177.80199999999999,0
3,6483,9099,3,0,171.56100000000001,0
3,6484,9107,3,0,200.459,0
3,6485,9115,3,0,176.16499999999999,0
3,6486,9123,3,0,167.501,0
3,6487,9131,3,0,156.63,0
3,6488,9139,3,0,170.76599999999999,0
3,6489,9147,3,0,186.374,0
3,6490,9155,3,0,195.261,0
3,6491,9163,3,0,171.62700000000001,0
3,6492,9171,3,0,165.00899999999999,0
3,6493,9179,3,0,191.571,0
3,6494,9187,3,0,174.32599999999999,0
3,6495,9195,3,0,178.494,0
3,6496,9203,3,0,166.64500000000001,0
3,6497,9211,3,0,178.255,0
3,6498,9219,3,0,153.12799999999999,0
3,6499,9227,3,0,188.70400000000001,0
3,6500,9235,3,0,177.922,0
3,6501,9243,3,0,181.273,0
3,6502,9251,3,0,192.54900000000001,0
3,6503,9259,3,0,151.81299999999999,0
3,6504,9267,3,0,189.46600000000001,0
3,6505,9275,3,0,179.34200000000001,0
3,6506,9283,3,0,182.09,0
3,6507,9291,3,0,183.32400000000001,0
3,6508,9299,3,0,168.154,0
3,6509,9307,3,0,193.916,0
3,6510,9315,3,0,171.26900000000001,0
3,6511,9323,3,0,167.13800000000001,0
3,6512,9331,3,0,194.00299999999999,0
3,6513,9339,3,0,196.63499999999999,0
3,6514,9347,3,0,223.00899999999999,0
3,6515,9355,3,0,182.80000000000001,0
3,6516,9363,3,0,174.68600000000001,0
3,6517,9371,3,0,158.99000000000001,0
3,6518,9379,3,0,173.63900000000001,0
3,6519,9387,3,0,173.13399999999999,0
3,6520,9395,3,0,167.553,0
3,6521,9403,3,0,151.98699999999999,0
3,6522,9411,3,0,186.45599999999999,0
3,6523,9419,3,0,151.28299999999999,0
3,6524,9427,3,0,190.982,0
3,6525,9435,3,0,190.72399999999999,0
3,6526,9443,3,0,184.15299999999999,0
3,6527,9451,3,0,157.52000000000001,0
3,6528,9459,3,0,159.887,0
3,6529,9467,3,0,189.43700000000001,0
3,6530,9475,3,0,183.476,0
3,6531,9483,3,0,176.81800000000001,0
3,6532,9491,3,0,179.22300000000001,0
3,6533,9499,3,0,179.72,0
3,6534,9507,3,0,183.23500000000001,0
3,6535,9515,3,0,165.899,0
3,6536,9523,3,0,188.52000000000001,0
3,6537,9531,3,0,186.624,0
3,6538,9539,3,0,132.46600000000001,0
3,6539,9547,3,0,202.08600000000001,0
3,6540,9555,3,0,139.27600000000001,0
3,6541,9563,3,0,173.43600000000001,0
3,6542,9571,3,0,178.624,0
3,6543,9579,3,0,143.00999999999999,0
3,6544,9587,3,0,178.41200000000001,0
3,6545,9595,3,0,199.96700000000001,0
3,6546,9603,3,0,166.566,0
3,6547,9611,3,0,181.922,0
3,6548,9619,3,0,196.96799999999999,0
3,6549,9627,3,0,185.15000000000001,0
3,6550,9635,3,0,152.81100000000001,0
3,6551,9643,3,0,164.33500000000001,0
3,6552,9651,3,0,183.506,0
3,6553,9659,3,0,175.255,0
3,6554,9667,3,0,162.51300000000001,0
3,6555,9675,3,0,199.88,0
3,6556,9683,3,0,148.32499999999999,0
3,6557,9691,3,0,190.40100000000001,0
3,6558,9699,3,0,127.089,0
3,6559,9707,3,0,195.09,0
3,6560,9715,3,0,199.779,0
3,6561,9723,3,0,149.41300000000001,0
3,6562,9731,3,0,188.00899999999999,0
3,6563,9739,3,0,183.346,0
3,6564,9747,3,0,157.643,0
3,6565,9755,3,0,162.441,0
3,6566,9763,3,0,167.17400000000001,0
3,6567,9771,3,0,187.17599999999999,0
3,6568,9779,3,0,147.905,0
3,6569,9787,3,0,190.15000000000001,0
3,6570,9795,3,0,191.953,0
3,6571,9803,3,0,187.64599999999999,0
3,6572,9811,3,0,196.71600000000001,0
3,6573,9819,3,0,181.125,0
3,6574,9827,3,0,168.74600000000001,0
3,6575,9835,3,0,148.35499999999999,0
3,6576,9843,3,0,178.40000000000001,0
3,6577,9851,3,0,187.095,0
3,6578,9859,3,0,132.60900000000001,0
3,6579,9867,3,0,175.50700000000001,0
3,6580,9875,3,0,187.797,0
3,6581,9883,3,0,196.03899999999999,0
3,6582,9891,3,0,171.38200000000001,0
3,6583,9899,3,0,194.15899999999999,0
3,6584,9907,3,0,161.65899999999999,0
3,6585,9915,3,0,170.57900000000001,0
3,6586,9923,3,0,175.13800000000001,0
3,6587,9931,3,0,203.214,0
3,6588,9939,3,0,175.87,0
3,6589,9947,3,0,166.83500000000001,0
3,6590,9955,3,0,196.60300000000001,0
3,6591,9963,3,0,195.04900000000001,0
3,6592,9971,3,0,180.47300000000001,0
3,6593,9979,3,0,149.35499999999999,0
3,6594,9987,3,0,177.744,0
3,6595,9995,3,0,191.114,0
3,6596,10003,3,0,170.60400000000001,0
3,6597,10011,3,0,203.886,0
3,6598,10019,3,0,186.048,0
3,6599,10027,3,0,160.96899999999999,0
3,6600,10035,3,0,159.916,0
3,6601,10043,3,0,132.87899999999999,0
3,6602,10051,3,0,171.69300000000001,0
3,6603,10059,3,0,189.86699999999999,0
3,6604,10067,3,0,193.084,0
3,6605,10075,3,0,178.01499999999999,0
3,6606,10083,3,0,181.02799999999999,0
3,6607,10091,3,0,204.809,0
3,6608,10099,3,0,153.73500000000001,0
3,6609,10107,3,0,199.52000000000001,0
3,6610,10115,3,0,172.95500000000001,0
3,6611,10123,3,0,145.209,0
3,6612,10131,3,0,183.00399999999999,0
3,6613,10139,3,0,180.501,0
3,6614,10147,3,0,200.37,0
3,6615,10155,3,0,180.947,0
3,6616,10163,3,0,149.08699999999999,0
3,6617,10171,3,0,196.45599999999999,0
3,6618,10179,3,0,196.33699999999999,0
3,6619,10187,3,0,210.863,0
3,6620,10195,3,0,197.774,0
3,6621,10203,3,0,183.25800000000001,0
3,6622,10211,3,0,156.35900000000001,0
3,6623,10219,3,0,197.13900000000001,0
3,6624,10227,3,0,232.571,0
3,6625,10235,3,0,176.67699999999999,0
3,6626,10243,3,0,186.56899999999999,0
3,6627,10251,3,0,165.75,0
3,6628,10259,3,0,183.50800000000001,0
3,6629,10267,3,0,194.42400000000001,0
3,6630,10275,3,0,167.84100000000001,0
3,6631,10283,3,0,191.42400000000001,0
3,6632,10291,3,0,190.751,0
3,6633,10299,3,0,185.839,0
3,6634,10307,3,0,155.614,0
3,6635,10315,3,0,163.71600000000001,0
3,6636,10323,3,0,197.02699999999999,0
3,6637,10331,3,0,151.53700000000001,0
3,6638,10339,3,0,174.09299999999999,0
3,6639,10347,3,0,154.404,0
3,6640,10355,3,0,182.39500000000001,0
3,6641,10363,3,0,189.941,0
3,6642,10371,3,0,190.71899999999999,0
3,6643,10379,3,0,142.33000000000001,0
3,6644,10387,3,0,162.06200000000001,0
3,6645,10395,3,0,176.524,0
3,6646,10403,3,0,197.029,0
3,6647,10411,3,0,182.49799999999999,0
3,6648,10419,3,0,181.428,0
3,6649,10427,3,0,179.441,0
3,6650,10435,3,0,138.04900000000001,0
3,6651,10443,3,0,186.417,0
3,6652,10451,3,0,164.565,0
3,6653,10459,3,0,156.37,0
3,6654,10467,3,0,205.083,0
3,6655,10475,3,0,191.63900000000001,0
3,6656,10483,3,0,174.417,0
3,6657,10491,3,0,184.52099999999999,0
3,6658,10499,3,0,207.17500000000001,0
3,6659,10507,3,0,191.93199999999999,0
3,6660,10515,3,0,169.80799999999999,0
3,6661,10523,3,0,172.39500000000001,0
3,6662,10531,3,0,171.85900000000001,0
3,6663,10539,3,0,173.91900000000001,0
3,6664,10547,3,0,178.39500000000001,0
3,6665,10555,3,0,165.53899999999999,0
3,6666,10563,3,0,169.08799999999999,0
3,6667,10571,3,0,186.887,0
3,6668,10579,3,0,170.83600000000001,0
3,6669,10587,3,0,183.72800000000001,0
3,6670,10595,3,0,168.267,0
3,6671,10603,3,0,165.04900000000001,0
3,6672,10611,3,0,189.47399999999999,0
3,6673,10619,3,0,158.37200000000001,0
3,6674,10627,3,0,154.066,0
3,6675,10635,3,0,151.96700000000001,0
3,6676,10643,3,0,174.792,0
3,6677,10651,3,0,183.56999999999999,0
3,6678,10659,3,0,202.523,0
3,6679,10667,3,0,172.14400000000001,0
3,6680,10675,3,0,155.125,0
3,6681,10683,3,0,137.876,0
3,6682,10691,3,0,211.846,0
3,6683,10699,3,0,186.673,0
3,6684,10707,3,0,220.69800000000001,0
3,6685,10715,3,0,184.935,0
3,6686,10723,3,0,165.74199999999999,0
3,6687,10731,3,0,139.70599999999999,0
3,6688,10739,3,0,184.947,0
3,6689,10747,3,0,188.155,0
3,6690,10755,3,0,180.44900000000001,0
3,6691,10763,3,0,155.47999999999999,0
3,6692,10771,3,0,206.18700000000001,0
3,6693,10779,3,0,143.49799999999999,0
3,6694,10787,3,0,197.297,0
3,6695,10795,3,0,176.77699999999999,0
3,6696,10803,3,0,182.38200000000001,0
3,6697,10811,3,0,195.39500000000001,0
3,6698,10819,3,0,205.04599999999999,0
3,6699,10827,3,0,170.22900000000001,0
3,6700,10835,3,0,124.321,0
3,6701,10843,3,0,190.149,0
3,6702,10851,3,0,174.08000000000001,0
3,6703,10859,3,0,151.51499999999999,0
3,6704,10867,3,0,199.642,0
3,6705,10875,3,0,204.95099999999999,0
3,6706,10883,3,0,185.66900000000001,0
3,6707,10891,3,0,148.31399999999999,0
3,6708,10899,3,0,151.09200000000001,0
3,6709,10907,3,0,196.89400000000001,0
3,6710,10915,3,0,169.626,0
3,6711,10923,3,0,164.06399999999999,0
3,6712,10931,3,0,173.774,0
3,6713,10939,3,0,200.15700000000001,0
3,6714,10947,3,0,200.09299999999999,0
3,6715,10955,3,0,183.98500000000001,0
3,6716,10963,3,0,188.196,0
3,6717,10971,3,0,183.34700000000001,0
3,6718,10979,3,0,152.03899999999999,0
3,6719,10987,3,0,189.48699999999999,0
3,6720,10995,3,0,174.24299999999999,0
3,6721,11003,3,0,155.66499999999999,0
3,6722,11011,3,0,170.06100000000001,0
3,6723,11019,3,0,187.227,0
3,6724,11027,3,0,147.32599999999999,0
3,6725,11035,3,0,148.71799999999999,0
3,6726,11043,3,0,175.29400000000001,0
3,6727,11051,3,0,189.27500000000001,0
3,6728,11059,3,0,120.352,0
3,6729,11067,3,0,172.98599999999999,0
3,6730,11075,3,0,171.78,0
3,6731,11083,3,0,161.096,0
3,6732,11091,3,0,181.46299999999999,0
3,6733,11099,3,0,187.614,0
3,6734,11107,3,0,141.67599999999999,0
3,6735,11115,3,0,179.06,0
3,6736,11123,3,0,201.679,0
3,6737,11131,3,0,193.37899999999999,0
3,6738,11139,3,0,187.483,0
3,6739,11147,3,0,155.726,0
3,6740,11155,3,0,162.97900000000001,0
3,6741,11163,3,0,184.94200000000001,0
3,6742,11171,3,0,184.78,0
3,6743,11179,3,0,171.298,0
3,6744,11187,3,0,181.09899999999999,0
3,6745,11195,3,0,151.34800000000001,0
3,6746,11203,3,0,175.136,0
3,6747,11211,3,0,171.726,0
3,6748,11219,3,0,166.71199999999999,0
3,6749,11227,3,0,177.99299999999999,0
3,6750,11235,3,0,180.46000000000001,0
3,6751,11243,3,0,197.08000000000001,0
3,6752,11251,3,0,174.31399999999999,0
3,6753,11259,3,0,188.71799999999999,0
3,6754,11267,3,0,161.00899999999999,0
3,6755,11275,3,0,192.33099999999999,0
3,6756,11283,3,0,153.43799999999999,0
3,6757,11291,3,0,199.96100000000001,0
3,6758,11299,3,0,192.70599999999999,0
3,6759,11307,3,0,174.63900000000001,0
3,6760,11315,3,0,184.25800000000001,0
3,6761,11323,3,0,217.851,0
3,6762,11331,3,0,197.678,0
3,6763,11339,3,0,182.685,0
3,6764,11347,3,0,139.958,0
3,6765,11355,3,0,172.84,0
3,6766,11363,3,0,203.505,0
3,6767,11371,3,0,158.31399999999999,0
3,6768,11379,3,0,194.155,0
3,6769,11387,3,0,180.982,0
3,6770,11395,3,0,163.24199999999999,0
3,6771,11403,3,0,150.70400000000001,0
3,6772,11411,3,0,138.61000000000001,0
3,6773,11419,3,0,122.95999999999999,0
3,6774,11427,3,0,185.45400000000001,0
3,6775,11435,3,0,167.553,0
3,6776,11443,3,0,132.35900000000001,0
3,6777,11451,3,0,159.72300000000001,0
3,6778,11459,3,0,199.958,0
3,6779,11467,3,0,186.69300000000001,0
3,6780,11475,3,0,153.166,0
3,6781,11483,3,0,192.446,0
3,6782,11491,3,0,183.66399999999999,0
3,6783,11499,3,0,150.15700000000001,0
3,6784,11507,3,0,176.18700000000001,0
3,6785,11515,3,0,206.90299999999999,0
3,6786,11523,3,0,164.846,0
3,6787,11531,3,0,119.633,0
3,6788,11539,3,0,103.251,0
3,6789,11547,3,0,161.01300000000001,0
3,6790,11555,3,0,164.346,0
3,6791,11563,3,0,163.12200000000001,0
3,6792,11571,3,0,160.49000000000001,0
3,6793,11579,3,0,172.49799999999999,0
3,6794,11587,3,0,185.697,0
3,6795,11595,3,0,175.80000000000001,0
3,6796,11603,3,0,193.29900000000001,0
3,6797,11611,3,0,171.03100000000001,0
3,6798,11619,3,0,185.13499999999999,0
3,6799,11627,3,0,179.124,0
3,6800,11635,3,0,181.18299999999999,0
3,6801,11643,3,0,172.721,0
3,6802,11651,3,0,195.54300000000001,0
3,6803,11659,3,0,193.79599999999999,0
3,6804,11667,3,0,195.863,0
3,6805,11675,3,0,192.42099999999999,0
3,6806,11683,3,0,187.596,0
3,6807,11691,3,0,186.82300000000001,0
3,6808,11699,3,0,151.49299999999999,0
3,6809,11707,3,0,185.78800000000001,0
3,6810,11715,3,0,198.34899999999999,0
3,6811,11723,3,0,197.11600000000001,0
3,6812,11731,3,0,194.88300000000001,0
3,6813,11739,3,0,178.23500000000001,0
3,6814,11747,3,0,170.41999999999999,0
3,6815,11755,3,0,195.72399999999999,0
3,6816,11763,3,0,157.74199999999999,0
3,6817,11771,3,0,168.518,0
3,6818,11779,3,0,180.554,0
3,6819,11787,3,0,174.886,0
3,6820,11795,3,0,174.85599999999999,0
3,6821,11803,3,0,174.505,0
3,6822,11811,3,0,196.79300000000001,0
3,6823,11819,3,0,162.755,0
3,6824,11827,3,0,172.381,0
3,6825,11835,3,0,168.917,0
3,6826,11843,3,0,179.54900000000001,0
3,6827,11851,3,0,186.529,0
3,6828,11859,3,0,177.87899999999999,0
3,6829,11867,3,0,178.89400000000001,0
3,6830,11875,3,0,176.477,0
3,6831,11883,3,0,192.91,0
3,6832,11891,3,0,145.083,0
3,6833,11899,3,0,178.71199999999999,0
3,6834,11907,3,0,161.006,0
3,6835,11915,3,0,205.22800000000001,0
3,6836,11923,3,0,180.119,0
3,6837,11931,3,0,167.06299999999999,0
3,6838,11939,3,0,168.14099999999999,0
3,6839,11947,3,0,197.04499999999999,0
3,6840,11955,3,0,149.78200000000001,0
3,6841,11963,3,0,173.405,0
3,6842,11971,3,0,162.80600000000001,0
3,6843,11979,3,0,157.14699999999999,0
3,6844,11987,3,0,171.398,0
3,6845,11995,3,0,195.02500000000001,0
3,6846,12003,3,0,160.518,0
3,6847,12011,3,0,161.10599999999999,0
3,6848,12019,3,0,179.73400000000001,0
3,6849,12027,3,0,202.70099999999999,0
3,6850,12035,3,0,172.089,0
3,6851,12043,3,0,195.935,0
3,6852,12051,3,0,152.77500000000001,0
3,6853,12059,3,0,191.548,0
3,6854,12067,3,0,190.947,0
3,6855,12075,3,0,151.46000000000001,0
3,6856,12083,3,0,198.221,0
3,6857,12091,3,0,182.18899999999999,0
3,6858,12099,3,0,179.98400000000001,0
3,6859,12107,3,0,182.12100000000001,0
3,6860,12115,3,0,186.88399999999999,0
3,6861,12123,3,0,166.17400000000001,0
3,6862,12131,3,0,167.99199999999999,0
3,6863,12139,3,0,174.364,0
3,6864,12147,3,0,162.88800000000001,0
3,6865,12155,3,0,141.392,0
3,6866,12163,3,0,194.10499999999999,0
3,6867,12171,3,0,170.958,0
3,6868,12179,3,0,158.95500000000001,0
3,6869,12187,3,0,122.937,0
3,6870,12195,3,0,171.60900000000001,0
3,6871,12203,3,0,168.19499999999999,0
3,6872,12211,3,0,172.15799999999999,0
3,6873,12219,3,0,178.221,0
3,6874,12227,3,0,186.09999999999999,0
3,6875,12235,3,0,163.42400000000001,0
3,6876,12243,3,0,201.86199999999999,0
3,6877,12251,3,0,186.85599999999999,0
3,6878,12259,3,0,189.566,0
3,6879,12267,3,0,173.92699999999999,0
3,6880,12275,3,0,189.28800000000001,0
3,6881,12283,3,0,130.22,0
3,6882,12291,3,0,177.846,0
3,6883,12299,3,0,168.816,0
3,6884,12307,3,0,170.142,0
3,6885,12315,3,0,198.23699999999999,0
3,6886,12323,3,0,160.274,0
3,6887,12331,3,0,161.333,0
3,6888,12339,3,0,153.36099999999999,0
3,6889,12347,3,0,190.239,0
3,6890,12355,3,0,177.494,0
3,6891,12363,3,0,164.48599999999999,0
3,6892,12371,3,0,182.071,0
3,6893,12379,3,0,163.96299999999999,0
3,6894,12387,3,0,180.773,0
3,6895,12395,3,0,189.37,0
3,6896,12403,3,0,193.21100000000001,0
3,6897,12411,3,0,184.88499999999999,0
3,6898,12419,3,0,156.71600000000001,0
3,6899,12427,3,0,185.96600000000001,0
3,6900,12435,3,0,194.399,0
3,6901,12443,3,0,177.148,0
3,6902,12451,3,0,139.827,0
3,6903,12459,3,0,185.76900000000001,0
3,6904,12467,3,0,123.05800000000001,0
3,6905,12475,3,0,167.33500000000001,0
3,6906,12483,3,0,187.02199999999999,0
3,6907,12491,3,0,188.64699999999999,0
3,6908,12499,3,0,143.267,0
3,6909,12507,3,0,186.58799999999999,0
3,6910,12515,3,0,188.98699999999999,0
3,6911,12523,3,0,176.48099999999999,0
3,6912,12531,3,0,160.136,0
3,6913,12539,3,0,153.27199999999999,0
3,6914,12547,3,0,191.273,0
3,6915,12555,3,0,169.51300000000001,0
3,6916,12563,3,0,188.982,0
3,6917,12571,3,0,182.107,0
3,6918,12579,3,0,171.72800000000001,0
3,6919,12587,3,0,144.23599999999999,0
3,6920,12595,3,0,168.60599999999999,0
3,6921,12603,3,0,164.292,0
3,6922,12611,3,0,154.78,0
3,6923,12619,3,0,174.28800000000001,0
3,6924,12627,3,0,167.41399999999999,0
3,6925,12635,3,0,205.37799999999999,0
3,6926,12643,3,0,172.30799999999999,0
3,6927,12651,3,0,180.79499999999999,0
3,6928,12659,3,0,185.96299999999999,0
3,6929,12667,3,0,129.24700000000001,0
3,6930,12675,3,0,169.30799999999999,0
3,6931,12683,3,0,158.226,0
3,6932,12691,3,0,199.16999999999999,0
3,6933,12699,3,0,186.59999999999999,0
3,6934,12707,3,0,181.82900000000001,0
3,6935,12715,3,0,187.72499999999999,0
3,6936,12723,3,0,194.387,0
3,6937,12731,3,0,206.39699999999999,0
3,6938,12739,3,0,206.113,0
3,6939,12747,3,0,189.23400000000001,0
3,6940,12755,3,0,166.70099999999999,0
3,6941,12763,3,0,175.001,0
3,6942,12771,3,0,175.37,0
3,6943,12779,3,0,144.547,0
3,6944,12787,3,0,145.12,0
3,6945,12795,3,0,137.10900000000001,0
3,6946,12803,3,0,192.76499999999999,0
3,6947,12811,3,0,190.46100000000001,0
3,6948,12819,3,0,198.114,0
3,6949,12827,3,0,206.69,0
3,6950,12835,3,0,170.857,0
3,6951,12843,3,0,187.66900000000001,0
3,6952,12851,3,0,199.423,0
3,6953,12859,3,0,187.31999999999999,0
3,6954,12867,3,0,170.52799999999999,0
3,6955,12875,3,0,182.75,0
3,6956,12883,3,0,193.25800000000001,0
3,6957,12891,3,0,181.101,0
3,6958,12899,3,0,178.22999999999999,0
3,6959,12907,3,0,169.78399999999999,0
3,6960,12915,3,0,163.453,0
3,6961,12923,3,0,181.18000000000001,0
3,6962,12931,3,0,168.89500000000001,0
3,6963,12939,3,0,179.55000000000001,0
3,6964,12947,3,0,137.99100000000001,0
3,6965,12955,3,0,179.626,0
3,6966,12963,3,0,211.72,0
3,6967,12971,3,0,187.32300000000001,0
3,6968,12979,3,0,196.68000000000001,0
3,6969,12987,3,0,186.291,0
3,6970,12995,3,0,188.631,0
3,6971,13003,3,0,193.49100000000001,0
3,6972,13011,3,0,200.29499999999999,0
3,6973,13019,3,0,175.417,0
3,6974,13027,3,0,190.55099999999999,0
3,6975,13035,3,0,153.83799999999999,0
3,6976,13043,3,0,194.92599999999999,0
3,6977,13051,3,0,186.69,0
3,6978,13059,3,0,198.44300000000001,0
3,6979,13067,3,0,148.30600000000001,0
3,6980,13075,3,0,185.298,0
3,6981,13083,3,0,155.18799999999999,0
3,6982,13091,3,0,144.715,0
3,6983,13099,3,0,173.45599999999999,0
3,6984,13107,3,0,168.59800000000001,0
3,6985,13115,3,0,137.75,0
3,6986,13123,3,0,148.55500000000001,0
3,6987,13131,3,0,193.267,0
3,6988,13139,3,0,166.77000000000001,0
3,6989,13147,3,0,155.89500000000001,0
3,6990,13155,3,0,147.107,0
3,6991,13163,3,0,188.64500000000001,0
3,6992,13171,3,0,171.196,0
3,6993,13179,3,0,168.291,0
3,6994,13187,3,0,159.54300000000001,0
3,6995,13195,3,0,197.40600000000001,0
3,6996,13203,3,0,129.16399999999999,0
3,6997,13211,3,0,176.46700000000001,0
3,6998,13219,3,0,181.15000000000001,0
3,6999,13227,3,0,182.40799999999999,0
3,7000,13235,3,0,173.44,0
3,7001,13243,3,0,193.679,0
3,7002,13251,3,0,198.79499999999999,0
3,7003,13259,3,0,142.99299999999999,0
3,7004,13267,3,0,172.36199999999999,0
3,7005,13275,3,0,165.27799999999999,0
3,7006,13283,3,0,198.33099999999999,0
3,7007,13291,3,0,167.86199999999999,0
3,7008,13299,3,0,185.251,0
3,7009,13307,3,0,169.64400000000001,0
3,7010,13315,3,0,164.87,0
3,7011,13323,3,0,178.48699999999999,0
3,7012,13331,3,0,182.06200000000001,0
3,7013,13339,3,0,140.315,0
3,7014,13347,3,0,185.375,0
3,7015,13355,3,0,164.13200000000001,0
3,7016,13363,3,0,177.73400000000001,0
3,7017,13371,3,0,181.27000000000001,0
3,7018,13379,3,0,168.922,0
3,7019,13387,3,0,188.994,0
3,7020,13395,3,0,161.25999999999999,0
3,7021,13403,3,0,194.49299999999999,0
3,7022,13411,3,0,156.60900000000001,0
3,7023,13419,3,0,178.08799999999999,0
3,7024,13427,3,0,198.042,0
3,7025,13435,3,0,191.22900000000001,0
3,7026,13443,3,0,160.28100000000001,0
3,7027,13451,3,0,160.25299999999999,0
3,7028,13459,3,0,148.48699999999999,0
3,7029,13467,3,0,156.929,0
3,7030,13475,3,0,173.15600000000001,0
3,7031,13483,3,0,182.399,0
3,7032,13491,3,0,158.51400000000001,0
3,7033,13499,3,0,184.346,0
3,7034,13507,3,0,174.76300000000001,0
3,7035,13515,3,0,194.898,0
3,7036,13523,3,0,199.904,0
3,7037,13531,3,0,161.37200000000001,0
3,7038,13539,3,0,169.34999999999999,0
3,7039,13547,3,0,164.78800000000001,0
3,7040,13555,3,0,184.39099999999999,0
3,7041,13563,3,0,176.88900000000001,0
3,7042,13571,3,0,193.08600000000001,0
3,7043,13579,3,0,157.01300000000001,0
3,7044,13587,3,0,181.99700000000001,0
3,7045,13595,3,0,190.96100000000001,0
3,7046,13603,3,0,181.51300000000001,0
3,7047,13611,3,0,187.101,0
3,7048,13619,3,0,155.74700000000001,0
3,7049,13627,3,0,177.96799999999999,0
3,7050,13635,3,0,191.34200000000001,0
3,7051,13643,3,0,183.614,0
3,7052,13651,3,0,188.92400000000001,0
3,7053,13659,3,0,180.30099999999999,0
3,7054,13667,3,0,176.904,0
3,7055,13675,3,0,189.524,0
3,7056,13683,3,0,171.381,0
3,7057,13691,3,0,201.416,0
3,7058,13699,3,0,182.15600000000001,0
3,7059,13707,3,0,168.37799999999999,0
3,7060,13715,3,0,131.51900000000001,0
3,7061,13723,3,0,141.89500000000001,0
3,7062,13731,3,0,189.70599999999999,0
3,7063,13739,3,0,195.40700000000001,0
3,7064,13747,3,0,150.148,0
3,7065,13755,3,0,177.459,0
3,7066,13763,3,0,164.85900000000001,0
3,7067,13771,3,0,182.29400000000001,0
3,7068,13779,3,0,174.03999999999999,0
3,7069,13787,3,0,196.22300000000001,0
3,7070,13795,3,0,137.417,0
3,7071,13803,3,0,193.65799999999999,0
3,7072,13811,3,0,178.45599999999999,0
3,7073,13819,3,0,205.482,0
3,7074,13827,3,0,185.64500000000001,0
3,7075,13835,3,0,167.69900000000001,0
3,7076,13843,3,0,225.96899999999999,0
3,7077,13851,3,0,212.749,0
3,7078,13859,3,0,178.72999999999999,0
3,7079,13867,3,0,187.09700000000001,0
3,7080,13875,3,0,186.66399999999999,0
3,7081,13883,3,0,177.37,0
3,7082,13891,3,0,180.96700000000001,0
3,7083,13899,3,0,143.976,0
3,7084,13907,3,0,178.89599999999999,0
3,7085,13915,3,0,187.315,0
3,7086,13923,3,0,167.56100000000001,0
3,7087,13931,3,0,209.58799999999999,0
3,7088,13939,3,0,175.83199999999999,0
3,7089,13947,3,0,185.55099999999999,0
3,7090,13955,3,0,174.77600000000001,0
3,7091,13963,3,0,194.93299999999999,0
3,7092,13971,3,0,169.02000000000001,0
3,7093,13979,3,0,182.61699999999999,0
3,7094,13987,3,0,163.41900000000001,0
3,7095,13995,3,0,166.917,0
3,7096,14003,3,0,179.517,0
3,7097,14011,3,0,162.697,0
3,7098,14019,3,0,182.22300000000001,0
3,7099,14027,3,0,185.25399999999999,0
3,7100,14035,3,0,193.42400000000001,0
3,7101,14043,3,0,178.751,0
3,7102,14051,3,0,183.714,0
3,7103,14059,3,0,160.042,0
3,7104,14067,3,0,200.821,0
3,7105,14075,3,0,160.25700000000001,0
3,7106,14083,3,0,167.982,0
3,7107,14091,3,0,201.41499999999999,0
3,7108,14099,3,0,154.68700000000001,0
3,7109,14107,3,0,144.82900000000001,0
3,7110,14115,3,0,163.51400000000001,0
3,7111,14123,3,0,152.66999999999999,0
3,7112,14131,3,0,144.90199999999999,0
3,7113,14139,3,0,188.28999999999999,0
3,7114,14147,3,0,165.63999999999999,0
3,7115,14155,3,0,187.81299999999999,0
3,7116,14163,3,0,184.91399999999999,0
3,7117,14171,3,0,169.25200000000001,0
3,7118,14179,3,0,127.50700000000001,0
3,7119,14187,3,0,171.38800000000001,0
3,7120,14195,3,0,155.87299999999999,0
3,7121,14203,3,0,174.369,0
3,7122,14211,3,0,123.346,0
3,7123,14219,3,0,121.68000000000001,0
3,7124,14227,3,0,135.40700000000001,0
3,7125,14235,3,0,181.066,0
3,7126,14243,3,0,206.65799999999999,0
3,7127,14251,3,0,167.392,0
4,0,4,0,0,178.202,0
4,1,12,0,0,136.63900000000001,0
4,2,20,0,0,126.544,0
4,3,28,0,0,165.435,0
4,4,36,0,0,175.50299999999999,0
4,5,44,0,0,189.13,0
4,6,52,0,0,185.10599999999999,0
4,7,60,0,0,140.54499999999999,0
4,8,68,0,0,184.203,0
4,9,76,0,0,176.02000000000001,0
4,10,84,0,0,132.029,0
4,11,92,0,0,142.935,0
4,12,100,0,0,189.673,0
4,13,108,0,0,185.00700000000001,0
4,14,116,0,0,194.44900000000001,0
4,15,124,0,0,174.73500000000001,0
4,16,132,0,0,168.59200000000001,0
4,17,140,0,0,166.60400000000001,0
4,18,148,0,0,185.529,0
4,19,156,0,0,179.78800000000001,0
4,20,164,0,0,197.88800000000001,0
4,21,172,0,0,192.82599999999999,0
4,22,180,0,0,166.18600000000001,0
4,23,188,0,0,179.30699999999999,0
4,24,196,0,0,175.71000000000001,0
4,25,204,0,0,177.233,0
4,26,212,0,0,155.809,0
4,27,220,0,0,182.17099999999999,0
4,28,228,0,0,156.36500000000001,0
4,29,236,0,0,179.065,0
4,30,244,0,0,178.47399999999999,0
4,31,252,0,0,203.642,0
4,32,260,0,0,172.24600000000001,0
4,33,268,0,0,172.435,0
4,34,276,0,0,154.54400000000001,0
4,35,284,0,0,188.46799999999999,0
4,36,292,0,0,194.61799999999999,0
4,37,300,0,0,189.51599999999999,0
4,38,308,0,0,200.21799999999999,0
4,39,316,0,0,194.28700000000001,0
4,40,324,0,0,195.11099999999999,0
4,41,332,0,0,189.42699999999999,0
4,42,340,0,0,190.483,0
4,43,348,0,0,151.74799999999999,0
4,44,356,0,0,161.315,0
4,45,364,0,0,181.41499999999999,0
4,46,372,0,0,166.44800000000001,0
4,47,380,0,0,125.14,0
4,48,388,0,0,174.25399999999999,0
4,49,396,0,0,174.45500000000001,0
4,50,404,0,0,141.994,0
4,51,412,0,0,185.47499999999999,0
4,52,420,0,0,173.84800000000001,0
4,53,428,0,0,184.77099999999999,0
4,54,436,0,0,144.68899999999999,0
4,55,444,0,0,191.316,0
4,56,452,0,0,126.539,0
4,57,460,0,0,194.00200000000001,0
4,58,468,0,0,152.405,0
4,59,476,0,0,194.691,0
4,60,484,0,0,196.31200000000001,0
4,61,492,0,0,193.53299999999999,0
4,62,500,0,0,195.73599999999999,0
4,63,508,0,0,164.33600000000001,0
4,64,516,0,0,210.077,0
4,65,524,0,0,176.51400000000001,0
4,66,532,0,0,165.78,0
4,67,540,0,0,175.047,0
4,68,548,0,0,191.74299999999999,0
4,69,556,0,0,147.631,0
4,70,564,0,0,170.249,0
4,71,572,0,0,152.20500000000001,0
4,72,580,0,0,193.244,0
4,73,588,0,0,164.35499999999999,0
4,74,596,0,0,193.637,0
4,75,604,0,0,152.53399999999999,0
4,76,612,0,0,182.41800000000001,0
4,77,620,0,0,177.285,0
4,78,628,0,0,202.149,0
4,79,636,0,0,158.672,0
4,80,644,0,0,154.66300000000001,0
4,81,652,0,0,184.08600000000001,0
4,82,660,0,0,182.25399999999999,0
4,83,668,0,0,155.94,0
4,84,676,0,0,170.91800000000001,0
4,85,684,0,0,177.26400000000001,0
4,86,692,0,0,205.96100000000001,0
4,87,700,0,0,168.04300000000001,0
4,88,708,0,0,189.31899999999999,0
4,89,716,0,0,199.387,0
4,90,724,0,0,172.85400000000001,0
4,91,732,0,0,158.96899999999999,0
4,92,740,0,0,206.63900000000001,0
4,93,748,0,0,177.78,0
4,94,756,0,0,161.851,0
4,95,764,0,0,164.61500000000001,0
4,96,772,0,0,177.768,0
4,97,780,0,0,111.129,0
4,98,788,0,0,205.44999999999999,0
4,99,796,0,0,167.393,0
4,100,804,0,0,175.00299999999999,0
4,101,812,0,0,185.113,0
4,102,820,0,0,172.97200000000001,0
4,103,828,0,0,178.08099999999999,0
4,104,836,0,0,178.05699999999999,0
4,105,844,0,0,190.273,0
4,106,852,0,0,177.642,0
4,107,860,0,0,184.96899999999999,0
4,108,868,0,0,158.459,0
4,109,876,0,0,195.536,0
4,110,884,0,0,140.58099999999999,0
4,111,892,0,0,183.46199999999999,0
4,112,900,0,0,172.822,0
4,113,908,0,0,191.161,0
4,114,916,0,0,191.62799999999999,0
4,115,924,0,0,167.88800000000001,0
4,116,932,0,0,184.25700000000001,0
4,117,940,0,0,176.68899999999999,0
4,118,948,0,0,154.06999999999999,0
4,119,956,0,0,187.12200000000001,0
4,120,964,0,0,175.726,0
4,121,972,0,0,155.76300000000001,0
4,122,980,0,0,209.30099999999999,0
4,123,988,0,0,170.20699999999999,0
4,124,996,0,0,168.655,0
4,125,1004,0,0,158.678,0
4,126,1012,0,0,184.042,0
4,127,1020,0,0,135.08099999999999,0
4,128,1028,0,0,183.93600000000001,0
4,129,1036,0,0,156.62100000000001,0
4,130,1044,0,0,174.70699999999999,0
4,131,1052,0,0,115.285,0
4,132,1060,0,0,187.78,0
4,133,1068,0,0,153.88399999999999,0
4,134,1076,0,0,189.797,0
4,135,1084,0,0,194.87200000000001,0
4,136,1092,0,0,186.089,0
4,137,1100,0,0,178.84700000000001,0
4,138,1108,0,0,128.78999999999999,0
4,139,1116,0,0,195.16200000000001,0
4,140,1124,0,0,194.54499999999999,0
4,141,1132,0,0,163.30000000000001,0
4,142,1140,0,0,177.13499999999999,0
4,143,1148,0,0,141.363,0
4,144,1156,0,0,146.941,0
4,145,1164,0,0,150.36600000000001,0
4,146,1172,0,0,177.10900000000001,0
4,147,1180,0,0,168.73699999999999,0
4,148,1188,0,0,187.56399999999999,0
4,149,1196,0,0,199.387,0
4,150,1204,0,0,153.834,0
4,151,1212,0,0,136.70699999999999,0
4,152,1220,0,0,165.249,0
4,153,1228,0,0,145.68600000000001,0
4,154,1236,0,0,173.86799999999999,0
4,155,1244,0,0,203.434,0
4,156,1252,0,0,180.81800000000001,0
4,157,1260,0,0,196.47800000000001,0
4,158,1268,0,0,133.245,0
4,159,1276,0,0,190.208,0
4,160,1284,0,0,122.91800000000001,0
4,161,1292,0,0,195.59,0
4,162,1300,0,0,180.40299999999999,0
4,163,1308,0,0,185.39500000000001,0
4,164,1316,0,0,231.21700000000001,0
4,165,1324,0,0,188.57400000000001,0
4,166,1332,0,0,197.56200000000001,0
4,167,1340,0,0,153.14599999999999,0
4,168,1348,0,0,184.59999999999999,0
4,169,1356,0,0,193.291,0
4,170,1364,0,0,151.83600000000001,0
4,171,1372,0,0,156.94499999999999,0
4,172,1380,0,0,173.53899999999999,0
4,173,1388,0,0,148.809,0
4,174,1396,0,0,192.92599999999999,0
4,175,1404,0,0,151.96299999999999,0
4,176,1412,0,0,208.602,0
4,177,1420,0,0,173.69,0
4,178,1428,0,0,173.27000000000001,0
4,179,1436,0,0,167.24799999999999,0
4,180,1444,0,0,200.905,0
4,181,1452,0,0,165.84700000000001,0
4,182,1460,0,0,179.56100000000001,0
4,183,1468,0,0,149.69499999999999,0
4,184,1476,0,0,190.999,0
4,185,1484,0,0,177.51599999999999,0
4,186,1492,0,0,156.85400000000001,0
4,187,1500,0,0,167.28100000000001,0
4,188,1508,0,0,187.535,0
4,189,1516,0,0,173.83000000000001,0
4,190,1524,0,0,173.35400000000001,0
4,191,1532,0,0,143.613,0
4,192,1540,0,0,181.26599999999999,0
4,193,1548,0,0,156.584,0
4,194,1556,0,0,185.66200000000001,0
4,195,1564,0,0,170.90700000000001,0
4,196,1572,0,0,181.96899999999999,0
4,197,1580,0,0,150.06899999999999,0
4,198,1588,0,0,132.369,0
4,199,1596,0,0,192.16900000000001,0
4,200,1604,0,0,169.88399999999999,0
4,201,1612,0,0,129.56700000000001,0
4,202,1620,0,0,174.256,0
4,203,1628,0,0,167.78,0
4,204,1636,0,0,126.108,0
4,205,1644,0,0,192.36699999999999,0
4,206,1652,0,0,160.352,0
4,207,1660,0,0,180.11600000000001,0
4,208,1668,0,0,165.839,0
4,209,1676,0,0,172.071,0
4,210,1684,0,0,178.83000000000001,0
4,211,1692,0,0,183.60300000000001,0
4,212,1700,0,0,172.935,0
4,213,1708,0,0,146.42400000000001,0
4,214,1716,0,0,184.91,0
4,215,1724,0,0,170.21899999999999,0
4,216,1732,0,0,167.06100000000001,0
4,217,1740,0,0,155.95699999999999,0
4,218,1748,0,0,181.59,0
4,219,1756,0,0,175.87700000000001,0
4,220,1764,0,0,188.87899999999999,0
4,221,1772,0,0,187.53,0
4,222,1780,0,0,175.886,0
4,223,1788,0,0,183.011,0
4,224,1796,0,0,191.404,0
4,225,1804,0,0,167.529,0
4,226,1812,0,0,153.44300000000001,0
4,227,1820,0,0,191.11500000000001,0
4,228,1828,0,0,165.44999999999999,0
4,229,1836,0,0,182.10499999999999,0
4,230,1844,0,0,189.988,0
4,231,1852,0,0,184.05099999999999,0
4,232,1860,0,0,150.18700000000001,0
4,233,1868,0,0,171.68199999999999,0
4,234,1876,0,0,202.255,0
4,235,1884,0,0,202.197,0
4,236,1892,0,0,186.44200000000001,0
4,237,1900,0,0,185.59999999999999,0
4,238,1908,0,0,187.56200000000001,0
4,239,1916,0,0,190.327,0
4,240,1924,0,0,180.27799999999999,0
4,241,1932,0,0,180.24000000000001,0
4,242,1940,0,0,142.31899999999999,0
4,243,1948,0,0,189.499,0
4,244,1956,0,0,136.55099999999999,0
4,245,1964,0,0,160.37299999999999,0
4,246,1972,0,0,177.12700000000001,0
4,247,1980,0,0,192.364,0
4,248,1988,0,0,183.297,0
4,249,1996,0,0,231.85499999999999,0
4,250,2004,0,0,198.04900000000001,0
4,251,2012,0,0,185.15000000000001,0
4,252,2020,0,0,173.24100000000001,0
4,253,2028,0,0,187.82499999999999,0
4,254,2036,0,0,165.191,0
4,255,2044,0,0,185.803,0
4,256,2052,0,0,155.93000000000001,0
4,257,2060,0,0,186.58799999999999,0
4,258,2068,0,0,177.36799999999999,0
4,259,2076,0,0,206.114,0
4,260,2084,0,0,124.238,0
4,261,2092,0,0,161.696,0
4,262,2100,0,0,181.17500000000001,0
4,263,2108,0,0,190.23599999999999,0
4,264,2116,0,0,215.91499999999999,0
4,265,2124,0,0,152.08799999999999,0
4,266,2132,0,0,185.91800000000001,0
4,267,2140,0,0,186.958,0
4,268,2148,0,0,185.25,0
4,269,2156,0,0,198.05099999999999,0
4,270,2164,0,0,184.381,0
4,271,2172,0,0,184.18700000000001,0
4,272,2180,0,0,170.42599999999999,0
4,273,2188,0,0,194.79400000000001,0
4,274,2196,0,0,165.696,0
4,275,2204,0,0,195.09399999999999,0
4,276,2212,0,0,187.74299999999999,0
4,277,2220,0,0,159.99600000000001,0
4,278,2228,0,0,163.81399999999999,0
4,279,2236,0,0,161.20500000000001,0
4,280,2244,0,0,183.898,0
4,281,2252,0,0,178.22900000000001,0
4,282,2260,0,0,164.773,0
4,283,2268,0,0,135.875,0
4,284,2276,0,0,167.596,0
4,285,2284,0,0,173.494,0
4,286,2292,0,0,188.65199999999999,0
4,287,2300,0,0,190.161,0
4,288,2308,0,0,139.499,0
4,289,2316,0,0,191.72300000000001,0
4,290,2324,0,0,169.624,0
4,291,2332,0,0,200.03200000000001,0
4,292,2340,0,0,172.51499999999999,0
4,293,2348,0,0,193.61799999999999,0
4,294,2356,0,0,172.20400000000001,0
4,295,2364,0,0,174.39400000000001,0
4,296,2372,0,0,190.77000000000001,0
4,297,2380,0,0,219.09899999999999,0
4,298,2388,0,0,177.959,0
4,299,2396,0,0,175.87,0
4,300,2404,0,0,175.40000000000001,0
4,301,2412,0,0,199.61500000000001,0
4,302,2420,0,0,173.566,0
4,303,2428,0,0,138.78899999999999,0
4,304,2436,0,0,175.458,0
4,305,2444,0,0,185.26900000000001,0
4,306,2452,0,0,158.30600000000001,0
4,307,2460,0,0,170.375,0
4,308,2468,0,0,170.42699999999999,0
4,309,2476,0,0,170.92699999999999,0
4,310,2484,0,0,197.67099999999999,0
4,311,2492,0,0,167.73400000000001,0
4,312,2500,0,0,184.58699999999999,0
4,313,2508,0,0,188.18299999999999,0
4,314,2516,0,0,117.527,0
4,315,2524,0,0,164.267,0
4,316,2532,0,0,179.739,0
4,317,2540,0,0,189.52500000000001,0
4,318,2548,0,0,188.24799999999999,0
4,319,2556,0,0,190.78700000000001,0
4,320,2564,0,0,174.541,0
4,321,2572,0,0,177.90600000000001,0
4,322,2580,0,0,149.101,0
4,323,2588,0,0,182.642,0
4,324,2596,0,0,138.33000000000001,0
4,325,2604,0,0,151.50899999999999,0
4,326,2612,0,0,181.273,0
4,327,2620,0,0,170.18899999999999,0
4,328,2628,0,0,195.255,0
4,329,2636,0,0,188.52500000000001,0
4,330,2644,0,0,201.14400000000001,0
4,331,2652,0,0,168.22499999999999,0
4,332,2660,0,0,156.57900000000001,0
4,333,2668,0,0,174.44399999999999,0
4,334,2676,0,0,180.155,0
4,335,2684,0,0,190.46299999999999,0
4,336,2692,0,0,166.65799999999999,0
4,337,2700,0,0,187.03700000000001,0
4,338,2708,0,0,147.66800000000001,0
4,339,2716,0,0,169.78,0
4,340,2724,0,0,186.74100000000001,0
4,341,2732,0,0,151.74799999999999,0
4,342,2740,0,0,170.244,0
4,343,2748,0,0,123.622,0
4,344,2756,0,0,172.90000000000001,0
4,345,2764,0,0,186.52000000000001,0
4,346,2772,0,0,158.31299999999999,0
4,347,2780,0,0,192.773,0
4,348,2788,0,0,158.786,0
4,349,2796,0,0,184.34700000000001,0
4,350,2804,0,0,138.023,0
4,351,2812,0,0,134.11600000000001,0
4,352,2820,0,0,180.83000000000001,0
4,353,2828,0,0,157.93899999999999,0
4,354,2836,0,0,197.68899999999999,0
4,355,2844,0,0,166.084,0
4,356,2852,0,0,185.78399999999999,0
4,357,2860,0,0,190.964,0
4,358,2868,0,0,176.755,0
4,359,2876,0,0,186.64500000000001,0
4,360,2884,0,0,202.173,0
4,361,2892,0,0,167.02199999999999,0
4,362,2900,0,0,174.24299999999999,0
4,363,2908,0,0,153.64099999999999,0
4,364,2916,0,0,157.43899999999999,0
4,365,2924,0,0,187.471,0
4,366,2932,0,0,166.93000000000001,0
4,367,2940,0,0,183.31399999999999,0
4,368,2948,0,0,194.048,0
4,369,2956,0,0,185.06700000000001,0
4,370,2964,0,0,196.33500000000001,0
4,371,2972,0,0,186.00999999999999,0
4,372,2980,0,0,191.39400000000001,0
4,373,2988,0,0,179.578,0
4,374,2996,0,0,133.874,0
4,375,3004,0,0,146.477,0
4,376,3012,0,0,189.476,0
4,377,3020,0,0,154.12,0
4,378,3028,0,0,172.702,0
4,379,3036,0,0,166.00700000000001,0
4,380,3044,0,0,154.57900000000001,0
4,381,3052,0,0,184.77199999999999,0
4,382,3060,0,0,180.352,0
4,383,3068,0,0,191.06399999999999,0
4,384,3076,0,0,200.00399999999999,0
4,385,3084,0,0,183.13399999999999,0
4,386,3092,0,0,202.09899999999999,0
4,387,3100,0,0,133.72,0
4,388,3108,0,0,166.88,0
4,389,3116,0,0,169.16900000000001,0
4,390,3124,0,0,178.89099999999999,0
4,391,3132,0,0,184.38900000000001,0
4,392,3140,0,0,194.36500000000001,0
4,393,3148,0,0,188.928,0
4,394,3156,0,0,176.27099999999999,0
4,395,3164,0,0,183.066,0
4,396,3172,0,0,195.38399999999999,0
4,397,3180,0,0,190.47999999999999,0
4,398,3188,0,0,172.566,0
4,399,3196,0,0,150.96799999999999,0
4,400,3204,0,0,160.572,0
4,401,3212,0,0,186.191,0
4,402,3220,0,0,187.98699999999999,0
4,403,3228,0,0,194.583,0
4,404,3236,0,0,201.256,0
4,405,3244,0,0,177.965,0
4,406,3252,0,0,193.70500000000001,0
4,407,3260,0,0,146.95400000000001,0
4,408,3268,0,0,171.178,0
4,409,3276,0,0,126.91500000000001,0
4,410,3284,0,0,137.72399999999999,0
4,411,3292,0,0,177.20500000000001,0
4,412,3300,0,0,193.006,0
4,413,3308,0,0,158.489,0
4,414,3316,0,0,155.43799999999999,0
4,415,3324,0,0,164.23500000000001,0
4,416,3332,0,0,185.821,0
4,417,3340,0,0,179.374,0
4,418,3348,0,0,180.798,0
4,419,3356,0,0,204.83699999999999,0
4,420,3364,0,0,168.98500000000001,0
4,421,3372,0,0,139.291,0
4,422,3380,0,0,164.02600000000001,0
4,423,3388,0,0,180.613,0
4,424,3396,0,0,190.19800000000001,0
4,425,3404,0,0,140.66200000000001,0
4,426,3412,0,0,167.46199999999999,0
4,427,3420,0,0,155.77000000000001,0
4,428,3428,0,0,211.47499999999999,0
4,429,3436,0,0,158.357,0
4,430,3444,0,0,175.93799999999999,0
4,431,3452,0,0,193.279,0
4,432,3460,0,0,155.85900000000001,0
4,433,3468,0,0,180.83799999999999,0
4,434,3476,0,0,174.54300000000001,0
4,435,3484,0,0,142.62200000000001,0
4,436,3492,0,0,170.655,0
4,437,3500,0,0,148.624,0
4,438,3508,0,0,133.345,0
4,439,3516,0,0,207.36199999999999,0
4,440,3524,0,0,156.75999999999999,0
4,441,3532,0,0,145.41200000000001,0
4,442,3540,0,0,202.595,0
4,443,3548,0,0,159.40899999999999,0
4,444,3556,0,0,150.10499999999999,0
4,445,3564,0,0,155.97800000000001,0
4,446,3572,0,0,183.78200000000001,0
4,447,3580,0,0,169.19300000000001,0
4,448,3588,0,0,179.38,0
4,449,3596,0,0,184.30000000000001,0
4,450,3604,0,0,195.39099999999999,0
4,451,3612,0,0,177.56800000000001,0
4,452,3620,0,0,167.51300000000001,0
4,453,3628,0,0,153.87799999999999,0
4,454,3636,0,0,145.458,0
4,455,3644,0,0,198.19,0
4,456,3652,0,0,193.53100000000001,0
4,457,3660,0,0,169.02000000000001,0
4,458,3668,0,0,195.87299999999999,0
4,459,3676,0,0,187.238,0
4,460,3684,0,0,162.798,0
4,461,3692,0,0,176.648,0
4,462,3700,0,0,173.92599999999999,0
4,463,3708,0,0,139.77199999999999,0
4,464,3716,0,0,180.66,0
4,465,3724,0,0,173.31999999999999,0
4,466,3732,0,0,193.786,0
4,467,3740,0,0,202.02500000000001,0
4,468,3748,0,0,176.102,0
4,469,3756,0,0,164.506,0
4,470,3764,0,0,182.756,0
4,471,3772,0,0,185.423,0
4,472,3780,0,0,171.404,0
4,473,3788,0,0,170.22,0
4,474,3796,0,0,172.65299999999999,0
4,475,3804,0,0,185.65000000000001,0
4,476,3812,0,0,182.614,0
4,477,3820,0,0,182.71100000000001,0
4,478,3828,0,0,174.244,0
4,479,3836,0,0,167.178,0
4,480,3844,0,0,134.75399999999999,0
4,481,3852,0,0,200.637,0
4,482,3860,0,0,147.64699999999999,0
4,483,3868,0,0,154.89400000000001,0
4,484,3876,0,0,177.26300000000001,0
4,485,3884,0,0,180.56800000000001,0
4,486,3892,0,0,175.69800000000001,0
4,487,3900,0,0,186.905,0
4,488,3908,0,0,164.673,0
4,489,3916,0,0,127.95,0
4,490,3924,0,0,198.12,0
4,491,3932,0,0,148.26599999999999,0
4,492,3940,0,0,165.18799999999999,0
4,493,3948,0,0,186.13399999999999,0
4,494,3956,0,0,181.214,0
4,495,3964,0,0,152.99000000000001,0
4,496,3972,0,0,147.38399999999999,0
4,497,3980,0,0,190.602,0
4,498,3988,0,0,171.08199999999999,0
4,499,3996,0,0,183.53299999999999,0
4,500,4004,0,0,193.54400000000001,0
4,501,4012,0,0,198.751,0
4,502,4020,0,0,183.101,0
4,503,4028,0,0,190.261,0
4,504,4036,0,0,174.345,0
4,505,4044,0,0,167.80000000000001,0
4,506,4052,0,0,168.07900000000001,0
4,507,4060,0,0,173.99700000000001,0
4,508,4068,0,0,140.01300000000001,0
4,509,4076,0,0,137.661,0
4,510,4084,0,0,157.05199999999999,0
4,511,4092,0,0,158.11500000000001,0
4,512,4100,0,0,175.697,0
4,513,4108,0,0,176.01400000000001,0
4,514,4116,0,0,173.67500000000001,0
4,515,4124,0,0,213.34399999999999,0
4,516,4132,0,0,164.13800000000001,0
4,517,4140,0,0,166.261,0
4,518,4148,0,0,183.54900000000001,0
4,519,4156,0,0,175.761,0
4,520,4164,0,0,218.959,0
4,521,4172,0,0,200.608,0
4,522,4180,0,0,206.78299999999999,0
4,523,4188,0,0,206.18100000000001,0
4,524,4196,0,0,165.12299999999999,0
4,525,4204,0,0,157.68899999999999,0
4,526,4212,0,0,177.35900000000001,0
4,527,4220,0,0,174.92500000000001,0
4,528,4228,0,0,175.55699999999999,0
4,529,4236,0,0,182.13900000000001,0
4,530,4244,0,0,179.667,0
4,531,4252,0,0,132.357,0
4,532,4260,0,0,163.40899999999999,0
4,533,4268,0,0,181.83099999999999,0
4,534,4276,0,0,208.90000000000001,0
4,535,4284,0,0,138.441,0
4,536,4292,0,0,158.31700000000001,0
4,537,4300,0,0,181.42500000000001,0
4,538,4308,0,0,153.97399999999999,0
4,539,4316,0,0,178.78,0
4,540,4324,0,0,175.273,0
4,541,4332,0,0,172.34700000000001,0
4,542,4340,0,0,175.96600000000001,0
4,543,4348,0,0,196.124,0
4,544,4356,0,0,168.071,0
4,545,4364,0,0,184.44800000000001,0
4,546,4372,0,0,140.54599999999999,0
4,547,4380,0,0,121.08799999999999,0
4,548,4388,0,0,154.06299999999999,0
4,549,4396,0,0,177.53100000000001,0
4,550,4404,0,0,181.66200000000001,0
4,551,4412,0,0,176.023,0
4,552,4420,0,0,185.96100000000001,0
4,553,4428,0,0,188.15600000000001,0
4,554,4436,0,0,160.31299999999999,0
4,555,4444,0,0,165.98699999999999,0
4,556,4452,0,0,174.67599999999999,0
4,557,4460,0,0,139.506,0
4,558,4468,0,0,184.209,0
4,559,4476,0,0,192.28999999999999,0
4,560,4484,0,0,187.19800000000001,0
4,561,4492,0,0,173.714,0
4,562,4500,0,0,187.49199999999999,0
4,563,4508,0,0,163.762,0
4,564,4516,0,0,171.12200000000001,0
4,565,4524,0,0,169.47200000000001,0
4,566,4532,0,0,175.31999999999999,0
4,567,4540,0,0,143.34299999999999,0
4,568,4548,0,0,200.24700000000001,0
4,569,4556,0,0,197.09700000000001,0
4,570,4564,0,0,139.50399999999999,0
4,571,4572,0,0,180.95400000000001,0
4,572,4580,0,0,181.47900000000001,0
4,573,4588,0,0,138.56399999999999,0
4,574,4596,0,0,201.56200000000001,0
4,575,4604,0,0,146.876,0
4,576,4612,0,0,150.81700000000001,0
4,577,4620,0,0,173.166,0
4,578,4628,0,0,190.92599999999999,0
4,579,4636,0,0,204.74000000000001,0
4,580,4644,0,0,173.857,0
4,581,4652,0,0,172.00800000000001,0
4,582,4660,0,0,181.56299999999999,0
4,583,4668,0,0,176.91399999999999,0
4,584,4676,0,0,120.343,0
4,585,4684,0,0,176.25200000000001,0
4,586,4692,0,0,173.09899999999999,0
4,587,4700,0,0,173.18100000000001,0
4,588,4708,0,0,201.89699999999999,0
4,589,4716,0,0,182.292,0
4,590,4724,0,0,184.232,0
4,591,4732,0,0,167.059,0
4,592,4740,0,0,170.625,0
4,593,4748,0,0,180.99100000000001,0
4,594,4756,0,0,153.006,0
4,595,4764,0,0,186.06999999999999,0
4,596,4772,0,0,190.50999999999999,0
4,597,4780,0,0,195.196,0
4,598,4788,0,0,194.19999999999999,0
4,599,4796,0,0,192.37200000000001,0
4,600,4804,0,0,187.56999999999999,0
4,601,4812,0,0,165.60499999999999,0
4,602,4820,0,0,173.01599999999999,0
4,603,4828,0,0,182.488,0
4,604,4836,0,0,198.13800000000001,0
4,605,4844,0,0,201.69800000000001,0
4,606,4852,0,0,207.67599999999999,0
4,607,4860,0,0,201.92599999999999,0
4,608,4868,0,0,187.24000000000001,0
4,609,4876,0,0,184.82400000000001,0
4,610,4884,0,0,169.38499999999999,0
4,611,4892,0,0,194.43199999999999,0
4,612,4900,0,0,141.245,0
4,613,4908,0,0,153.761,0
4,614,4916,0,0,214.40299999999999,0
4,615,4924,0,0,122.214,0
4,616,4932,0,0,144.006,0
4,617,4940,0,0,193.012,0
4,618,4948,0,0,175.90000000000001,0
4,619,4956,0,0,195.59100000000001,0
4,620,4964,0,0,170.89500000000001,0
4,621,4972,0,0,159.49100000000001,0
4,622,4980,0,0,183.83699999999999,0
4,623,4988,0,0,167.959,0
4,624,4996,0,0,174.339,0
4,625,5004,0,0,121.988,0
4,626,5012,0,0,185.94399999999999,0
4,627,5020,0,0,177.31700000000001,0
4,628,5028,0,0,143.983,0
4,629,5036,0,0,156.68899999999999,0
4,630,5044,0,0,207.04900000000001,0
4,631,5052,0,0,139.90600000000001,0
4,632,5060,0,0,172.33600000000001,0
4,633,5068,0,0,189.042,0
4,634,5076,0,0,154.11699999999999,0
4,635,5084,0,0,203.285,0
4,636,5092,0,0,179.09299999999999,0
4,637,5100,0,0,155.12100000000001,0
4,638,5108,0,0,180.06,0
4,639,5116,0,0,176.255,0
4,640,5124,0,0,165.233,0
4,641,5132,0,0,136.059,0
4,642,5140,0,0,189.11699999999999,0
4,643,5148,0,0,172.131,0
4,644,5156,0,0,189.20699999999999,0
4,645,5164,0,0,192.58199999999999,0
4,646,5172,0,0,133.94,0
4,647,5180,0,0,191.25,0
4,648,5188,0,0,202.44499999999999,0
4,649,5196,0,0,143.62100000000001,0
4,650,5204,0,0,132.51499999999999,0
4,651,5212,0,0,195.25299999999999,0
4,652,5220,0,0,189.22200000000001,0
4,653,5228,0,0,190.041,0
4,654,5236,0,0,198.03700000000001,0
4,655,5244,0,0,200.46100000000001,0
4,656,5252,0,0,210.80799999999999,0
4,657,5260,0,0,137.57300000000001,0
4,658,5268,0,0,201.59899999999999,0
4,659,5276,0,0,166.08600000000001,0
4,660,5284,0,0,188.387,0
4,661,5292,0,0,190.727,0
4,662,5300,0,0,147.20400000000001,0
4,663,5308,0,0,166.81700000000001,0
4,664,5316,0,0,147.75299999999999,0
4,665,5324,0,0,168.90100000000001,0
4,666,5332,0,0,209.33699999999999,0
4,667,5340,0,0,184.49100000000001,0
4,668,5348,0,0,140.495,0
4,669,5356,0,0,155.113,0
4,670,5364,0,0,188.58699999999999,0
4,671,5372,0,0,222.62,0
4,672,5380,0,0,204.369,0
4,673,5388,0,0,198.75899999999999,0
4,674,5396,0,0,184.059,0
4,675,5404,0,0,190.30199999999999,0
4,676,5412,0,0,204.745,0
4,677,5420,0,0,141.21799999999999,0
4,678,5428,0,0,144.83000000000001,0
4,679,5436,0,0,182.072,0
4,680,5444,0,0,170.45699999999999,0
4,681,5452,0,0,185.91499999999999,0
4,682,5460,0,0,181.90700000000001,0
4,683,5468,0,0,201.392,0
4,684,5476,0,0,187.601,0
4,685,5484,0,0,166.196,0
4,686,5492,0,0,164.58000000000001,0
4,687,5500,0,0,142.35900000000001,0
4,688,5508,0,0,192.852,0
4,689,5516,0,0,166.136,0
4,690,5524,0,0,185.69900000000001,0
4,691,5532,0,0,166.66900000000001,0
4,692,5540,0,0,150.715,0
4,693,5548,0,0,187.226,0
4,694,5556,0,0,191.011,0
4,695,5564,0,0,169.077,0
4,696,5572,0,0,162.36600000000001,0
4,697,5580,0,0,189.149,0
4,698,5588,0,0,197.922,0
4,699,5596,0,0,159.89400000000001,0
4,700,5604,0,0,199.54499999999999,0
4,701,5612,0,0,162.792,0
4,702,5620,0,0,177.67099999999999,0
4,703,5628,0,0,185.321,0
4,704,5636,0,0,186.35499999999999,0
4,705,5644,0,0,188.46000000000001,0
4,706,5652,0,0,189.27699999999999,0
4,707,5660,0,0,152.25,0
4,708,5668,0,0,145.11099999999999,0
4,709,5676,0,0,194.512,0
4,710,5684,0,0,115.848,0
4,711,5692,0,0,180.05600000000001,0
4,712,5700,0,0,161.125,0
4,713,5708,0,0,166.505,0
4,714,5716,0,0,178.11199999999999,0
4,715,5724,0,0,181.06800000000001,0
4,716,5732,0,0,221.18299999999999,0
4,717,5740,0,0,175.11500000000001,0
4,718,5748,0,0,166.95400000000001,0
4,719,5756,0,0,164.16499999999999,0
4,720,5764,0,0,198.02199999999999,0
4,721,5772,0,0,166.096,0
4,722,5780,0,0,164.655,0
4,723,5788,0,0,187.66499999999999,0
4,724,5796,0,0,178.21000000000001,0
4,725,5804,0,0,163.471,0
4,726,5812,0,0,184.63999999999999,0
4,727,5820,0,0,176.221,0
4,728,5828,0,0,172.26499999999999,0
4,729,5836,0,0,146.95400000000001,0
4,730,5844,0,0,178.613,0
4,731,5852,0,0,159.251,0
4,732,5860,0,0,187.52000000000001,0
4,733,5868,0,0,147.96700000000001,0
4,734,5876,0,0,168.62,0
4,735,5884,0,0,186.67599999999999,0
4,736,5892,0,0,187.893,0
4,737,5900,0,0,191.72499999999999,0
4,738,5908,0,0,149.452,0
4,739,5916,0,0,194.65100000000001,0
4,740,5924,0,0,190.70099999999999,0
4,741,5932,0,0,162.20699999999999,0
4,742,5940,0,0,172.583,0
4,743,5948,0,0,181.94800000000001,0
4,744,5956,0,0,170.42599999999999,0
4,745,5964,0,0,174.27799999999999,0
4,746,5972,0,0,210.93700000000001,0
4,747,5980,0,0,162.089,0
4,748,5988,0,0,190.083,0
4,749,5996,0,0,148.47900000000001,0
4,750,6004,0,0,175.95400000000001,0
4,751,6012,0,0,150.791,0
4,752,6020,0,0,151.08699999999999,0
4,753,6028,0,0,123.202,0
4,754,6036,0,0,141.322,0
4,755,6044,0,0,170.90199999999999,0
4,756,6052,0,0,135.37,0
4,757,6060,0,0,208.07400000000001,0
4,758,6068,0,0,182.87200000000001,0
4,759,6076,0,0,183.643,0
4,760,6084,0,0,173.17500000000001,0
4,761,6092,0,0,175.465,0
4,762,6100,0,0,150.95400000000001,0
4,763,6108,0,0,159.851,0
4,764,6116,0,0,154.22,0
4,765,6124,0,0,164.56999999999999,0
4,766,6132,0,0,197.66999999999999,0
4,767,6140,0,0,140.345,0
4,768,6148,0,0,160.27000000000001,0
4,769,6156,0,0,205.92099999999999,0
4,770,6164,0,0,176.61799999999999,0
4,771,6172,0,0,245.48699999999999,0
4,772,6180,0,0,162.83799999999999,0
4,773,6188,0,0,203.91300000000001,0
4,774,6196,0,0,194.31299999999999,0
4,775,6204,0,0,143.12299999999999,0
4,776,6212,0,0,189.78800000000001,0
4,777,6220,0,0,182.22300000000001,0
4,778,6228,0,0,184.25399999999999,0
4,779,6236,0,0,163.93700000000001,0
4,780,6244,0,0,168.02199999999999,0
4,781,6252,0,0,188.53800000000001,0
4,782,6260,0,0,191.26300000000001,0
4,783,6268,0,0,181.02600000000001,0
4,784,6276,0,0,164.41399999999999,0
4,785,6284,0,0,196.453,0
4,786,6292,0,0,141.11199999999999,0
4,787,6300,0,0,161.76900000000001,0
4,788,6308,0,0,171.477,0
4,789,6316,0,0,159.09700000000001,0
4,790,6324,0,0,192.05199999999999,0
4,791,6332,0,0,160.142,0
4,792,6340,0,0,162.84899999999999,0
4,793,6348,0,0,192.583,0
4,794,6356,0,0,181.042,0
4,795,6364,0,0,132.43100000000001,0
4,796,6372,0,0,140.322,0
4,797,6380,0,0,160.642,0
4,798,6388,0,0,134.44499999999999,0
4,799,6396,0,0,185.001,0
4,800,6404,0,0,171.93899999999999,0
4,801,6412,0,0,129.61000000000001,0
4,802,6420,0,0,196.56200000000001,0
4,803,6428,0,0,167.40299999999999,0
4,804,6436,0,0,175.62700000000001,0
4,805,6444,0,0,199.19900000000001,0
4,806,6452,0,0,183.49799999999999,0
4,807,6460,0,0,171.40000000000001,0
4,808,6468,0,0,199.684,0
4,809,6476,0,0,175.75399999999999,0
4,810,6484,0,0,205.64699999999999,0
4,811,6492,0,0,171.48699999999999,0
4,812,6500,0,0,180.92400000000001,0
4,813,6508,0,0,193.71100000000001,0
4,814,6516,0,0,196.39500000000001,0
4,815,6524,0,0,176.48400000000001,0
4,816,6532,0,0,167.82900000000001,0
4,817,6540,0,0,193.404,0
4,818,6548,0,0,180.67699999999999,0
4,819,6556,0,0,188.94499999999999,0
4,820,6564,0,0,190.74100000000001,0
4,821,6572,0,0,195.851,0
4,822,6580,0,0,182.798,0
4,823,6588,0,0,190.93600000000001,0
4,824,6596,0,0,190.53700000000001,0
4,825,6604,0,0,176.601,0
4,826,6612,0,0,127.69199999999999,0
4,827,6620,0,0,200.029,0
4,828,6628,0,0,158.08199999999999,0
4,829,6636,0,0,199.76599999999999,0
4,830,6644,0,0,189.55699999999999,0
4,831,6652,0,0,184.15199999999999,0
4,832,6660,0,0,175.92099999999999,0
4,833,6668,0,0,180.39500000000001,0
4,834,6676,0,0,179.09899999999999,0
4,835,6684,0,0,186.16499999999999,0
4,836,6692,0,0,209.982,0
4,837,6700,0,0,176.71299999999999,0
4,838,6708,0,0,176.54499999999999,0
4,839,6716,0,0,186.607,0
4,840,6724,0,0,172.19499999999999,0
4,841,6732,0,0,199.85400000000001,0
4,842,6740,0,0,152.119,0
4,843,6748,0,0,175.93799999999999,0
4,844,6756,0,0,194.81100000000001,0
4,845,6764,0,0,139.03299999999999,0
4,846,6772,0,0,165.87700000000001,0
4,847,6780,0,0,192.88,0
4,848,6788,0,0,189.43199999999999,0
4,849,6796,0,0,177.66200000000001,0
4,850,6804,0,0,120.125,0
4,851,6812,0,0,199.274,0
4,852,6820,0,0,170.36000000000001,0
4,853,6828,0,0,213.47499999999999,0
4,854,6836,0,0,182.65700000000001,0
4,855,6844,0,0,195.88900000000001,0
4,856,6852,0,0,200.304,0
4,857,6860,0,0,147.03700000000001,0
4,858,6868,0,0,162.31800000000001,0
4,859,6876,0,0,156.12100000000001,0
4,860,6884,0,0,174.774,0
4,861,6892,0,0,180.50899999999999,0
4,862,6900,0,0,197.33000000000001,0
4,863,6908,0,0,162.833,0
4,864,6916,0,0,192.85900000000001,0
4,865,6924,0,0,192.851,0
4,866,6932,0,0,180.72399999999999,0
4,867,6940,0,0,166.28200000000001,0
4,868,6948,0,0,164.89099999999999,0
4,869,6956,0,0,192.327,0
4,870,6964,0,0,161.422,0
4,871,6972,0,0,178.596,0
4,872,6980,0,0,186.69900000000001,0
4,873,6988,0,0,187.279,0
4,874,6996,0,0,149.38200000000001,0
4,875,7004,0,0,191.55099999999999,0
4,876,7012,0,0,156.422,0
4,877,7020,0,0,164.28,0
4,878,7028,0,0,178.49600000000001,0
4,879,7036,0,0,167.304,0
4,880,7044,0,0,190.947,0
4,881,7052,0,0,179.45400000000001,0
4,882,7060,0,0,174.24600000000001,0
4,883,7068,0,0,163.23400000000001,0
4,884,7076,0,0,171.57900000000001,0
4,885,7084,0,0,176.721,0
4,886,7092,0,0,156.46299999999999,0
4,887,7100,0,0,161.345,0
4,888,7108,0,0,175.327,0
4,889,7116,0,0,212.58199999999999,0
4,890,7124,0,0,161.809,0
4,891,7132,0,0,173.22200000000001,0
4,892,7140,0,0,157.435,0
4,893,7148,0,0,173.49299999999999,0
4,894,7156,0,0,176.44499999999999,0
4,895,7164,0,0,182.94999999999999,0
4,896,7172,0,0,191.077,0
4,897,7180,0,0,148.733,0
4,898,7188,0,0,167.422,0
4,899,7196,0,0,200.67699999999999,0
4,900,7204,0,0,162.56299999999999,0
4,901,7212,0,0,172.59299999999999,0
4,902,7220,0,0,158.697,0
4,903,7228,0,0,170.624,0
4,904,7236,0,0,186.96899999999999,0
4,905,7244,0,0,197.74700000000001,0
4,906,7252,0,0,206.322,0
4,907,7260,0,0,145.76599999999999,0
4,908,7268,0,0,185.292,0
4,909,7276,0,0,181.417,0
4,910,7284,0,0,170.57900000000001,0
4,911,7292,0,0,244.108,0
4,912,7300,0,0,159.21700000000001,0
4,913,7308,0,0,188.512,0
4,914,7316,0,0,129.703,0
4,915,7324,0,0,171.452,0
4,916,7332,0,0,151.393,0
4,917,7340,0,0,183.27500000000001,0
4,918,7348,0,0,159.352,0
4,919,7356,0,0,176.81399999999999,0
4,920,7364,0,0,165.101,0
4,921,7372,0,0,204.245,0
4,922,7380,0,0,193.81200000000001,0
4,923,7388,0,0,176.488,0
4,924,7396,0,0,143.04900000000001,0
4,925,7404,0,0,189.74799999999999,0
4,926,7412,0,0,179.29900000000001,0
4,927,7420,0,0,174.59800000000001,0
4,928,7428,0,0,160.50299999999999,0
4,929,7436,0,0,199.08799999999999,0
4,930,7444,0,0,167.26300000000001,0
4,931,7452,0,0,160.85499999999999,0
4,932,7460,0,0,181.34200000000001,0
4,933,7468,0,0,142.13,0
4,934,7476,0,0,182.04900000000001,0
4,935,7484,0,0,191.964,0
4,936,7492,0,0,192.399,0
4,937,7500,0,0,157.18700000000001,0
4,938,7508,0,0,194.268,0
4,939,7516,0,0,143.441,0
4,940,7524,0,0,185.523,0
4,941,7532,0,0,182.476,0
4,942,7540,0,0,165.33799999999999,0
4,943,7548,0,0,149.773,0
4,944,7556,0,0,211.49000000000001,0
4,945,7564,0,0,157.857,0
4,946,7572,0,0,146.57499999999999,0
4,947,7580,0,0,158.71899999999999,0
4,948,7588,0,0,200.857,0
4,949,7596,0,0,200.39599999999999,0
4,950,7604,0,0,197.24000000000001,0
4,951,7612,0,0,197.77500000000001,0
4,952,7620,0,0,182.26900000000001,0
4,953,7628,0,0,159.21600000000001,0
4,954,7636,0,0,179.91999999999999,0
4,955,7644,0,0,127.60299999999999,0
4,956,7652,0,0,195.18000000000001,0
4,957,7660,0,0,215.15799999999999,0
4,958,7668,0,0,180.78700000000001,0
4,959,7676,0,0,175.922,0
4,960,7684,0,0,170.47,0
4,961,7692,0,0,175.62100000000001,0
4,962,7700,0,0,168.99000000000001,0
4,963,7708,0,0,156.48500000000001,0
4,964,7716,0,0,123.426,0
4,965,7724,0,0,191.386,0
4,966,7732,0,0,174.124,0
4,967,7740,0,0,208.58600000000001,0
4,968,7748,0,0,179.047,0
4,969,7756,0,0,137.488,0
4,970,7764,0,0,163.506,0
4,971,7772,0,0,165.071,0
4,972,7780,0,0,159.786,0
4,973,7788,0,0,184.262,0
4,974,7796,0,0,170.131,0
4,975,7804,0,0,177.40700000000001,0
4,976,7812,0,0,127.96899999999999,0
4,977,7820,0,0,179.358,0
4,978,7828,0,0,176.86799999999999,0
4,979,7836,0,0,192.703,0
4,980,7844,0,0,194.327,0
4,981,7852,0,0,189.881,0
4,982,7860,0,0,191.15000000000001,0
4,983,7868,0,0,177.524,0
4,984,7876,0,0,209.22999999999999,0
4,985,7884,0,0,126.417,0
4,986,7892,0,0,223.18600000000001,0
4,987,7900,0,0,166.78700000000001,0
4,988,7908,0,0,202.00700000000001,0
4,989,7916,0,0,179.535,0
4,990,7924,0,0,189.81899999999999,0
4,991,7932,0,0,134.43100000000001,0
4,992,7940,0,0,167.56100000000001,0
4,993,7948,0,0,183.05699999999999,0
4,994,7956,0,0,177.006,0
4,995,7964,0,0,159.66300000000001,0
4,996,7972,0,0,209.86000000000001,0
4,997,7980,0,0,190.964,0
4,998,7988,0,0,174.75999999999999,0
4,999,7996,0,0,189.77600000000001,0
4,1000,8004,0,0,127.8,0
4,1001,8012,0,0,166.50200000000001,0
4,1002,8020,0,0,173.858,0
4,1003,8028,0,0,183.851,0
4,1004,8036,0,0,143.31899999999999,0
4,1005,8044,0,0,171.541,0
4,1006,8052,0,0,187.42400000000001,0
4,1007,8060,0,0,143.267,0
4,1008,8068,0,0,195.08699999999999,0
4,1009,8076,0,0,197.65799999999999,0
4,1010,8084,0,0,173.613,0
4,1011,8092,0,0,209.72200000000001,0
4,1012,8100,0,0,194.29400000000001,0
4,1013,8108,0,0,117.834,0
4,1014,8116,0,0,140.59700000000001,0
4,1015,8124,0,0,194.06200000000001,0
4,1016,8132,0,0,205.791,0
4,1017,8140,0,0,172.06100000000001,0
4,1018,8148,0,0,194.17500000000001,0
4,1019,8156,0,0,185.511,0
4,1020,8164,0,0,146.72300000000001,0
4,1021,8172,0,0,152.095,0
4,1022,8180,0,0,152.51599999999999,0
4,1023,8188,0,0,173.47200000000001,0
4,1024,8196,0,0,171.81700000000001,0
4,1025,8204,0,0,163.47900000000001,0
4,1026,8212,0,0,189.00299999999999,0
4,1027,8220,0,0,192.55799999999999,0
4,1028,8228,0,0,197.286,0
4,1029,8236,0,0,162.755,0
4,1030,8244,0,0,186.34899999999999,0
4,1031,8252,0,0,169.18600000000001,0
4,1032,8260,0,0,182.577,0
4,1033,8268,0,0,185.87700000000001,0
4,1034,8276,0,0,180.976,0
4,1035,8284,0,0,178.358,0
4,1036,8292,0,0,172.22800000000001,0
4,1037,8300,0,0,188.66499999999999,0
4,1038,8308,0,0,140.251,0
4,1039,8316,0,0,196.929,0
4,1040,8324,0,0,148.68899999999999,0
4,1041,8332,0,0,184.505,0
4,1042,8340,0,0,151.86099999999999,0
4,1043,8348,0,0,165.095,0
4,1044,8356,0,0,183.726,0
4,1045,8364,0,0,184.745,0
4,1046,8372,0,0,170.535,0
4,1047,8380,0,0,142.096,0
4,1048,8388,0,0,187.47399999999999,0
4,1049,8396,0,0,190.012,0
4,1050,8404,0,0,195.535,0
4,1051,8412,0,0,169.75999999999999,0
4,1052,8420,0,0,174.339,0
4,1053,8428,0,0,170.988,0
4,1054,8436,0,0,181.15899999999999,0
4,1055,8444,0,0,160.93299999999999,0
4,1056,8452,0,0,173.577,0
4,1057,8460,0,0,181.98699999999999,0
4,1058,8468,0,0,174.80600000000001,0
4,1059,8476,0,0,188.809,0
4,1060,8484,0,0,173.92699999999999,0
4,1061,8492,0,0,191.018,0
4,1062,8500,0,0,192.15199999999999,0
4,1063,8508,0,0,125.453,0
4,1064,8516,0,0,175.56700000000001,0
4,1065,8524,0,0,193.35400000000001,0
4,1066,8532,0,0,164.53,0
4,1067,8540,0,0,184.58500000000001,0
4,1068,8548,0,0,148.869,0
4,1069,8556,0,0,192.709,0
4,1070,8564,0,0,174.762,0
4,1071,8572,0,0,176.35400000000001,0
4,1072,8580,0,0,147.90299999999999,0
4,1073,8588,0,0,154.435,0
4,1074,8596,0,0,190.42099999999999,0
4,1075,8604,0,0,175.55699999999999,0
4,1076,8612,0,0,189.119,0
4,1077,8620,0,0,168.024,0
4,1078,8628,0,0,186.721,0
4,1079,8636,0,0,136.346,0
4,1080,8644,0,0,132.73599999999999,0
4,1081,8652,0,0,150.85499999999999,0
4,1082,8660,0,0,185.56,0
4,1083,8668,0,0,185.24700000000001,0
4,1084,8676,0,0,189.01400000000001,0
4,1085,8684,0,0,191.59999999999999,0
4,1086,8692,0,0,199.11199999999999,0
4,1087,8700,0,0,191.679,0
4,1088,8708,0,0,139.86099999999999,0
4,1089,8716,0,0,189.547,0
4,1090,8724,0,0,192.977,0
4,1091,8732,0,0,167.809,0
4,1092,8740,0,0,170.095,0
4,1093,8748,0,0,180.446,0
4,1094,8756,0,0,183.00800000000001,0
4,1095,8764,0,0,177.078,0
4,1096,8772,0,0,228.643,0
4,1097,8780,0,0,184.32300000000001,0
4,1098,8788,0,0,157.91300000000001,0
4,1099,8796,0,0,184.68899999999999,0
4,1100,8804,0,0,179.608,0
4,1101,8812,0,0,145.458,0
4,1102,8820,0,0,182.88800000000001,0
4,1103,8828,0,0,189.04599999999999,0
4,1104,8836,0,0,187.303,0
4,1105,8844,0,0,164.655,0
4,1106,8852,0,0,180.46199999999999,0
4,1107,8860,0,0,183.77799999999999,0
4,1108,8868,0,0,184.80799999999999,0
4,1109,8876,0,0,189.88499999999999,0
4,1110,8884,0,0,191.49100000000001,0
4,1111,8892,0,0,187.81299999999999,0
4,1112,8900,0,0,181.20500000000001,0
4,1113,8908,0,0,157.71100000000001,0
4,1114,8916,0,0,166.30699999999999,0
4,1115,8924,0,0,153.02500000000001,0
4,1116,8932,0,0,182.31700000000001,0
4,1117,8940,0,0,143.15199999999999,0
4,1118,8948,0,0,158.25399999999999,0
4,1119,8956,0,0,177.215,0
4,1120,8964,0,0,173.548,0
4,1121,8972,0,0,156.61099999999999,0
4,1122,8980,0,0,186.06399999999999,0
4,1123,8988,0,0,150.41999999999999,0
4,1124,8996,0,0,196.714,0
4,1125,9004,0,0,193.095,0
4,1126,9012,0,0,180.898,0
4,1127,9020,0,0,182.20699999999999,0
4,1128,9028,0,0,180.37899999999999,0
4,1129,9036,0,0,192.83199999999999,0
4,1130,9044,0,0,193.17500000000001,0
4,1131,9052,0,0,192.44399999999999,0
4,1132,9060,0,0,191.94200000000001,0
4,1133,9068,0,0,162.11500000000001,0
4,1134,9076,0,0,178.23400000000001,0
4,1135,9084,0,0,142.215,0
4,1136,9092,0,0,189.51499999999999,0
4,1137,9100,0,0,182.94499999999999,0
4,1138,9108,0,0,196.05799999999999,0
4,1139,9116,0,0,197.49299999999999,0
4,1140,9124,0,0,191.874,0
4,1141,9132,0,0,162.68799999999999,0
4,1142,9140,0,0,191.76300000000001,0
4,1143,9148,0,0,197.27099999999999,0
4,1144,9156,0,0,132.51499999999999,0
4,1145,9164,0,0,188.369,0
4,1146,9172,0,0,169.43799999999999,0
4,1147,9180,0,0,172.84800000000001,0
4,1148,9188,0,0,175.541,0
4,1149,9196,0,0,166.11500000000001,0
4,1150,9204,0,0,170.892,0
4,1151,9212,0,0,195.518,0
4,1152,9220,0,0,172.15600000000001,0
4,1153,9228,0,0,132.59200000000001,0
4,1154,9236,0,0,149.88200000000001,0
4,1155,9244,0,0,188.16399999999999,0
4,1156,9252,0,0,191.39500000000001,0
4,1157,9260,0,0,158.16900000000001,0
4,1158,9268,0,0,187.38900000000001,0
4,1159,9276,0,0,186.81999999999999,0
4,1160,9284,0,0,189.851,0
4,1161,9292,0,0,197.667,0
4,1162,9300,0,0,121.437,0
4,1163,9308,0,0,125.369,0
4,1164,9316,0,0,166.63200000000001,0
4,1165,9324,0,0,174.66,0
4,1166,9332,0,0,134.429,0
4,1167,9340,0,0,182.911,0
4,1168,9348,0,0,188.77699999999999,0
4,1169,9356,0,0,179.571,0
4,1170,9364,0,0,167.977,0
4,1171,9372,0,0,185.31399999999999,0
4,1172,9380,0,0,180.88,0
4,1173,9388,0,0,132.86699999999999,0
4,1174,9396,0,0,179.143,0
4,1175,9404,0,0,175.18799999999999,0
4,1176,9412,0,0,164.37,0
4,1177,9420,0,0,152.46899999999999,0
4,1178,9428,0,0,184.904,0
4,1179,9436,0,0,175.44300000000001,0
4,1180,9444,0,0,238.74600000000001,0
4,1181,9452,0,0,178.15700000000001,0
4,1182,9460,0,0,165.964,0
4,1183,9468,0,0,191.899,0
4,1184,9476,0,0,179.715,0
4,1185,9484,0,0,200.30699999999999,0
4,1186,9492,0,0,185.291,0
4,1187,9500,0,0,191.50299999999999,0
4,1188,9508,0,0,187.47999999999999,0
4,1189,9516,0,0,176.607,0
4,1190,9524,0,0,214.179,0
4,1191,9532,0,0,160.184,0
4,1192,9540,0,0,181.34100000000001,0
4,1193,9548,0,0,179.01599999999999,0
4,1194,9556,0,0,210.50999999999999,0
4,1195,9564,0,0,142.42699999999999,0
4,1196,9572,0,0,136.28899999999999,0
4,1197,9580,0,0,155.92599999999999,0
4,1198,9588,0,0,165.91399999999999,0
4,1199,9596,0,0,182.012,0
4,1200,9604,0,0,183.69999999999999,0
4,1201,9612,0,0,196.80500000000001,0
4,1202,9620,0,0,191.72200000000001,0
4,1203,9628,0,0,193.608,0
4,1204,9636,0,0,125.501,0
4,1205,9644,0,0,175.745,0
4,1206,9652,0,0,186.614,0
4,1207,9660,0,0,205.97499999999999,0
4,1208,9668,0,0,170.083,0
4,1209,9676,0,0,133.56999999999999,0
4,1210,9684,0,0,170.625,0
4,1211,9692,0,0,171.69800000000001,0
4,1212,9700,0,0,127.589,0
4,1213,9708,0,0,153.16,0
4,1214,9716,0,0,197.08099999999999,0
4,1215,9724,0,0,189.495,0
4,1216,9732,0,0,177.553,0
4,1217,9740,0,0,190.77000000000001,0
4,1218,9748,0,0,195.19499999999999,0
4,1219,9756,0,0,196.83799999999999,0
4,1220,9764,0,0,172.27199999999999,0
4,1221,9772,0,0,178.17400000000001,0
4,1222,9780,0,0,152.93899999999999,0
4,1223,9788,0,0,182.767,0
4,1224,9796,0,0,188.03200000000001,0
4,1225,9804,0,0,183.90199999999999,0
4,1226,9812,0,0,168.25700000000001,0
4,1227,9820,0,0,160.357,0
4,1228,9828,0,0,153.03999999999999,0
4,1229,9836,0,0,202.26499999999999,0
4,1230,9844,0,0,175.26400000000001,0
4,1231,9852,0,0,204.55099999999999,0
4,1232,9860,0,0,158.215,0
4,1233,9868,0,0,167.31100000000001,0
4,1234,9876,0,0,157.03299999999999,0
4,1235,9884,0,0,164.38399999999999,0
4,1236,9892,0,0,185.98500000000001,0
4,1237,9900,0,0,185.452,0
4,1238,9908,0,0,173.35300000000001,0
4,1239,9916,0,0,184.29400000000001,0
4,1240,9924,0,0,166.26400000000001,0
4,1241,9932,0,0,180.959,0
4,1242,9940,0,0,168.00899999999999,0
4,1243,9948,0,0,213.114,0
4,1244,9956,0,0,177.28100000000001,0
4,1245,9964,0,0,190.37700000000001,0
4,1246,9972,0,0,183.02099999999999,0
4,1247,9980,0,0,173.76400000000001,0
4,1248,9988,0,0,192.62799999999999,0
4,1249,9996,0,0,149.137,0
4,1250,10004,0,0,190.38800000000001,0
4,1251,10012,0,0,138.72,0
4,1252,10020,0,0,169.084,0
4,1253,10028,0,0,185.398,0
4,1254,10036,0,0,173.518,0
4,1255,10044,0,0,158.56999999999999,0
4,1256,10052,0,0,199.43700000000001,0
4,1257,10060,0,0,186.13499999999999,0
4,1258,10068,0,0,197.20500000000001,0
4,1259,10076,0,0,164.20400000000001,0
4,1260,10084,0,0,145.30099999999999,0
4,1261,10092,0,0,132.23500000000001,0
4,1262,10100,0,0,190.864,0
4,1263,10108,0,0,204.57499999999999,0
4,1264,10116,0,0,178.15899999999999,0
4,1265,10124,0,0,177.94499999999999,0
4,1266,10132,0,0,164.99700000000001,0
4,1267,10140,0,0,179.04400000000001,0
4,1268,10148,0,0,149.464,0
4,1269,10156,0,0,183.56999999999999,0
4,1270,10164,0,0,185.06100000000001,0
4,1271,10172,0,0,133.63300000000001,0
4,1272,10180,0,0,164.54300000000001,0
4,1273,10188,0,0,165.11199999999999,0
4,1274,10196,0,0,191.07499999999999,0
4,1275,10204,0,0,173.65299999999999,0
4,1276,10212,0,0,165.49799999999999,0
4,1277,10220,0,0,176.03,0
4,1278,10228,0,0,166.70400000000001,0
4,1279,10236,0,0,183.65299999999999,0
4,1280,10244,0,0,166.65000000000001,0
4,1281,10252,0,0,188.60300000000001,0
4,1282,10260,0,0,144.52000000000001,0
4,1283,10268,0,0,182.398,0
4,1284,10276,0,0,183.81800000000001,0
4,1285,10284,0,0,196.99799999999999,0
4,1286,10292,0,0,188.58600000000001,0
4,1287,10300,0,0,186.935,0
4,1288,10308,0,0,196.482,0
4,1289,10316,0,0,173.291,0
4,1290,10324,0,0,197.976,0
4,1291,10332,0,0,178.04900000000001,0
4,1292,10340,0,0,159.45099999999999,0
4,1293,10348,0,0,192.54599999999999,0
4,1294,10356,0,0,129.90000000000001,0
4,1295,10364,0,0,162.97999999999999,0
4,1296,10372,0,0,162.41300000000001,0
4,1297,10380,0,0,192.68199999999999,0
4,1298,10388,0,0,187.161,0
4,1299,10396,0,0,185.67699999999999,0
4,1300,10404,0,0,170.029,0
4,1301,10412,0,0,168.21100000000001,0
4,1302,10420,0,0,187.751,0
4,1303,10428,0,0,199.31299999999999,0
4,1304,10436,0,0,134.35900000000001,0
4,1305,10444,0,0,176.03100000000001,0
4,1306,10452,0,0,199.988,0
4,1307,10460,0,0,168.38499999999999,0
4,1308,10468,0,0,162.82499999999999,0
4,1309,10476,0,0,188.012,0
4,1310,10484,0,0,180.601,0
4,1311,10492,0,0,179.15700000000001,0
4,1312,10500,0,0,183.262,0
4,1313,10508,0,0,192.791,0
4,1314,10516,0,0,184.59100000000001,0
4,1315,10524,0,0,183.755,0
4,1316,10532,0,0,169.916,0
4,1317,10540,0,0,189.023,0
4,1318,10548,0,0,179.87100000000001,0
4,1319,10556,0,0,143.715,0
4,1320,10564,0,0,199.51599999999999,0
4,1321,10572,0,0,169.19800000000001,0
4,1322,10580,0,0,185.10599999999999,0
4,1323,10588,0,0,188.63499999999999,0
4,1324,10596,0,0,156.005,0
4,1325,10604,0,0,214.31100000000001,0
4,1326,10612,0,0,171.22399999999999,0
4,1327,10620,0,0,184.85599999999999,0
4,1328,10628,0,0,191.738,0
4,1329,10636,0,0,179.39599999999999,0
4,1330,10644,0,0,186.46799999999999,0
4,1331,10652,0,0,188.399,0
4,1332,10660,0,0,166.255,0
4,1333,10668,0,0,193.76900000000001,0
4,1334,10676,0,0,172.81999999999999,0
4,1335,10684,0,0,145.33199999999999,0
4,1336,10692,0,0,198.125,0
4,1337,10700,0,0,182.251,0
4,1338,10708,0,0,160.30600000000001,0
4,1339,10716,0,0,178.464,0
4,1340,10724,0,0,197.03800000000001,0
4,1341,10732,0,0,175.83500000000001,0
4,1342,10740,0,0,158.322,0
4,1343,10748,0,0,177.214,0
4,1344,10756,0,0,196.29300000000001,0
4,1345,10764,0,0,180.61099999999999,0
4,1346,10772,0,0,159.52799999999999,0
4,1347,10780,0,0,155.054,0
4,1348,10788,0,0,185.679,0
4,1349,10796,0,0,173.19499999999999,0
4,1350,10804,0,0,221.261,0
4,1351,10812,0,0,184.62700000000001,0
4,1352,10820,0,0,199.33099999999999,0
4,1353,10828,0,0,178.68100000000001,0
4,1354,10836,0,0,187.18700000000001,0
4,1355,10844,0,0,178.828,0
4,1356,10852,0,0,181.72999999999999,0
4,1357,10860,0,0,183.28100000000001,0
4,1358,10868,0,0,178.80500000000001,0
4,1359,10876,0,0,173.434,0
4,1360,10884,0,0,153.61199999999999,0
4,1361,10892,0,0,180.36099999999999,0
4,1362,10900,0,0,185.40799999999999,0
4,1363,10908,0,0,176.93199999999999,0
4,1364,10916,0,0,205.19999999999999,0
4,1365,10924,0,0,192.86000000000001,0
4,1366,10932,0,0,149.39099999999999,0
4,1367,10940,0,0,178.136,0
4,1368,10948,0,0,188.083,0
4,1369,10956,0,0,153.726,0
4,1370,10964,0,0,175.58000000000001,0
4,1371,10972,0,0,133.01499999999999,0
4,1372,10980,0,0,182.458,0
4,1373,10988,0,0,189.196,0
4,1374,10996,0,0,161.99100000000001,0
4,1375,11004,0,0,164.55600000000001,0
4,1376,11012,0,0,182.23599999999999,0
4,1377,11020,0,0,174.60300000000001,0
4,1378,11028,0,0,177.59700000000001,0
4,1379,11036,0,0,173.30600000000001,0
4,1380,11044,0,0,185.011,0
4,1381,11052,0,0,138.04300000000001,0
4,1382,11060,0,0,210.684,0
4,1383,11068,0,0,182.262,0
4,1384,11076,0,0,159.64699999999999,0
4,1385,11084,0,0,173.60599999999999,0
4,1386,11092,0,0,180.46899999999999,0
4,1387,11100,0,0,209.12100000000001,0
4,1388,11108,0,0,194.84100000000001,0
4,1389,11116,0,0,174.34299999999999,0
4,1390,11124,0,0,136.922,0
4,1391,11132,0,0,153.56,0
4,1392,11140,0,0,179.292,0
4,1393,11148,0,0,184.49000000000001,0
4,1394,11156,0,0,192.20400000000001,0
4,1395,11164,0,0,204.45599999999999,0
4,1396,11172,0,0,154.18299999999999,0
4,1397,11180,0,0,180.75700000000001,0
4,1398,11188,0,0,218.81,0
4,1399,11196,0,0,137.785,0
4,1400,11204,0,0,162.77500000000001,0
4,1401,11212,0,0,191.80099999999999,0
4,1402,11220,0,0,177.96199999999999,0
4,1403,11228,0,0,195.81299999999999,0
4,1404,11236,0,0,163.154,0
4,1405,11244,0,0,162.32599999999999,0
4,1406,11252,0,0,181.82599999999999,0
4,1407,11260,0,0,188.59700000000001,0
4,1408,11268,0,0,189.364,0
4,1409,11276,0,0,200.452,0
4,1410,11284,0,0,160.292,0
4,1411,11292,0,0,177.18799999999999,0
4,1412,11300,0,0,182.715,0
4,1413,11308,0,0,152.37700000000001,0
4,1414,11316,0,0,186.68799999999999,0
4,1415,11324,0,0,165.16499999999999,0
4,1416,11332,0,0,180.55099999999999,0
4,1417,11340,0,0,181.40799999999999,0
4,1418,11348,0,0,153.70500000000001,0
4,1419,11356,0,0,163.989,0
4,1420,11364,0,0,179.73500000000001,0
4,1421,11372,0,0,180.16900000000001,0
4,1422,11380,0,0,131.02600000000001,0
4,1423,11388,0,0,161.58099999999999,0
4,1424,11396,0,0,157.99100000000001,0
4,1425,11404,0,0,141.345,0
4,1426,11412,0,0,171.87,0
4,1427,11420,0,0,182.874,0
4,1428,11428,0,0,142.761,0
4,1429,11436,0,0,174.93700000000001,0
4,1430,11444,0,0,160.572,0
4,1431,11452,0,0,158.048,0
4,1432,11460,0,0,193.631,0
4,1433,11468,0,0,179.72900000000001,0
4,1434,11476,0,0,204.262,0
4,1435,11484,0,0,192.39099999999999,0
4,1436,11492,0,0,181.423,0
4,1437,11500,0,0,169.00899999999999,0
4,1438,11508,0,0,152.31200000000001,0
4,1439,11516,0,0,162.465,0
4,1440,11524,0,0,175.02099999999999,0
4,1441,11532,0,0,178.393,0
4,1442,11540,0,0,163.583,0
4,1443,11548,0,0,194.095,0
4,1444,11556,0,0,185.61500000000001,0
4,1445,11564,0,0,152.846,0
4,1446,11572,0,0,190.42400000000001,0
4,1447,11580,0,0,185.29900000000001,0
4,1448,11588,0,0,171.03399999999999,0
4,1449,11596,0,0,185.65600000000001,0
4,1450,11604,0,0,207.453,0
4,1451,11612,0,0,152.322,0
4,1452,11620,0,0,169.559,0
4,1453,11628,0,0,194.77199999999999,0
4,1454,11636,0,0,195.07499999999999,0
4,1455,11644,0,0,172.44,0
4,1456,11652,0,0,144.196,0
4,1457,11660,0,0,189.92699999999999,0
4,1458,11668,0,0,150.20599999999999,0
4,1459,11676,0,0,152.81,0
4,1460,11684,0,0,198.38,0
4,1461,11692,0,0,179.166,0
4,1462,11700,0,0,187.506,0
4,1463,11708,0,0,147.583,0
4,1464,11716,0,0,193.74100000000001,0
4,1465,11724,0,0,171.68700000000001,0
4,1466,11732,0,0,168.77099999999999,0
4,1467,11740,0,0,164.93799999999999,0
4,1468,11748,0,0,173.67400000000001,0
4,1469,11756,0,0,212.73599999999999,0
4,1470,11764,0,0,184.06100000000001,0
4,1471,11772,0,0,191.50299999999999,0
4,1472,11780,0,0,184.137,0
4,1473,11788,0,0,162.86699999999999,0
4,1474,11796,0,0,161.38200000000001,0
4,1475,11804,0,0,181.559,0
4,1476,11812,0,0,162.02699999999999,0
4,1477,11820,0,0,153.55199999999999,0
4,1478,11828,0,0,188.917,0
4,1479,11836,0,0,185.99000000000001,0
4,1480,11844,0,0,192.68000000000001,0
4,1481,11852,0,0,173.99000000000001,0
4,1482,11860,0,0,149.18199999999999,0
4,1483,11868,0,0,171.55500000000001,0
4,1484,11876,0,0,181.64699999999999,0
4,1485,11884,0,0,152.495,0
4,1486,11892,0,0,168.815,0
4,1487,11900,0,0,192.92599999999999,0
4,1488,11908,0,0,157.03,0
4,1489,11916,0,0,126.732,0
4,1490,11924,0,0,194.11699999999999,0
4,1491,11932,0,0,165.19499999999999,0
4,1492,11940,0,0,191.93899999999999,0
4,1493,11948,0,0,158.38,0
4,1494,11956,0,0,141.85900000000001,0
4,1495,11964,0,0,222.768,0
4,1496,11972,0,0,186.46199999999999,0
4,1497,11980,0,0,162.952,0
4,1498,11988,0,0,172.244,0
4,1499,11996,0,0,180.643,0
4,1500,12004,0,0,170.59100000000001,0
4,1501,12012,0,0,181.73699999999999,0
4,1502,12020,0,0,226.636,0
4,1503,12028,0,0,181.26599999999999,0
4,1504,12036,0,0,157.89099999999999,0
4,1505,12044,0,0,133.13300000000001,0
4,1506,12052,0,0,174.68600000000001,0
4,1507,12060,0,0,178.369,0
4,1508,12068,0,0,190.13499999999999,0
4,1509,12076,0,0,186.542,0
4,1510,12084,0,0,142.41,0
4,1511,12092,0,0,178.12700000000001,0
4,1512,12100,0,0,167.15199999999999,0
4,1513,12108,0,0,186.74700000000001,0
4,1514,12116,0,0,173.99100000000001,0
4,1515,12124,0,0,167.21600000000001,0
4,1516,12132,0,0,183.642,0
4,1517,12140,0,0,185.98699999999999,0
4,1518,12148,0,0,162.048,0
4,1519,12156,0,0,211.36199999999999,0
4,1520,12164,0,0,197.89500000000001,0
4,1521,12172,0,0,166.523,0
4,1522,12180,0,0,166.76400000000001,0
4,1523,12188,0,0,181.149,0
4,1524,12196,0,0,187.654,0
4,1525,12204,0,0,181.303,0
4,1526,12212,0,0,173.74700000000001,0
4,1527,12220,0,0,233.84700000000001,0
4,1528,12228,0,0,165.96299999999999,0
4,1529,12236,0,0,182.42500000000001,0
4,1530,12244,0,0,137.31299999999999,0
4,1531,12252,0,0,182.87799999999999,0
4,1532,12260,0,0,160.16499999999999,0
4,1533,12268,0,0,168.07599999999999,0
4,1534,12276,0,0,123.31,0
4,1535,12284,0,0,164.91999999999999,0
4,1536,12292,0,0,178.08799999999999,0
4,1537,12300,0,0,172.16499999999999,0
4,1538,12308,0,0,180.20599999999999,0
4,1539,12316,0,0,223.57599999999999,0
4,1540,12324,0,0,187.25,0
4,1541,12332,0,0,190.107,0
4,1542,12340,0,0,198.459,0
4,1543,12348,0,0,140.73500000000001,0
4,1544,12356,0,0,188.22900000000001,0
4,1545,12364,0,0,181.21799999999999,0
4,1546,12372,0,0,159.81399999999999,0
4,1547,12380,0,0,183.53399999999999,0
4,1548,12388,0,0,192.10900000000001,0
4,1549,12396,0,0,142.589,0
4,1550,12404,0,0,174.45599999999999,0
4,1551,12412,0,0,160.773,0
4,1552,12420,0,0,178.63800000000001,0
4,1553,12428,0,0,150.71299999999999,0
4,1554,12436,0,0,162.66,0
4,1555,12444,0,0,170.83699999999999,0
4,1556,12452,0,0,174.779,0
4,1557,12460,0,0,184.572,0
4,1558,12468,0,0,185.78399999999999,0
4,1559,12476,0,0,171.29499999999999,0
4,1560,12484,0,0,182.05500000000001,0
4,1561,12492,0,0,162.94999999999999,0
4,1562,12500,0,0,172.92400000000001,0
4,1563,12508,0,0,164.446,0
4,1564,12516,0,0,157.006,0
4,1565,12524,0,0,164.327,0
4,1566,12532,0,0,136.023,0
4,1567,12540,0,0,174.928,0
4,1568,12548,0,0,174.923,0
4,1569,12556,0,0,182.86600000000001,0
4,1570,12564,0,0,196.04499999999999,0
4,1571,12572,0,0,168.38499999999999,0
4,1572,12580,0,0,175.58199999999999,0
4,1573,12588,0,0,169.79400000000001,0
4,1574,12596,0,0,174.18199999999999,0
4,1575,12604,0,0,125.38500000000001,0
4,1576,12612,0,0,191.596,0
4,1577,12620,0,0,204.852,0
4,1578,12628,0,0,178.31,0
4,1579,12636,0,0,177.875,0
4,1580,12644,0,0,161.11600000000001,0
4,1581,12652,0,0,190.25200000000001,0
4,1582,12660,0,0,168.52500000000001,0
4,1583,12668,0,0,135.57300000000001,0
4,1584,12676,0,0,164.345,0
4,1585,12684,0,0,178.39699999999999,0
4,1586,12692,0,0,140.696,0
4,1587,12700,0,0,151.084,0
4,1588,12708,0,0,186.08199999999999,0
4,1589,12716,0,0,174.08000000000001,0
4,1590,12724,0,0,199.25999999999999,0
4,1591,12732,0,0,176.47800000000001,0
4,1592,12740,0,0,186.90100000000001,0
4,1593,12748,0,0,175.751,0
4,1594,12756,0,0,190.779,0
4,1595,12764,0,0,154.66399999999999,0
4,1596,12772,0,0,169.39099999999999,0
4,1597,12780,0,0,189.71000000000001,0
4,1598,12788,0,0,179.821,0
4,1599,12796,0,0,147.84899999999999,0
4,1600,12804,0,0,155.483,0
4,1601,12812,0,0,134.95599999999999,0
4,1602,12820,0,0,172.833,0
4,1603,12828,0,0,209.84899999999999,0
4,1604,12836,0,0,229.316,0
4,1605,12844,0,0,182.601,0
4,1606,12852,0,0,196.11699999999999,0
4,1607,12860,0,0,181.36099999999999,0
4,1608,12868,0,0,171.74000000000001,0
4,1609,12876,0,0,160.01300000000001,0
4,1610,12884,0,0,175.79599999999999,0
4,1611,12892,0,0,157.04599999999999,0
4,1612,12900,0,0,193.869,0
4,1613,12908,0,0,177.55699999999999,0
4,1614,12916,0,0,189.298,0
4,1615,12924,0,0,174.63900000000001,0
4,1616,12932,0,0,192.09800000000001,0
4,1617,12940,0,0,139.64599999999999,0
4,1618,12948,0,0,147.268,0
4,1619,12956,0,0,182.20099999999999,0
4,1620,12964,0,0,194.024,0
4,1621,12972,0,0,128.78100000000001,0
4,1622,12980,0,0,176.25,0
4,1623,12988,0,0,173.779,0
4,1624,12996,0,0,190,0
4,1625,13004,0,0,171.358,0
4,1626,13012,0,0,173.364,0
4,1627,13020,0,0,184.27000000000001,0
4,1628,13028,0,0,174.751,0
4,1629,13036,0,0,194.40600000000001,0
4,1630,13044,0,0,183.16,0
4,1631,13052,0,0,196.596,0
4,1632,13060,0,0,181.297,0
4,1633,13068,0,0,232.34399999999999,0
4,1634,13076,0,0,188.58099999999999,0
4,1635,13084,0,0,189.108,0
4,1636,13092,0,0,148.63999999999999,0
4,1637,13100,0,0,170.297,0
4,1638,13108,0,0,151.96100000000001,0
4,1639,13116,0,0,178.185,0
4,1640,13124,0,0,159.75299999999999,0
4,1641,13132,0,0,147.435,0
4,1642,13140,0,0,135.54599999999999,0
4,1643,13148,0,0,180.35400000000001,0
4,1644,13156,0,0,175.81200000000001,0
4,1645,13164,0,0,149.97499999999999,0
4,1646,13172,0,0,172.05600000000001,0
4,1647,13180,0,0,178.29599999999999,0
4,1648,13188,0,0,181.88200000000001,0
4,1649,13196,0,0,181.816,0
4,1650,13204,0,0,194.702,0
4,1651,13212,0,0,158.941,0
4,1652,13220,0,0,183.21700000000001,0
4,1653,13228,0,0,198.33199999999999,0
4,1654,13236,0,0,179.03299999999999,0
4,1655,13244,0,0,154.041,0
4,1656,13252,0,0,196.524,0
4,1657,13260,0,0,174.98699999999999,0
4,1658,13268,0,0,193.28200000000001,0
4,1659,13276,0,0,190.60599999999999,0
4,1660,13284,0,0,186.637,0
4,1661,13292,0,0,171.72200000000001,0
4,1662,13300,0,0,178.227,0
4,1663,13308,0,0,173.584,0
4,1664,13316,0,0,178.471,0
4,1665,13324,0,0,152.584,0
4,1666,13332,0,0,192.19800000000001,0
4,1667,13340,0,0,189.827,0
4,1668,13348,0,0,166.25399999999999,0
4,1669,13356,0,0,185.792,0
4,1670,13364,0,0,158.18000000000001,0
4,1671,13372,0,0,163.43199999999999,0
4,1672,13380,0,0,195.74199999999999,0
4,1673,13388,0,0,157.71899999999999,0
4,1674,13396,0,0,190.72499999999999,0
4,1675,13404,0,0,162.61000000000001,0
4,1676,13412,0,0,189.93899999999999,0
4,1677,13420,0,0,159.84399999999999,0
4,1678,13428,0,0,156.80000000000001,0
4,1679,13436,0,0,176.45400000000001,0
4,1680,13444,0,0,181.77600000000001,0
4,1681,13452,0,0,177.756,0
4,1682,13460,0,0,197.69300000000001,0
4,1683,13468,0,0,204.51900000000001,0
4,1684,13476,0,0,183.31200000000001,0
4,1685,13484,0,0,162.08600000000001,0
4,1686,13492,0,0,144.84200000000001,0
4,1687,13500,0,0,177.78899999999999,0
4,1688,13508,0,0,209.083,0
4,1689,13516,0,0,153.49100000000001,0
4,1690,13524,0,0,169.215,0
4,1691,13532,0,0,179.65799999999999,0
4,1692,13540,0,0,147.184,0
4,1693,13548,0,0,181.261,0
4,1694,13556,0,0,137.67699999999999,0
4,1695,13564,0,0,165.83000000000001,0
4,1696,13572,0,0,190.13999999999999,0
4,1697,13580,0,0,157.88399999999999,0
4,1698,13588,0,0,167.292,0
4,1699,13596,0,0,183.797,0
4,1700,13604,0,0,145.70099999999999,0
4,1701,13612,0,0,150.81700000000001,0
4,1702,13620,0,0,140.08699999999999,0
4,1703,13628,0,0,203.24600000000001,0
4,1704,13636,0,0,191.512,0
4,1705,13644,0,0,123.98,0
4,1706,13652,0,0,193.5,0
4,1707,13660,0,0,198.846,0
4,1708,13668,0,0,187.548,0
4,1709,13676,0,0,173.39599999999999,0
4,1710,13684,0,0,161.095,0
4,1711,13692,0,0,176.56200000000001,0
4,1712,13700,0,0,157.49700000000001,0
4,1713,13708,0,0,180.14500000000001,0
4,1714,13716,0,0,199.84700000000001,0
4,1715,13724,0,0,175.458,0
4,1716,13732,0,0,164.62799999999999,0
4,1717,13740,0,0,197.149,0
4,1718,13748,0,0,172.023,0
4,1719,13756,0,0,134.44900000000001,0
4,1720,13764,0,0,126.38200000000001,0
4,1721,13772,0,0,144.36600000000001,0
4,1722,13780,0,0,182.39500000000001,0
4,1723,13788,0,0,161.91800000000001,0
4,1724,13796,0,0,172.624,0
4,1725,13804,0,0,172.21600000000001,0
4,1726,13812,0,0,186.43000000000001,0
4,1727,13820,0,0,172.77000000000001,0
4,1728,13828,0,0,173.55000000000001,0
4,1729,13836,0,0,190.40100000000001,0
4,1730,13844,0,0,170.88499999999999,0
4,1731,13852,0,0,178.523,0
4,1732,13860,0,0,172.345,0
4,1733,13868,0,0,191.15100000000001,0
4,1734,13876,0,0,218.91200000000001,0
4,1735,13884,0,0,172.822,0
4,1736,13892,0,0,155.893,0
4,1737,13900,0,0,200.03999999999999,0
4,1738,13908,0,0,170.73599999999999,0
4,1739,13916,0,0,157.024,0
4,1740,13924,0,0,195.54300000000001,0
4,1741,13932,0,0,177.738,0
4,1742,13940,0,0,177.523,0
4,1743,13948,0,0,174.77500000000001,0
4,1744,13956,0,0,192.53800000000001,0
4,1745,13964,0,0,157.16300000000001,0
4,1746,13972,0,0,179.04900000000001,0
4,1747,13980,0,0,196.01900000000001,0
4,1748,13988,0,0,173.88999999999999,0
4,1749,13996,0,0,183.38800000000001,0
4,1750,14004,0,0,185.80799999999999,0
4,1751,14012,0,0,179.30500000000001,0
4,1752,14020,0,0,157.56,0
4,1753,14028,0,0,198.399,0
4,1754,14036,0,0,189.35599999999999,0
4,1755,14044,0,0,136.702,0
4,1756,14052,0,0,193.73599999999999,0
4,1757,14060,0,0,207.79599999999999,0
4,1758,14068,0,0,151.44900000000001,0
4,1759,14076,0,0,195.60499999999999,0
4,1760,14084,0,0,163.744,0
4,1761,14092,0,0,187.62299999999999,0
4,1762,14100,0,0,152.851,0
4,1763,14108,0,0,176.637,0
4,1764,14116,0,0,193.74799999999999,0
4,1765,14124,0,0,197.29900000000001,0
4,1766,14132,0,0,165.78700000000001,0
4,1767,14140,0,0,178.62299999999999,0
4,1768,14148,0,0,180.535,0
4,1769,14156,0,0,174.59800000000001,0
4,1770,14164,0,0,171.97800000000001,0
4,1771,14172,0,0,190.55099999999999,0
4,1772,14180,0,0,174.54400000000001,0
4,1773,14188,0,0,207.495,0
4,1774,14196,0,0,170.23599999999999,0
4,1775,14204,0,0,172.53200000000001,0
4,1776,14212,0,0,217.33099999999999,0
4,1777,14220,0,0,173.14699999999999,0
4,1778,14228,0,0,194.374,0
4,1779,14236,0,0,183.70500000000001,0
4,1780,14244,0,0,139.89699999999999,0
4,1781,4,1,0,162.11699999999999,0
4,1782,12,1,0,134.25700000000001,0
4,1783,20,1,0,123.90300000000001,0
4,1784,28,1,0,163.16800000000001,0
4,1785,36,1,0,173.06299999999999,0
4,1786,44,1,0,194.13800000000001,0
4,1787,52,1,0,183.411,0
4,1788,60,1,0,142.77699999999999,0
4,1789,68,1,0,177.17500000000001,0
4,1790,76,1,0,178.27199999999999,0
4,1791,84,1,0,129.392,0
4,1792,92,1,0,141.21199999999999,0
4,1793,100,1,0,188.755,0
4,1794,108,1,0,187.17400000000001,0
4,1795,116,1,0,194.35300000000001,0
4,1796,124,1,0,176.00700000000001,0
4,1797,132,1,0,166.77500000000001,0
4,1798,140,1,0,165.45500000000001,0
4,1799,148,1,0,179.38,0
4,1800,156,1,0,179.83799999999999,0
4,1801,164,1,0,196.59,0
4,1802,172,1,0,188.91300000000001,0
4,1803,180,1,0,164.23699999999999,0
4,1804,188,1,0,180.52500000000001,0
4,1805,196,1,0,170.059,0
4,1806,204,1,0,178.42400000000001,0
4,1807,212,1,0,158.39400000000001,0
4,1808,220,1,0,186.28399999999999,0
4,1809,228,1,0,157.798,0
4,1810,236,1,0,183.363,0
4,1811,244,1,0,179.298,0
4,1812,252,1,0,204.34299999999999,0
4,1813,260,1,0,171.80799999999999,0
4,1814,268,1,0,172.95099999999999,0
4,1815,276,1,0,156.61199999999999,0
4,1816,284,1,0,187.25,0
4,1817,292,1,0,195.464,0
4,1818,300,1,0,186.822,0
4,1819,308,1,0,200.83699999999999,0
4,1820,316,1,0,187.68899999999999,0
4,1821,324,1,0,190.995,0
4,1822,332,1,0,190.541,0
4,1823,340,1,0,191.49799999999999,0
4,1824,348,1,0,155.81899999999999,0
4,1825,356,1,0,160.982,0
4,1826,364,1,0,181.41300000000001,0
4,1827,372,1,0,166.071,0
4,1828,380,1,0,125.512,0
4,1829,388,1,0,173.40100000000001,0
4,1830,396,1,0,173.20400000000001,0
4,1831,404,1,0,144.69,0
4,1832,412,1,0,185.68000000000001,0
4,1833,420,1,0,173.262,0
4,1834,428,1,0,181.05000000000001,0
4,1835,436,1,0,141.864,0
4,1836,444,1,0,191.053,0
4,1837,452,1,0,126.86,0
4,1838,460,1,0,194.43299999999999,0
4,1839,468,1,0,155.62200000000001,0
4,1840,476,1,0,194.08199999999999,0
4,1841,484,1,0,197.256,0
4,1842,492,1,0,192.86799999999999,0
4,1843,500,1,0,196.19300000000001,0
4,1844,508,1,0,169.101,0
4,1845,516,1,0,202.83099999999999,0
4,1846,524,1,0,176.547,0
4,1847,532,1,0,165.63499999999999,0
4,1848,540,1,0,174.702,0
4,1849,548,1,0,190.48699999999999,0
4,1850,556,1,0,149.905,0
4,1851,564,1,0,171.75899999999999,0
4,1852,572,1,0,151.077,0
4,1853,580,1,0,192.69300000000001,0
4,1854,588,1,0,160.33699999999999,0
4,1855,596,1,0,190.97999999999999,0
4,1856,604,1,0,153.03100000000001,0
4,1857,612,1,0,179.33600000000001,0
4,1858,620,1,0,202.68899999999999,0
4,1859,628,1,0,199.39400000000001,0
4,1860,636,1,0,158.22200000000001,0
4,1861,644,1,0,121.11199999999999,0
4,1862,652,1,0,185.67500000000001,0
4,1863,660,1,0,180.489,0
4,1864,668,1,0,156.071,0
4,1865,676,1,0,172.11799999999999,0
4,1866,684,1,0,177.60599999999999,0
4,1867,692,1,0,208.589,0
4,1868,700,1,0,168.16499999999999,0
4,1869,708,1,0,186.48099999999999,0
4,1870,716,1,0,201.172,0
4,1871,724,1,0,171.13399999999999,0
4,1872,732,1,0,159.69,0
4,1873,740,1,0,205.01900000000001,0
4,1874,748,1,0,178.285,0
4,1875,756,1,0,163.13499999999999,0
4,1876,764,1,0,162.232,0
4,1877,772,1,0,176.55099999999999,0
4,1878,780,1,0,112.111,0
4,1879,788,1,0,196.65299999999999,0
4,1880,796,1,0,168.22900000000001,0
4,1881,804,1,0,171.60499999999999,0
4,1882,812,1,0,181.608,0
4,1883,820,1,0,172.16200000000001,0
4,1884,828,1,0,174.33500000000001,0
4,1885,836,1,0,182.65899999999999,0
4,1886,844,1,0,188.88,0
4,1887,852,1,0,174.82900000000001,0
4,1888,860,1,0,184.322,0
4,1889,868,1,0,156.66800000000001,0
4,1890,876,1,0,189.64599999999999,0
4,1891,884,1,0,139.15199999999999,0
4,1892,892,1,0,181.02000000000001,0
4,1893,900,1,0,171.738,0
4,1894,908,1,0,193.10499999999999,0
4,1895,916,1,0,187.45400000000001,0
4,1896,924,1,0,170.035,0
4,1897,932,1,0,187.36099999999999,0
4,1898,940,1,0,175.54499999999999,0
4,1899,948,1,0,152.32300000000001,0
4,1900,956,1,0,186.92599999999999,0
4,1901,964,1,0,172.82400000000001,0
4,1902,972,1,0,157.69999999999999,0
4,1903,980,1,0,201.00899999999999,0
4,1904,988,1,0,170.27600000000001,0
4,1905,996,1,0,172.80099999999999,0
4,1906,1004,1,0,157.584,0
4,1907,1012,1,0,183.86000000000001,0
4,1908,1020,1,0,134.36600000000001,0
4,1909,1028,1,0,187.136,0
4,1910,1036,1,0,158.44499999999999,0
4,1911,1044,1,0,177.863,0
4,1912,1052,1,0,114.44199999999999,0
4,1913,1060,1,0,186.05199999999999,0
4,1914,1068,1,0,155.11699999999999,0
4,1915,1076,1,0,188.82900000000001,0
4,1916,1084,1,0,198.13300000000001,0
4,1917,1092,1,0,186.874,0
4,1918,1100,1,0,179.04499999999999,0
4,1919,1108,1,0,127.321,0
4,1920,1116,1,0,189.405,0
4,1921,1124,1,0,190.80600000000001,0
4,1922,1132,1,0,159.113,0
4,1923,1140,1,0,178.88,0
4,1924,1148,1,0,141.47200000000001,0
4,1925,1156,1,0,147.42500000000001,0
4,1926,1164,1,0,148.982,0
4,1927,1172,1,0,174.50700000000001,0
4,1928,1180,1,0,168.31200000000001,0
4,1929,1188,1,0,181.59299999999999,0
4,1930,1196,1,0,199.94300000000001,0
4,1931,1204,1,0,153.27099999999999,0
4,1932,1212,1,0,136.447,0
4,1933,1220,1,0,164.07599999999999,0
4,1934,1228,1,0,143.08600000000001,0
4,1935,1236,1,0,175.18100000000001,0
4,1936,1244,1,0,203.20599999999999,0
4,1937,1252,1,0,182.11199999999999,0
4,1938,1260,1,0,196.69499999999999,0
4,1939,1268,1,0,131.17099999999999,0
4,1940,1276,1,0,190.96700000000001,0
4,1941,1284,1,0,123.553,0
4,1942,1292,1,0,224.65100000000001,0
4,1943,1300,1,0,180.179,0
4,1944,1308,1,0,181.51300000000001,0
4,1945,1316,1,0,201.86799999999999,0
4,1946,1324,1,0,189.071,0
4,1947,1332,1,0,197.98400000000001,0
4,1948,1340,1,0,153.72800000000001,0
4,1949,1348,1,0,183.934,0
4,1950,1356,1,0,194.62,0
4,1951,1364,1,0,149.62799999999999,0
4,1952,1372,1,0,153.762,0
4,1953,1380,1,0,173.31100000000001,0
4,1954,1388,1,0,149.18899999999999,0
4,1955,1396,1,0,192.34299999999999,0
4,1956,1404,1,0,152.5,0
4,1957,1412,1,0,208.46199999999999,0
4,1958,1420,1,0,173.28200000000001,0
4,1959,1428,1,0,171.97999999999999,0
4,1960,1436,1,0,171.05799999999999,0
4,1961,1444,1,0,200.04900000000001,0
4,1962,1452,1,0,165.87,0
4,1963,1460,1,0,180.18199999999999,0
4,1964,1468,1,0,151.93700000000001,0
4,1965,1476,1,0,192.70099999999999,0
4,1966,1484,1,0,178.11699999999999,0
4,1967,1492,1,0,155.48500000000001,0
4,1968,1500,1,0,176.87799999999999,0
4,1969,1508,1,0,185.86799999999999,0
4,1970,1516,1,0,165.28800000000001,0
4,1971,1524,1,0,171.38399999999999,0
4,1972,1532,1,0,142.53999999999999,0
4,1973,1540,1,0,182.88800000000001,0
4,1974,1548,1,0,156.51300000000001,0
4,1975,1556,1,0,191.684,0
4,1976,1564,1,0,177.20099999999999,0
4,1977,1572,1,0,182.536,0
4,1978,1580,1,0,155.40100000000001,0
4,1979,1588,1,0,134.352,0
4,1980,1596,1,0,193.67500000000001,0
4,1981,1604,1,0,171.96000000000001,0
4,1982,1612,1,0,129.643,0
4,1983,1620,1,0,172.70500000000001,0
4,1984,1628,1,0,168.72900000000001,0
4,1985,1636,1,0,127.279,0
4,1986,1644,1,0,191.57300000000001,0
4,1987,1652,1,0,158.27000000000001,0
4,1988,1660,1,0,181.50299999999999,0
4,1989,1668,1,0,166.31700000000001,0
4,1990,1676,1,0,170.13200000000001,0
4,1991,1684,1,0,177.87100000000001,0
4,1992,1692,1,0,180.31399999999999,0
4,1993,1700,1,0,174.547,0
4,1994,1708,1,0,145.209,0
4,1995,1716,1,0,182.38999999999999,0
4,1996,1724,1,0,169.67599999999999,0
4,1997,1732,1,0,165.983,0
4,1998,1740,1,0,158.00800000000001,0
4,1999,1748,1,0,178.36199999999999,0
4,2000,1756,1,0,180.45699999999999,0
4,2001,1764,1,0,186.696,0
4,2002,1772,1,0,190.251,0
4,2003,1780,1,0,177.01499999999999,0
4,2004,1788,1,0,183.13,0
4,2005,1796,1,0,190.303,0
4,2006,1804,1,0,169.292,0
4,2007,1812,1,0,151.923,0
4,2008,1820,1,0,190.91999999999999,0
4,2009,1828,1,0,165.351,0
4,2010,1836,1,0,181.55799999999999,0
4,2011,1844,1,0,187.22900000000001,0
4,2012,1852,1,0,193.38900000000001,0
4,2013,1860,1,0,147.24000000000001,0
4,2014,1868,1,0,173.69800000000001,0
4,2015,1876,1,0,193.714,0
4,2016,1884,1,0,200.649,0
4,2017,1892,1,0,180.72800000000001,0
4,2018,1900,1,0,188.273,0
4,2019,1908,1,0,189.22499999999999,0
4,2020,1916,1,0,189.941,0
4,2021,1924,1,0,180.11099999999999,0
4,2022,1932,1,0,179.10400000000001,0
4,2023,1940,1,0,142.19900000000001,0
4,2024,1948,1,0,191.66800000000001,0
4,2025,1956,1,0,137.852,0
4,2026,1964,1,0,162.42599999999999,0
4,2027,1972,1,0,206.626,0
4,2028,1980,1,0,190.852,0
4,2029,1988,1,0,180.91499999999999,0
4,2030,1996,1,0,195.91399999999999,0
4,2031,2004,1,0,202.238,0
4,2032,2012,1,0,186.977,0
4,2033,2020,1,0,173.738,0
4,2034,2028,1,0,190.512,0
4,2035,2036,1,0,165.58199999999999,0
4,2036,2044,1,0,182.255,0
4,2037,2052,1,0,156.416,0
4,2038,2060,1,0,186.17400000000001,0
4,2039,2068,1,0,176.792,0
4,2040,2076,1,0,206.999,0
4,2041,2084,1,0,124.712,0
4,2042,2092,1,0,162.77600000000001,0
4,2043,2100,1,0,180.47499999999999,0
4,2044,2108,1,0,185.11600000000001,0
4,2045,2116,1,0,214.06299999999999,0
4,2046,2124,1,0,152.46600000000001,0
4,2047,2132,1,0,191.904,0
4,2048,2140,1,0,184.583,0
4,2049,2148,1,0,180.547,0
4,2050,2156,1,0,196.47999999999999,0
4,2051,2164,1,0,182.04499999999999,0
4,2052,2172,1,0,183.11099999999999,0
4,2053,2180,1,0,172.81399999999999,0
4,2054,2188,1,0,202.89699999999999,0
4,2055,2196,1,0,165.00800000000001,0
4,2056,2204,1,0,195.34399999999999,0
4,2057,2212,1,0,187.74700000000001,0
4,2058,2220,1,0,160.672,0
4,2059,2228,1,0,161.19499999999999,0
4,2060,2236,1,0,158.30199999999999,0
4,2061,2244,1,0,180.50200000000001,0
4,2062,2252,1,0,177.684,0
4,2063,2260,1,0,162.59200000000001,0
4,2064,2268,1,0,136.53800000000001,0
4,2065,2276,1,0,169.542,0
4,2066,2284,1,0,175.125,0
4,2067,2292,1,0,190.28700000000001,0
4,2068,2300,1,0,190.86199999999999,0
4,2069,2308,1,0,140.94900000000001,0
4,2070,2316,1,0,192.47399999999999,0
4,2071,2324,1,0,164.56399999999999,0
4,2072,2332,1,0,198.767,0
4,2073,2340,1,0,169.77600000000001,0
4,2074,2348,1,0,194.64599999999999,0
4,2075,2356,1,0,170.42099999999999,0
4,2076,2364,1,0,175.47399999999999,0
4,2077,2372,1,0,189.34399999999999,0
4,2078,2380,1,0,216.834,0
4,2079,2388,1,0,176.71000000000001,0
4,2080,2396,1,0,173.161,0
4,2081,2404,1,0,177.52699999999999,0
4,2082,2412,1,0,201.476,0
4,2083,2420,1,0,172.08699999999999,0
4,2084,2428,1,0,136.38399999999999,0
4,2085,2436,1,0,185.61699999999999,0
4,2086,2444,1,0,184.608,0
4,2087,2452,1,0,156.91999999999999,0
4,2088,2460,1,0,180.822,0
4,2089,2468,1,0,165.22800000000001,0
4,2090,2476,1,0,164.227,0
4,2091,2484,1,0,202.67500000000001,0
4,2092,2492,1,0,170.071,0
4,2093,2500,1,0,184.875,0
4,2094,2508,1,0,187.197,0
4,2095,2516,1,0,118.027,0
4,2096,2524,1,0,159.364,0
4,2097,2532,1,0,184.25,0
4,2098,2540,1,0,192.22900000000001,0
4,2099,2548,1,0,189.66300000000001,0
4,2100,2556,1,0,190.11099999999999,0
4,2101,2564,1,0,173.471,0
4,2102,2572,1,0,177.36199999999999,0
4,2103,2580,1,0,147.839,0
4,2104,2588,1,0,181.97999999999999,0
4,2105,2596,1,0,136.279,0
4,2106,2604,1,0,147.61799999999999,0
4,2107,2612,1,0,184.27799999999999,0
4,2108,2620,1,0,170.86199999999999,0
4,2109,2628,1,0,193.89099999999999,0
4,2110,2636,1,0,187.33799999999999,0
4,2111,2644,1,0,198.41800000000001,0
4,2112,2652,1,0,196.81899999999999,0
4,2113,2660,1,0,150.69200000000001,0
4,2114,2668,1,0,175.03100000000001,0
4,2115,2676,1,0,152.63499999999999,0
4,2116,2684,1,0,189.114,0
4,2117,2692,1,0,165.41800000000001,0
4,2118,2700,1,0,182.09899999999999,0
4,2119,2708,1,0,145.71299999999999,0
4,2120,2716,1,0,168.65199999999999,0
4,2121,2724,1,0,186.89500000000001,0
4,2122,2732,1,0,151.28100000000001,0
4,2123,2740,1,0,172.416,0
4,2124,2748,1,0,124.774,0
4,2125,2756,1,0,167.916,0
4,2126,2764,1,0,192.94300000000001,0
4,2127,2772,1,0,157.86000000000001,0
4,2128,2780,1,0,193.53200000000001,0
4,2129,2788,1,0,161.81100000000001,0
4,2130,2796,1,0,184.221,0
4,2131,2804,1,0,137.41,0
4,2132,2812,1,0,136.685,0
4,2133,2820,1,0,179.89699999999999,0
4,2134,2828,1,0,157.76599999999999,0
4,2135,2836,1,0,197.001,0
4,2136,2844,1,0,167.14400000000001,0
4,2137,2852,1,0,180.82599999999999,0
4,2138,2860,1,0,191.03800000000001,0
4,2139,2868,1,0,175.751,0
4,2140,2876,1,0,190.49700000000001,0
4,2141,2884,1,0,203.72900000000001,0
4,2142,2892,1,0,164.84,0
4,2143,2900,1,0,177.72200000000001,0
4,2144,2908,1,0,154.11199999999999,0
4,2145,2916,1,0,159.45099999999999,0
4,2146,2924,1,0,188.38999999999999,0
4,2147,2932,1,0,170.82900000000001,0
4,2148,2940,1,0,181.47300000000001,0
4,2149,2948,1,0,195.39500000000001,0
4,2150,2956,1,0,185.643,0
4,2151,2964,1,0,196.08000000000001,0
4,2152,2972,1,0,186.11600000000001,0
4,2153,2980,1,0,190.577,0
4,2154,2988,1,0,180.79499999999999,0
4,2155,2996,1,0,137.24299999999999,0
4,2156,3004,1,0,149.815,0
4,2157,3012,1,0,186.66900000000001,0
4,2158,3020,1,0,153.221,0
4,2159,3028,1,0,171.98599999999999,0
4,2160,3036,1,0,165.60599999999999,0
4,2161,3044,1,0,156.09100000000001,0
4,2162,3052,1,0,182.376,0
4,2163,3060,1,0,182.84800000000001,0
4,2164,3068,1,0,190.38399999999999,0
4,2165,3076,1,0,195.53200000000001,0
4,2166,3084,1,0,186.00399999999999,0
4,2167,3092,1,0,202,0
4,2168,3100,1,0,131.191,0
4,2169,3108,1,0,168.06200000000001,0
4,2170,3116,1,0,169.738,0
4,2171,3124,1,0,179.07900000000001,0
4,2172,3132,1,0,184.33199999999999,0
4,2173,3140,1,0,205.05600000000001,0
4,2174,3148,1,0,190.78700000000001,0
4,2175,3156,1,0,176.899,0
4,2176,3164,1,0,179.584,0
4,2177,3172,1,0,200.43899999999999,0
4,2178,3180,1,0,191.36199999999999,0
4,2179,3188,1,0,174.30000000000001,0
4,2180,3196,1,0,149.31100000000001,0
4,2181,3204,1,0,161.74000000000001,0
4,2182,3212,1,0,185.47900000000001,0
4,2183,3220,1,0,189.148,0
4,2184,3228,1,0,193.79599999999999,0
4,2185,3236,1,0,203.35400000000001,0
4,2186,3244,1,0,177.33699999999999,0
4,2187,3252,1,0,189.61000000000001,0
4,2188,3260,1,0,151.203,0
4,2189,3268,1,0,169.77000000000001,0
4,2190,3276,1,0,127.114,0
4,2191,3284,1,0,138.61199999999999,0
4,2192,3292,1,0,179.589,0
4,2193,3300,1,0,195.43100000000001,0
4,2194,3308,1,0,158.57300000000001,0
4,2195,3316,1,0,156.13300000000001,0
4,2196,3324,1,0,197.88499999999999,0
4,2197,3332,1,0,183.816,0
4,2198,3340,1,0,177.863,0
4,2199,3348,1,0,145.27000000000001,0
4,2200,3356,1,0,212.333,0
4,2201,3364,1,0,167.33600000000001,0
4,2202,3372,1,0,141.63900000000001,0
4,2203,3380,1,0,163.59,0
4,2204,3388,1,0,182.42400000000001,0
4,2205,3396,1,0,188.56100000000001,0
4,2206,3404,1,0,138.83099999999999,0
4,2207,3412,1,0,166.547,0
4,2208,3420,1,0,155.518,0
4,2209,3428,1,0,208.983,0
4,2210,3436,1,0,156.203,0
4,2211,3444,1,0,176.38300000000001,0
4,2212,3452,1,0,193.51400000000001,0
4,2213,3460,1,0,157.25,0
4,2214,3468,1,0,182.35400000000001,0
4,2215,3476,1,0,177.28,0
4,2216,3484,1,0,143.583,0
4,2217,3492,1,0,170.77600000000001,0
4,2218,3500,1,0,146.25,0
4,2219,3508,1,0,134.46799999999999,0
4,2220,3516,1,0,206.369,0
4,2221,3524,1,0,159.46600000000001,0
4,2222,3532,1,0,146.14099999999999,0
4,2223,3540,1,0,204.17500000000001,0
4,2224,3548,1,0,158.935,0
4,2225,3556,1,0,150.464,0
4,2226,3564,1,0,155.94300000000001,0
4,2227,3572,1,0,186.298,0
4,2228,3580,1,0,171.05600000000001,0
4,2229,3588,1,0,178.40199999999999,0
4,2230,3596,1,0,186.935,0
4,2231,3604,1,0,194.63900000000001,0
4,2232,3612,1,0,179.27699999999999,0
4,2233,3620,1,0,166.72399999999999,0
4,2234,3628,1,0,155.053,0
4,2235,3636,1,0,143.93100000000001,0
4,2236,3644,1,0,193.495,0
4,2237,3652,1,0,191.386,0
4,2238,3660,1,0,169.57900000000001,0
4,2239,3668,1,0,195.74100000000001,0
4,2240,3676,1,0,186.65199999999999,0
4,2241,3684,1,0,160.434,0
4,2242,3692,1,0,182.54400000000001,0
4,2243,3700,1,0,175.209,0
4,2244,3708,1,0,139.72999999999999,0
4,2245,3716,1,0,181.584,0
4,2246,3724,1,0,170.99100000000001,0
4,2247,3732,1,0,189.334,0
4,2248,3740,1,0,203.078,0
4,2249,3748,1,0,175.98500000000001,0
4,2250,3756,1,0,165.60499999999999,0
4,2251,3764,1,0,174.27000000000001,0
4,2252,3772,1,0,183.47300000000001,0
4,2253,3780,1,0,170.28399999999999,0
4,2254,3788,1,0,168.923,0
4,2255,3796,1,0,179.13800000000001,0
4,2256,3804,1,0,183.44,0
4,2257,3812,1,0,183.62899999999999,0
4,2258,3820,1,0,183.19800000000001,0
4,2259,3828,1,0,171.321,0
4,2260,3836,1,0,167.06800000000001,0
4,2261,3844,1,0,137.619,0
4,2262,3852,1,0,203.00399999999999,0
4,2263,3860,1,0,150.50999999999999,0
4,2264,3868,1,0,156.02600000000001,0
4,2265,3876,1,0,178.28200000000001,0
4,2266,3884,1,0,184.113,0
4,2267,3892,1,0,174.096,0
4,2268,3900,1,0,185.42500000000001,0
4,2269,3908,1,0,165.21600000000001,0
4,2270,3916,1,0,127.657,0
4,2271,3924,1,0,195.65199999999999,0
4,2272,3932,1,0,148.19999999999999,0
4,2273,3940,1,0,165.38300000000001,0
4,2274,3948,1,0,186.25399999999999,0
4,2275,3956,1,0,181.37200000000001,0
4,2276,3964,1,0,152.352,0
4,2277,3972,1,0,146.36199999999999,0
4,2278,3980,1,0,188.24600000000001,0
4,2279,3988,1,0,177.40899999999999,0
4,2280,3996,1,0,186.83000000000001,0
4,2281,4004,1,0,220.852,0
4,2282,4012,1,0,199.44200000000001,0
4,2283,4020,1,0,182.89699999999999,0
4,2284,4028,1,0,154.55099999999999,0
4,2285,4036,1,0,171.03299999999999,0
4,2286,4044,1,0,159.47399999999999,0
4,2287,4052,1,0,168.09299999999999,0
4,2288,4060,1,0,176.04400000000001,0
4,2289,4068,1,0,132.58099999999999,0
4,2290,4076,1,0,138.78200000000001,0
4,2291,4084,1,0,155.41300000000001,0
4,2292,4092,1,0,153.762,0
4,2293,4100,1,0,177.70500000000001,0
4,2294,4108,1,0,178.822,0
4,2295,4116,1,0,173.86000000000001,0
4,2296,4124,1,0,215.834,0
4,2297,4132,1,0,160.78,0
4,2298,4140,1,0,167.09700000000001,0
4,2299,4148,1,0,180.96000000000001,0
4,2300,4156,1,0,174.66900000000001,0
4,2301,4164,1,0,218.78,0
4,2302,4172,1,0,198.48699999999999,0
4,2303,4180,1,0,206.03800000000001,0
4,2304,4188,1,0,211.97499999999999,0
4,2305,4196,1,0,166.279,0
4,2306,4204,1,0,155.83799999999999,0
4,2307,4212,1,0,183.298,0
4,2308,4220,1,0,171.25200000000001,0
4,2309,4228,1,0,175.08000000000001,0
4,2310,4236,1,0,184.12299999999999,0
4,2311,4244,1,0,178.34299999999999,0
4,2312,4252,1,0,133.678,0
4,2313,4260,1,0,162.83699999999999,0
4,2314,4268,1,0,184.66900000000001,0
4,2315,4276,1,0,206.61699999999999,0
4,2316,4284,1,0,134.429,0
4,2317,4292,1,0,159.06,0
4,2318,4300,1,0,181.661,0
4,2319,4308,1,0,154.012,0
4,2320,4316,1,0,177.024,0
4,2321,4324,1,0,174.45099999999999,0
4,2322,4332,1,0,173.559,0
4,2323,4340,1,0,174.488,0
4,2324,4348,1,0,195.28700000000001,0
4,2325,4356,1,0,169.99799999999999,0
4,2326,4364,1,0,179.869,0
4,2327,4372,1,0,145.739,0
4,2328,4380,1,0,121.081,0
4,2329,4388,1,0,156.81200000000001,0
4,2330,4396,1,0,176.93799999999999,0
4,2331,4404,1,0,179.251,0
4,2332,4412,1,0,177.55799999999999,0
4,2333,4420,1,0,189.768,0
4,2334,4428,1,0,187.83000000000001,0
4,2335,4436,1,0,161.291,0
4,2336,4444,1,0,165.601,0
4,2337,4452,1,0,173.22200000000001,0
4,2338,4460,1,0,138.02000000000001,0
4,2339,4468,1,0,185.26599999999999,0
4,2340,4476,1,0,192.44200000000001,0
4,2341,4484,1,0,191.53399999999999,0
4,2342,4492,1,0,172.66,0
4,2343,4500,1,0,186.88499999999999,0
4,2344,4508,1,0,167.357,0
4,2345,4516,1,0,169.41800000000001,0
4,2346,4524,1,0,170.202,0
4,2347,4532,1,0,177.93199999999999,0
4,2348,4540,1,0,145.405,0
4,2349,4548,1,0,196.87200000000001,0
4,2350,4556,1,0,196.68199999999999,0
4,2351,4564,1,0,140.30000000000001,0
4,2352,4572,1,0,180.41900000000001,0
4,2353,4580,1,0,181.935,0
4,2354,4588,1,0,137.04900000000001,0
4,2355,4596,1,0,197.84,0
4,2356,4604,1,0,152.95500000000001,0
4,2357,4612,1,0,150.27500000000001,0
4,2358,4620,1,0,176.03,0
4,2359,4628,1,0,192.93799999999999,0
4,2360,4636,1,0,208.017,0
4,2361,4644,1,0,174.59100000000001,0
4,2362,4652,1,0,175.06800000000001,0
4,2363,4660,1,0,181.256,0
4,2364,4668,1,0,177.60499999999999,0
4,2365,4676,1,0,124.65300000000001,0
4,2366,4684,1,0,204.87,0
4,2367,4692,1,0,172.209,0
4,2368,4700,1,0,172.46199999999999,0
4,2369,4708,1,0,165.53399999999999,0
4,2370,4716,1,0,184.84200000000001,0
4,2371,4724,1,0,183.84100000000001,0
4,2372,4732,1,0,167.96700000000001,0
4,2373,4740,1,0,169.892,0
4,2374,4748,1,0,181.249,0
4,2375,4756,1,0,153.49700000000001,0
4,2376,4764,1,0,184.233,0
4,2377,4772,1,0,188.04300000000001,0
4,2378,4780,1,0,191.09800000000001,0
4,2379,4788,1,0,194.74600000000001,0
4,2380,4796,1,0,194.48699999999999,0
4,2381,4804,1,0,189.816,0
4,2382,4812,1,0,166.816,0
4,2383,4820,1,0,172.40600000000001,0
4,2384,4828,1,0,184.33500000000001,0
4,2385,4836,1,0,197.65799999999999,0
4,2386,4844,1,0,201.82400000000001,0
4,2387,4852,1,0,208.80600000000001,0
4,2388,4860,1,0,201.233,0
4,2389,4868,1,0,190.45400000000001,0
4,2390,4876,1,0,189.16800000000001,0
4,2391,4884,1,0,170.066,0
4,2392,4892,1,0,193.24100000000001,0
4,2393,4900,1,0,145.19200000000001,0
4,2394,4908,1,0,150.87,0
4,2395,4916,1,0,213.81899999999999,0
4,2396,4924,1,0,125.233,0
4,2397,4932,1,0,144.25800000000001,0
4,2398,4940,1,0,191.99199999999999,0
4,2399,4948,1,0,175.012,0
4,2400,4956,1,0,191.24100000000001,0
4,2401,4964,1,0,176.64099999999999,0
4,2402,4972,1,0,151.75299999999999,0
4,2403,4980,1,0,184.74000000000001,0
4,2404,4988,1,0,165.24199999999999,0
4,2405,4996,1,0,171.54900000000001,0
4,2406,5004,1,0,119.304,0
4,2407,5012,1,0,187.40600000000001,0
4,2408,5020,1,0,176.99000000000001,0
4,2409,5028,1,0,143.08000000000001,0
4,2410,5036,1,0,148.72900000000001,0
4,2411,5044,1,0,203.56299999999999,0
4,2412,5052,1,0,136.518,0
4,2413,5060,1,0,176.666,0
4,2414,5068,1,0,194.30799999999999,0
4,2415,5076,1,0,154.447,0
4,2416,5084,1,0,203.15700000000001,0
4,2417,5092,1,0,181.166,0
4,2418,5100,1,0,149.01499999999999,0
4,2419,5108,1,0,185.16399999999999,0
4,2420,5116,1,0,177.01900000000001,0
4,2421,5124,1,0,167.61199999999999,0
4,2422,5132,1,0,134.37200000000001,0
4,2423,5140,1,0,187.57300000000001,0
4,2424,5148,1,0,172.33699999999999,0
4,2425,5156,1,0,190.172,0
4,2426,5164,1,0,186.392,0
4,2427,5172,1,0,131.191,0
4,2428,5180,1,0,187.98400000000001,0
4,2429,5188,1,0,192.64400000000001,0
4,2430,5196,1,0,139.77000000000001,0
4,2431,5204,1,0,130.57599999999999,0
4,2432,5212,1,0,193.25899999999999,0
4,2433,5220,1,0,188.22900000000001,0
4,2434,5228,1,0,192.84100000000001,0
4,2435,5236,1,0,193.42400000000001,0
4,2436,5244,1,0,204.898,0
4,2437,5252,1,0,209.96600000000001,0
4,2438,5260,1,0,136.22800000000001,0
4,2439,5268,1,0,200.97800000000001,0
4,2440,5276,1,0,167.386,0
4,2441,5284,1,0,186.45500000000001,0
4,2442,5292,1,0,185.31,0
4,2443,5300,1,0,143.816,0
4,2444,5308,1,0,167.90100000000001,0
4,2445,5316,1,0,149.03800000000001,0
4,2446,5324,1,0,167.13999999999999,0
4,2447,5332,1,0,207.00200000000001,0
4,2448,5340,1,0,184.25700000000001,0
4,2449,5348,1,0,142.97999999999999,0
4,2450,5356,1,0,188.244,0
4,2451,5364,1,0,184.80600000000001,0
4,2452,5372,1,0,218.93299999999999,0
4,2453,5380,1,0,173.59,0
4,2454,5388,1,0,201.065,0
4,2455,5396,1,0,187.55600000000001,0
4,2456,5404,1,0,196.803,0
4,2457,5412,1,0,203.07499999999999,0
4,2458,5420,1,0,146.959,0
4,2459,5428,1,0,147.251,0
4,2460,5436,1,0,184.30199999999999,0
4,2461,5444,1,0,169.52099999999999,0
4,2462,5452,1,0,188.59,0
4,2463,5460,1,0,173.01499999999999,0
4,2464,5468,1,0,201.43000000000001,0
4,2465,5476,1,0,186.898,0
4,2466,5484,1,0,166.15899999999999,0
4,2467,5492,1,0,165.31999999999999,0
4,2468,5500,1,0,151.768,0
4,2469,5508,1,0,189.91900000000001,0
4,2470,5516,1,0,165.083,0
4,2471,5524,1,0,183.82599999999999,0
4,2472,5532,1,0,157.45500000000001,0
4,2473,5540,1,0,152.459,0
4,2474,5548,1,0,189.47,0
4,2475,5556,1,0,184.202,0
4,2476,5564,1,0,166.41,0
4,2477,5572,1,0,162.024,0
4,2478,5580,1,0,190.84700000000001,0
4,2479,5588,1,0,197.50299999999999,0
4,2480,5596,1,0,154.53800000000001,0
4,2481,5604,1,0,198.93700000000001,0
4,2482,5612,1,0,164.125,0
4,2483,5620,1,0,178.31100000000001,0
4,2484,5628,1,0,185.57499999999999,0
4,2485,5636,1,0,182.19399999999999,0
4,2486,5644,1,0,189.749,0
4,2487,5652,1,0,190.744,0
4,2488,5660,1,0,151.78,0
4,2489,5668,1,0,147.36500000000001,0
4,2490,5676,1,0,195.28700000000001,0
4,2491,5684,1,0,117.571,0
4,2492,5692,1,0,179.87799999999999,0
4,2493,5700,1,0,162.38,0
4,2494,5708,1,0,167.94,0
4,2495,5716,1,0,177.90600000000001,0
4,2496,5724,1,0,182.19999999999999,0
4,2497,5732,1,0,220.29900000000001,0
4,2498,5740,1,0,176.70099999999999,0
4,2499,5748,1,0,165.28700000000001,0
4,2500,5756,1,0,163.75399999999999,0
4,2501,5764,1,0,193.29599999999999,0
4,2502,5772,1,0,162.84399999999999,0
4,2503,5780,1,0,163.21100000000001,0
4,2504,5788,1,0,192.048,0
4,2505,5796,1,0,177.21299999999999,0
4,2506,5804,1,0,162.292,0
4,2507,5812,1,0,187.036,0
4,2508,5820,1,0,175.34200000000001,0
4,2509,5828,1,0,170.452,0
4,2510,5836,1,0,148.39400000000001,0
4,2511,5844,1,0,178.863,0
4,2512,5852,1,0,160.88,0
4,2513,5860,1,0,187.10499999999999,0
4,2514,5868,1,0,148.33799999999999,0
4,2515,5876,1,0,169.66,0
4,2516,5884,1,0,186.23400000000001,0
4,2517,5892,1,0,186.398,0
4,2518,5900,1,0,193.53899999999999,0
4,2519,5908,1,0,150.70400000000001,0
4,2520,5916,1,0,192.25800000000001,0
4,2521,5924,1,0,191.61099999999999,0
4,2522,5932,1,0,166.67099999999999,0
4,2523,5940,1,0,174.114,0
4,2524,5948,1,0,179.595,0
4,2525,5956,1,0,168.38300000000001,0
4,2526,5964,1,0,168.84899999999999,0
4,2527,5972,1,0,213.88,0
4,2528,5980,1,0,161.06800000000001,0
4,2529,5988,1,0,190.941,0
4,2530,5996,1,0,148.52099999999999,0
4,2531,6004,1,0,175.93100000000001,0
4,2532,6012,1,0,146.55699999999999,0
4,2533,6020,1,0,152.143,0
4,2534,6028,1,0,124.616,0
4,2535,6036,1,0,171.96299999999999,0
4,2536,6044,1,0,170.148,0
4,2537,6052,1,0,135.221,0
4,2538,6060,1,0,174.49299999999999,0
4,2539,6068,1,0,183.72999999999999,0
4,2540,6076,1,0,181.989,0
4,2541,6084,1,0,172.827,0
4,2542,6092,1,0,174.82300000000001,0
4,2543,6100,1,0,149.137,0
4,2544,6108,1,0,158.447,0
4,2545,6116,1,0,160.25899999999999,0
4,2546,6124,1,0,163.82499999999999,0
4,2547,6132,1,0,192.31299999999999,0
4,2548,6140,1,0,150.852,0
4,2549,6148,1,0,164.358,0
4,2550,6156,1,0,210.762,0
4,2551,6164,1,0,174.215,0
4,2552,6172,1,0,249.67599999999999,0
4,2553,6180,1,0,163.27500000000001,0
4,2554,6188,1,0,202.75999999999999,0
4,2555,6196,1,0,192.64500000000001,0
4,2556,6204,1,0,145.28399999999999,0
4,2557,6212,1,0,193.09299999999999,0
4,2558,6220,1,0,184.911,0
4,2559,6228,1,0,186.619,0
4,2560,6236,1,0,160.881,0
4,2561,6244,1,0,166.374,0
4,2562,6252,1,0,187.697,0
4,2563,6260,1,0,188.643,0
4,2564,6268,1,0,179.64400000000001,0
4,2565,6276,1,0,156.03200000000001,0
4,2566,6284,1,0,193.20400000000001,0
4,2567,6292,1,0,144.58500000000001,0
4,2568,6300,1,0,165.09299999999999,0
4,2569,6308,1,0,171.471,0
4,2570,6316,1,0,157.44900000000001,0
4,2571,6324,1,0,196.59,0
4,2572,6332,1,0,157.643,0
4,2573,6340,1,0,163.905,0
4,2574,6348,1,0,192.148,0
4,2575,6356,1,0,180.87799999999999,0
4,2576,6364,1,0,138.96600000000001,0
4,2577,6372,1,0,148.18700000000001,0
4,2578,6380,1,0,160.68199999999999,0
4,2579,6388,1,0,135.08099999999999,0
4,2580,6396,1,0,187.00800000000001,0
4,2581,6404,1,0,170.77799999999999,0
4,2582,6412,1,0,131.90299999999999,0
4,2583,6420,1,0,206.66999999999999,0
4,2584,6428,1,0,165.50999999999999,0
4,2585,6436,1,0,175.18100000000001,0
4,2586,6444,1,0,200.518,0
4,2587,6452,1,0,182.31999999999999,0
4,2588,6460,1,0,173.25899999999999,0
4,2589,6468,1,0,199.40700000000001,0
4,2590,6476,1,0,173.06200000000001,0
4,2591,6484,1,0,206.81399999999999,0
4,2592,6492,1,0,172.779,0
4,2593,6500,1,0,180.02699999999999,0
4,2594,6508,1,0,189.959,0
4,2595,6516,1,0,193.94399999999999,0
4,2596,6524,1,0,180.26599999999999,0
4,2597,6532,1,0,168.86799999999999,0
4,2598,6540,1,0,194.22,0
4,2599,6548,1,0,179.601,0
4,2600,6556,1,0,184.136,0
4,2601,6564,1,0,192.40199999999999,0
4,2602,6572,1,0,197.17500000000001,0
4,2603,6580,1,0,178.20099999999999,0
4,2604,6588,1,0,193.42699999999999,0
4,2605,6596,1,0,183.23400000000001,0
4,2606,6604,1,0,176.43799999999999,0
4,2607,6612,1,0,124.47199999999999,0
4,2608,6620,1,0,199.90799999999999,0
4,2609,6628,1,0,161.12299999999999,0
4,2610,6636,1,0,203.684,0
4,2611,6644,1,0,192.45699999999999,0
4,2612,6652,1,0,179.41200000000001,0
4,2613,6660,1,0,177.53700000000001,0
4,2614,6668,1,0,177.792,0
4,2615,6676,1,0,179.62200000000001,0
4,2616,6684,1,0,183.46299999999999,0
4,2617,6692,1,0,202.28,0
4,2618,6700,1,0,178.797,0
4,2619,6708,1,0,175.29900000000001,0
4,2620,6716,1,0,214.46600000000001,0
4,2621,6724,1,0,170.29499999999999,0
4,2622,6732,1,0,197.524,0
4,2623,6740,1,0,123.842,0
4,2624,6748,1,0,175.16999999999999,0
4,2625,6756,1,0,197.13499999999999,0
4,2626,6764,1,0,142.10499999999999,0
4,2627,6772,1,0,165.339,0
4,2628,6780,1,0,190.96700000000001,0
4,2629,6788,1,0,193.12899999999999,0
4,2630,6796,1,0,177.66,0
4,2631,6804,1,0,120.655,0
4,2632,6812,1,0,197.21299999999999,0
4,2633,6820,1,0,169.93199999999999,0
4,2634,6828,1,0,213.65299999999999,0
4,2635,6836,1,0,186.78800000000001,0
4,2636,6844,1,0,196.006,0
4,2637,6852,1,0,204.05000000000001,0
4,2638,6860,1,0,146.98699999999999,0
4,2639,6868,1,0,165.04400000000001,0
4,2640,6876,1,0,153.03800000000001,0
4,2641,6884,1,0,172.197,0
4,2642,6892,1,0,177.81,0
4,2643,6900,1,0,196.10900000000001,0
4,2644,6908,1,0,163.68299999999999,0
4,2645,6916,1,0,188.93899999999999,0
4,2646,6924,1,0,196.904,0
4,2647,6932,1,0,180.11199999999999,0
4,2648,6940,1,0,165.74000000000001,0
4,2649,6948,1,0,165.78700000000001,0
4,2650,6956,1,0,190.554,0
4,2651,6964,1,0,161.249,0
4,2652,6972,1,0,177.202,0
4,2653,6980,1,0,187.209,0
4,2654,6988,1,0,188.476,0
4,2655,6996,1,0,148.666,0
4,2656,7004,1,0,192.62200000000001,0
4,2657,7012,1,0,154.69300000000001,0
4,2658,7020,1,0,164.23500000000001,0
4,2659,7028,1,0,174.99100000000001,0
4,2660,7036,1,0,172.54300000000001,0
4,2661,7044,1,0,197.77199999999999,0
4,2662,7052,1,0,178.24799999999999,0
4,2663,7060,1,0,175.447,0
4,2664,7068,1,0,161,0
4,2665,7076,1,0,171.048,0
4,2666,7084,1,0,176.83099999999999,0
4,2667,7092,1,0,158.67699999999999,0
4,2668,7100,1,0,157.81700000000001,0
4,2669,7108,1,0,177.52500000000001,0
4,2670,7116,1,0,211.70099999999999,0
4,2671,7124,1,0,161.44499999999999,0
4,2672,7132,1,0,172.24700000000001,0
4,2673,7140,1,0,159.97999999999999,0
4,2674,7148,1,0,173.768,0
4,2675,7156,1,0,176.64400000000001,0
4,2676,7164,1,0,183.952,0
4,2677,7172,1,0,191.14500000000001,0
4,2678,7180,1,0,148.13300000000001,0
4,2679,7188,1,0,167.92699999999999,0
4,2680,7196,1,0,197.994,0
4,2681,7204,1,0,165.38900000000001,0
4,2682,7212,1,0,172.102,0
4,2683,7220,1,0,157.07300000000001,0
4,2684,7228,1,0,172.23500000000001,0
4,2685,7236,1,0,182.94200000000001,0
4,2686,7244,1,0,198.447,0
4,2687,7252,1,0,207.495,0
4,2688,7260,1,0,146.155,0
4,2689,7268,1,0,185.63200000000001,0
4,2690,7276,1,0,181.83099999999999,0
4,2691,7284,1,0,172.93199999999999,0
4,2692,7292,1,0,242.827,0
4,2693,7300,1,0,161.42500000000001,0
4,2694,7308,1,0,183.58099999999999,0
4,2695,7316,1,0,130.88200000000001,0
4,2696,7324,1,0,174.45599999999999,0
4,2697,7332,1,0,150.86500000000001,0
4,2698,7340,1,0,184.655,0
4,2699,7348,1,0,166.851,0
4,2700,7356,1,0,178.93100000000001,0
4,2701,7364,1,0,172.321,0
4,2702,7372,1,0,193.28399999999999,0
4,2703,7380,1,0,197.56700000000001,0
4,2704,7388,1,0,205.369,0
4,2705,7396,1,0,146.25399999999999,0
4,2706,7404,1,0,187.47300000000001,0
4,2707,7412,1,0,147.63200000000001,0
4,2708,7420,1,0,172.98599999999999,0
4,2709,7428,1,0,158.13499999999999,0
4,2710,7436,1,0,195.02099999999999,0
4,2711,7444,1,0,167.88200000000001,0
4,2712,7452,1,0,160.92500000000001,0
4,2713,7460,1,0,181.61000000000001,0
4,2714,7468,1,0,143.56,0
4,2715,7476,1,0,183.506,0
4,2716,7484,1,0,191.173,0
4,2717,7492,1,0,193.36600000000001,0
4,2718,7500,1,0,155.96199999999999,0
4,2719,7508,1,0,190.37799999999999,0
4,2720,7516,1,0,145.928,0
4,2721,7524,1,0,187.56899999999999,0
4,2722,7532,1,0,188.208,0
4,2723,7540,1,0,168.13399999999999,0
4,2724,7548,1,0,149.10599999999999,0
4,2725,7556,1,0,206.34,0
4,2726,7564,1,0,158.072,0
4,2727,7572,1,0,145.72300000000001,0
4,2728,7580,1,0,160.041,0
4,2729,7588,1,0,202.93100000000001,0
4,2730,7596,1,0,201.21700000000001,0
4,2731,7604,1,0,195.73500000000001,0
4,2732,7612,1,0,199.25899999999999,0
4,2733,7620,1,0,180.595,0
4,2734,7628,1,0,159.203,0
4,2735,7636,1,0,176.64500000000001,0
4,2736,7644,1,0,129.12100000000001,0
4,2737,7652,1,0,198.30500000000001,0
4,2738,7660,1,0,217.74000000000001,0
4,2739,7668,1,0,182.30199999999999,0
4,2740,7676,1,0,172.01900000000001,0
4,2741,7684,1,0,170.36199999999999,0
4,2742,7692,1,0,176.495,0
4,2743,7700,1,0,164.84,0
4,2744,7708,1,0,157.559,0
4,2745,7716,1,0,126.15000000000001,0
4,2746,7724,1,0,191.97399999999999,0
4,2747,7732,1,0,174.77500000000001,0
4,2748,7740,1,0,211.85499999999999,0
4,2749,7748,1,0,180.60900000000001,0
4,2750,7756,1,0,137.167,0
4,2751,7764,1,0,165.58199999999999,0
4,2752,7772,1,0,162.435,0
4,2753,7780,1,0,158.47200000000001,0
4,2754,7788,1,0,184.13900000000001,0
4,2755,7796,1,0,171.47399999999999,0
4,2756,7804,1,0,179.09999999999999,0
4,2757,7812,1,0,130.08600000000001,0
4,2758,7820,1,0,180.38999999999999,0
4,2759,7828,1,0,174.94999999999999,0
4,2760,7836,1,0,193.85499999999999,0
4,2761,7844,1,0,194.035,0
4,2762,7852,1,0,187.21100000000001,0
4,2763,7860,1,0,193.50399999999999,0
4,2764,7868,1,0,176.148,0
4,2765,7876,1,0,211.49000000000001,0
4,2766,7884,1,0,129.73699999999999,0
4,2767,7892,1,0,223.405,0
4,2768,7900,1,0,167.48400000000001,0
4,2769,7908,1,0,194.59700000000001,0
4,2770,7916,1,0,180.12299999999999,0
4,2771,7924,1,0,187.49700000000001,0
4,2772,7932,1,0,136.24100000000001,0
4,2773,7940,1,0,166.881,0
4,2774,7948,1,0,182.46199999999999,0
4,2775,7956,1,0,178.166,0
4,2776,7964,1,0,162.38499999999999,0
4,2777,7972,1,0,215.43600000000001,0
4,2778,7980,1,0,189.29300000000001,0
4,2779,7988,1,0,174.33099999999999,0
4,2780,7996,1,0,189.358,0
4,2781,8004,1,0,127.009,0
4,2782,8012,1,0,163.53899999999999,0
4,2783,8020,1,0,177.91399999999999,0
4,2784,8028,1,0,183.79400000000001,0
4,2785,8036,1,0,143.27199999999999,0
4,2786,8044,1,0,165.93799999999999,0
4,2787,8052,1,0,195.47499999999999,0
4,2788,8060,1,0,137.614,0
4,2789,8068,1,0,227.041,0
4,2790,8076,1,0,193.94200000000001,0
4,2791,8084,1,0,172.57400000000001,0
4,2792,8092,1,0,179.29400000000001,0
4,2793,8100,1,0,194.923,0
4,2794,8108,1,0,122.812,0
4,2795,8116,1,0,145.84,0
4,2796,8124,1,0,184.125,0
4,2797,8132,1,0,205.893,0
4,2798,8140,1,0,173.69800000000001,0
4,2799,8148,1,0,193.208,0
4,2800,8156,1,0,194.19499999999999,0
4,2801,8164,1,0,146.32499999999999,0
4,2802,8172,1,0,151.81800000000001,0
4,2803,8180,1,0,152.958,0
4,2804,8188,1,0,177.17099999999999,0
4,2805,8196,1,0,168.279,0
4,2806,8204,1,0,160.21000000000001,0
4,2807,8212,1,0,182.398,0
4,2808,8220,1,0,191.50999999999999,0
4,2809,8228,1,0,189.85900000000001,0
4,2810,8236,1,0,162.005,0
4,2811,8244,1,0,184.315,0
4,2812,8252,1,0,159.904,0
4,2813,8260,1,0,180.35900000000001,0
4,2814,8268,1,0,184.35599999999999,0
4,2815,8276,1,0,177.726,0
4,2816,8284,1,0,174.74199999999999,0
4,2817,8292,1,0,173.78200000000001,0
4,2818,8300,1,0,188.512,0
4,2819,8308,1,0,136.80799999999999,0
4,2820,8316,1,0,197.50200000000001,0
4,2821,8324,1,0,145.834,0
4,2822,8332,1,0,179.83199999999999,0
4,2823,8340,1,0,150.32400000000001,0
4,2824,8348,1,0,163.95400000000001,0
4,2825,8356,1,0,183.56299999999999,0
4,2826,8364,1,0,185.52600000000001,0
4,2827,8372,1,0,172.12,0
4,2828,8380,1,0,136.322,0
4,2829,8388,1,0,187.75700000000001,0
4,2830,8396,1,0,190.965,0
4,2831,8404,1,0,192.143,0
4,2832,8412,1,0,170.477,0
4,2833,8420,1,0,172.77000000000001,0
4,2834,8428,1,0,172.196,0
4,2835,8436,1,0,183.72,0
4,2836,8444,1,0,160.80799999999999,0
4,2837,8452,1,0,172.024,0
4,2838,8460,1,0,182.774,0
4,2839,8468,1,0,170.97999999999999,0
4,2840,8476,1,0,189.71100000000001,0
4,2841,8484,1,0,173.477,0
4,2842,8492,1,0,181.85900000000001,0
4,2843,8500,1,0,193.489,0
4,2844,8508,1,0,123.65900000000001,0
4,2845,8516,1,0,170.83699999999999,0
4,2846,8524,1,0,192.84800000000001,0
4,2847,8532,1,0,163.964,0
4,2848,8540,1,0,181.989,0
4,2849,8548,1,0,152.26499999999999,0
4,2850,8556,1,0,191.63900000000001,0
4,2851,8564,1,0,167.875,0
4,2852,8572,1,0,177.858,0
4,2853,8580,1,0,147.637,0
4,2854,8588,1,0,155.41900000000001,0
4,2855,8596,1,0,190.733,0
4,2856,8604,1,0,176.07499999999999,0
4,2857,8612,1,0,186.67599999999999,0
4,2858,8620,1,0,168.399,0
4,2859,8628,1,0,186.084,0
4,2860,8636,1,0,135.07599999999999,0
4,2861,8644,1,0,129.685,0
4,2862,8652,1,0,149.06100000000001,0
4,2863,8660,1,0,182.29300000000001,0
4,2864,8668,1,0,187.114,0
4,2865,8676,1,0,188.065,0
4,2866,8684,1,0,188.874,0
4,2867,8692,1,0,198.899,0
4,2868,8700,1,0,188.011,0
4,2869,8708,1,0,142.893,0
4,2870,8716,1,0,187.03299999999999,0
4,2871,8724,1,0,200.91300000000001,0
4,2872,8732,1,0,168.416,0
4,2873,8740,1,0,168.822,0
4,2874,8748,1,0,212.53200000000001,0
4,2875,8756,1,0,183.35499999999999,0
4,2876,8764,1,0,179.96700000000001,0
4,2877,8772,1,0,198.53999999999999,0
4,2878,8780,1,0,186.69900000000001,0
4,2879,8788,1,0,155.69,0
4,2880,8796,1,0,188.34100000000001,0
4,2881,8804,1,0,180.90000000000001,0
4,2882,8812,1,0,145.38300000000001,0
4,2883,8820,1,0,180.197,0
4,2884,8828,1,0,190.02699999999999,0
4,2885,8836,1,0,186.559,0
4,2886,8844,1,0,167.81,0
4,2887,8852,1,0,179.655,0
4,2888,8860,1,0,185.255,0
4,2889,8868,1,0,187.98599999999999,0
4,2890,8876,1,0,186.595,0
4,2891,8884,1,0,194.429,0
4,2892,8892,1,0,184.642,0
4,2893,8900,1,0,180.60300000000001,0
4,2894,8908,1,0,158.10599999999999,0
4,2895,8916,1,0,166.22399999999999,0
4,2896,8924,1,0,150.82599999999999,0
4,2897,8932,1,0,187.11099999999999,0
4,2898,8940,1,0,141.21700000000001,0
4,2899,8948,1,0,155.36099999999999,0
4,2900,8956,1,0,178.76400000000001,0
4,2901,8964,1,0,171.52099999999999,0
4,2902,8972,1,0,152.44800000000001,0
4,2903,8980,1,0,192.48099999999999,0
4,2904,8988,1,0,151.011,0
4,2905,8996,1,0,193.98599999999999,0
4,2906,9004,1,0,189.33699999999999,0
4,2907,9012,1,0,180.624,0
4,2908,9020,1,0,182.697,0
4,2909,9028,1,0,177.08099999999999,0
4,2910,9036,1,0,193.571,0
4,2911,9044,1,0,195.21899999999999,0
4,2912,9052,1,0,190.51599999999999,0
4,2913,9060,1,0,186.08199999999999,0
4,2914,9068,1,0,165.434,0
4,2915,9076,1,0,178.13200000000001,0
4,2916,9084,1,0,141.761,0
4,2917,9092,1,0,189.756,0
4,2918,9100,1,0,188.565,0
4,2919,9108,1,0,195.12100000000001,0
4,2920,9116,1,0,195.42099999999999,0
4,2921,9124,1,0,194.28,0
4,2922,9132,1,0,169.99700000000001,0
4,2923,9140,1,0,190.881,0
4,2924,9148,1,0,193.541,0
4,2925,9156,1,0,135.43299999999999,0
4,2926,9164,1,0,188.09800000000001,0
4,2927,9172,1,0,174.54499999999999,0
4,2928,9180,1,0,174.322,0
4,2929,9188,1,0,186.55799999999999,0
4,2930,9196,1,0,165.38900000000001,0
4,2931,9204,1,0,178.958,0
4,2932,9212,1,0,197.36099999999999,0
4,2933,9220,1,0,174.297,0
4,2934,9228,1,0,134.84700000000001,0
4,2935,9236,1,0,151.739,0
4,2936,9244,1,0,192.196,0
4,2937,9252,1,0,192.26900000000001,0
4,2938,9260,1,0,157.95500000000001,0
4,2939,9268,1,0,185.95500000000001,0
4,2940,9276,1,0,185.715,0
4,2941,9284,1,0,192.82400000000001,0
4,2942,9292,1,0,202.876,0
4,2943,9300,1,0,126.624,0
4,2944,9308,1,0,129.18100000000001,0
4,2945,9316,1,0,167.358,0
4,2946,9324,1,0,174.19800000000001,0
4,2947,9332,1,0,136.33000000000001,0
4,2948,9340,1,0,183.66900000000001,0
4,2949,9348,1,0,190.18100000000001,0
4,2950,9356,1,0,180.90700000000001,0
4,2951,9364,1,0,171.66200000000001,0
4,2952,9372,1,0,185.857,0
4,2953,9380,1,0,177.066,0
4,2954,9388,1,0,139.71000000000001,0
4,2955,9396,1,0,178.75399999999999,0
4,2956,9404,1,0,175.03700000000001,0
4,2957,9412,1,0,165.72399999999999,0
4,2958,9420,1,0,183.25399999999999,0
4,2959,9428,1,0,185.07499999999999,0
4,2960,9436,1,0,169.52799999999999,0
4,2961,9444,1,0,206.071,0
4,2962,9452,1,0,178.06899999999999,0
4,2963,9460,1,0,164.041,0
4,2964,9468,1,0,193.03999999999999,0
4,2965,9476,1,0,178.40199999999999,0
4,2966,9484,1,0,200.56200000000001,0
4,2967,9492,1,0,187.36099999999999,0
4,2968,9500,1,0,190.97499999999999,0
4,2969,9508,1,0,189.267,0
4,2970,9516,1,0,172.84800000000001,0
4,2971,9524,1,0,212.49199999999999,0
4,2972,9532,1,0,162.422,0
4,2973,9540,1,0,181.84200000000001,0
4,2974,9548,1,0,180.25999999999999,0
4,2975,9556,1,0,209.726,0
4,2976,9564,1,0,144.53999999999999,0
4,2977,9572,1,0,135.494,0
4,2978,9580,1,0,155.155,0
4,2979,9588,1,0,166.648,0
4,2980,9596,1,0,182.66300000000001,0
4,2981,9604,1,0,185.499,0
4,2982,9612,1,0,198.47999999999999,0
4,2983,9620,1,0,193.23699999999999,0
4,2984,9628,1,0,192.68299999999999,0
4,2985,9636,1,0,126.818,0
4,2986,9644,1,0,181.52000000000001,0
4,2987,9652,1,0,186.16200000000001,0
4,2988,9660,1,0,206.32300000000001,0
4,2989,9668,1,0,168.994,0
4,2990,9676,1,0,133.18799999999999,0
4,2991,9684,1,0,171.68700000000001,0
4,2992,9692,1,0,171.12200000000001,0
4,2993,9700,1,0,125.649,0
4,2994,9708,1,0,154.827,0
4,2995,9716,1,0,188.268,0
4,2996,9724,1,0,186.84899999999999,0
4,2997,9732,1,0,174.21799999999999,0
4,2998,9740,1,0,188.06399999999999,0
4,2999,9748,1,0,192.636,0
4,3000,9756,1,0,198.66999999999999,0
4,3001,9764,1,0,168.71600000000001,0
4,3002,9772,1,0,175.56100000000001,0
4,3003,9780,1,0,153.14400000000001,0
4,3004,9788,1,0,179.28700000000001,0
4,3005,9796,1,0,187.786,0
4,3006,9804,1,0,182.702,0
4,3007,9812,1,0,167.40700000000001,0
4,3008,9820,1,0,164.714,0
4,3009,9828,1,0,155.21700000000001,0
4,3010,9836,1,0,198.93899999999999,0
4,3011,9844,1,0,175.899,0
4,3012,9852,1,0,203.26499999999999,0
4,3013,9860,1,0,157.27600000000001,0
4,3014,9868,1,0,169.91900000000001,0
4,3015,9876,1,0,154.797,0
4,3016,9884,1,0,162.01400000000001,0
4,3017,9892,1,0,185.99600000000001,0
4,3018,9900,1,0,184.126,0
4,3019,9908,1,0,172.73099999999999,0
4,3020,9916,1,0,180.501,0
4,3021,9924,1,0,161.274,0
4,3022,9932,1,0,184.185,0
4,3023,9940,1,0,167.66499999999999,0
4,3024,9948,1,0,212.804,0
4,3025,9956,1,0,180.05500000000001,0
4,3026,9964,1,0,191.02000000000001,0
4,3027,9972,1,0,181.69900000000001,0
4,3028,9980,1,0,173.57499999999999,0
4,3029,9988,1,0,192.255,0
4,3030,9996,1,0,148.87299999999999,0
4,3031,10004,1,0,192.49799999999999,0
4,3032,10012,1,0,137.67099999999999,0
4,3033,10020,1,0,169.874,0
4,3034,10028,1,0,186.25999999999999,0
4,3035,10036,1,0,173.41200000000001,0
4,3036,10044,1,0,159.71700000000001,0
4,3037,10052,1,0,201.04499999999999,0
4,3038,10060,1,0,183.37200000000001,0
4,3039,10068,1,0,197.101,0
4,3040,10076,1,0,165.22499999999999,0
4,3041,10084,1,0,146.637,0
4,3042,10092,1,0,131.11500000000001,0
4,3043,10100,1,0,220.72200000000001,0
4,3044,10108,1,0,200.15299999999999,0
4,3045,10116,1,0,178.83199999999999,0
4,3046,10124,1,0,144.78,0
4,3047,10132,1,0,164.40799999999999,0
4,3048,10140,1,0,177.30500000000001,0
4,3049,10148,1,0,146.16499999999999,0
4,3050,10156,1,0,182.81,0
4,3051,10164,1,0,182.20400000000001,0
4,3052,10172,1,0,134.983,0
4,3053,10180,1,0,164.70699999999999,0
4,3054,10188,1,0,164.19300000000001,0
4,3055,10196,1,0,187.464,0
4,3056,10204,1,0,173.72499999999999,0
4,3057,10212,1,0,163.41499999999999,0
4,3058,10220,1,0,172.98699999999999,0
4,3059,10228,1,0,169.46600000000001,0
4,3060,10236,1,0,190.44999999999999,0
4,3061,10244,1,0,172.779,0
4,3062,10252,1,0,193.98400000000001,0
4,3063,10260,1,0,144.36199999999999,0
4,3064,10268,1,0,181.80000000000001,0
4,3065,10276,1,0,182.619,0
4,3066,10284,1,0,198.679,0
4,3067,10292,1,0,187.447,0
4,3068,10300,1,0,191.06999999999999,0
4,3069,10308,1,0,195.34999999999999,0
4,3070,10316,1,0,173.95400000000001,0
4,3071,10324,1,0,196.94900000000001,0
4,3072,10332,1,0,173.11600000000001,0
4,3073,10340,1,0,166.083,0
4,3074,10348,1,0,192.268,0
4,3075,10356,1,0,130.262,0
4,3076,10364,1,0,164.023,0
4,3077,10372,1,0,162.17599999999999,0
4,3078,10380,1,0,190.12,0
4,3079,10388,1,0,190.55699999999999,0
4,3080,10396,1,0,177.756,0
4,3081,10404,1,0,170.83799999999999,0
4,3082,10412,1,0,166.864,0
4,3083,10420,1,0,177.858,0
4,3084,10428,1,0,198.18299999999999,0
4,3085,10436,1,0,136.78399999999999,0
4,3086,10444,1,0,176.19200000000001,0
4,3087,10452,1,0,200.22200000000001,0
4,3088,10460,1,0,169.81899999999999,0
4,3089,10468,1,0,163.71100000000001,0
4,3090,10476,1,0,184.93000000000001,0
4,3091,10484,1,0,179.77000000000001,0
4,3092,10492,1,0,176.97999999999999,0
4,3093,10500,1,0,190.108,0
4,3094,10508,1,0,193.58199999999999,0
4,3095,10516,1,0,181.416,0
4,3096,10524,1,0,186.62,0
4,3097,10532,1,0,171.37799999999999,0
4,3098,10540,1,0,190.50200000000001,0
4,3099,10548,1,0,179.38,0
4,3100,10556,1,0,139.464,0
4,3101,10564,1,0,198.87200000000001,0
4,3102,10572,1,0,170.14599999999999,0
4,3103,10580,1,0,186.637,0
4,3104,10588,1,0,189.04900000000001,0
4,3105,10596,1,0,157.51300000000001,0
4,3106,10604,1,0,214.37200000000001,0
4,3107,10612,1,0,173.36000000000001,0
4,3108,10620,1,0,184.38399999999999,0
4,3109,10628,1,0,194.59700000000001,0
4,3110,10636,1,0,182.07300000000001,0
4,3111,10644,1,0,185.39699999999999,0
4,3112,10652,1,0,187.029,0
4,3113,10660,1,0,165.661,0
4,3114,10668,1,0,191.83500000000001,0
4,3115,10676,1,0,170.84200000000001,0
4,3116,10684,1,0,148.489,0
4,3117,10692,1,0,199.62200000000001,0
4,3118,10700,1,0,191.364,0
4,3119,10708,1,0,164.94999999999999,0
4,3120,10716,1,0,183.62299999999999,0
4,3121,10724,1,0,197.58099999999999,0
4,3122,10732,1,0,177.81999999999999,0
4,3123,10740,1,0,161.042,0
4,3124,10748,1,0,178.024,0
4,3125,10756,1,0,196.81700000000001,0
4,3126,10764,1,0,180.726,0
4,3127,10772,1,0,159.53,0
4,3128,10780,1,0,183.44200000000001,0
4,3129,10788,1,0,182.13399999999999,0
4,3130,10796,1,0,172.63300000000001,0
4,3131,10804,1,0,192.20699999999999,0
4,3132,10812,1,0,188.78999999999999,0
4,3133,10820,1,0,196.17099999999999,0
4,3134,10828,1,0,178.452,0
4,3135,10836,1,0,185.429,0
4,3136,10844,1,0,179.238,0
4,3137,10852,1,0,183.50700000000001,0
4,3138,10860,1,0,181.77600000000001,0
4,3139,10868,1,0,176.61000000000001,0
4,3140,10876,1,0,177.97499999999999,0
4,3141,10884,1,0,156.31399999999999,0
4,3142,10892,1,0,181.845,0
4,3143,10900,1,0,183.17099999999999,0
4,3144,10908,1,0,170.08500000000001,0
4,3145,10916,1,0,199.506,0
4,3146,10924,1,0,194.90100000000001,0
4,3147,10932,1,0,150.20599999999999,0
4,3148,10940,1,0,178.43299999999999,0
4,3149,10948,1,0,188.85599999999999,0
4,3150,10956,1,0,160.66800000000001,0
4,3151,10964,1,0,175.36600000000001,0
4,3152,10972,1,0,132.55699999999999,0
4,3153,10980,1,0,182.50800000000001,0
4,3154,10988,1,0,190.749,0
4,3155,10996,1,0,160.833,0
4,3156,11004,1,0,163.148,0
4,3157,11012,1,0,178.16,0
4,3158,11020,1,0,171.886,0
4,3159,11028,1,0,176.16200000000001,0
4,3160,11036,1,0,171.28999999999999,0
4,3161,11044,1,0,185.18700000000001,0
4,3162,11052,1,0,137.72399999999999,0
4,3163,11060,1,0,205.27500000000001,0
4,3164,11068,1,0,183.43899999999999,0
4,3165,11076,1,0,161.505,0
4,3166,11084,1,0,175.06800000000001,0
4,3167,11092,1,0,178.809,0
4,3168,11100,1,0,198.15199999999999,0
4,3169,11108,1,0,197.54900000000001,0
4,3170,11116,1,0,170.995,0
4,3171,11124,1,0,138.06899999999999,0
4,3172,11132,1,0,154.691,0
4,3173,11140,1,0,182.01300000000001,0
4,3174,11148,1,0,187.048,0
4,3175,11156,1,0,187.82300000000001,0
4,3176,11164,1,0,197.249,0
4,3177,11172,1,0,152.934,0
4,3178,11180,1,0,178.58000000000001,0
4,3179,11188,1,0,214.721,0
4,3180,11196,1,0,142.488,0
4,3181,11204,1,0,164.49299999999999,0
4,3182,11212,1,0,189.91200000000001,0
4,3183,11220,1,0,178.76499999999999,0
4,3184,11228,1,0,196.30099999999999,0
4,3185,11236,1,0,159.49199999999999,0
4,3186,11244,1,0,163.422,0
4,3187,11252,1,0,183.05199999999999,0
4,3188,11260,1,0,186.346,0
4,3189,11268,1,0,187.88300000000001,0
4,3190,11276,1,0,199.93899999999999,0
4,3191,11284,1,0,161.22800000000001,0
4,3192,11292,1,0,177.22399999999999,0
4,3193,11300,1,0,183.791,0
4,3194,11308,1,0,148.816,0
4,3195,11316,1,0,187.83799999999999,0
4,3196,11324,1,0,163.065,0
4,3197,11332,1,0,183.441,0
4,3198,11340,1,0,181.476,0
4,3199,11348,1,0,154.79599999999999,0
4,3200,11356,1,0,164.691,0
4,3201,11364,1,0,176.02199999999999,0
4,3202,11372,1,0,177.91300000000001,0
4,3203,11380,1,0,134.69900000000001,0
4,3204,11388,1,0,162.477,0
4,3205,11396,1,0,157.72200000000001,0
4,3206,11404,1,0,140.214,0
4,3207,11412,1,0,170.81999999999999,0
4,3208,11420,1,0,180.917,0
4,3209,11428,1,0,144.02600000000001,0
4,3210,11436,1,0,175.43000000000001,0
4,3211,11444,1,0,154.078,0
4,3212,11452,1,0,186.41399999999999,0
4,3213,11460,1,0,192.57900000000001,0
4,3214,11468,1,0,173.19800000000001,0
4,3215,11476,1,0,173.27500000000001,0
4,3216,11484,1,0,187.429,0
4,3217,11492,1,0,178.78,0
4,3218,11500,1,0,167.172,0
4,3219,11508,1,0,150.80600000000001,0
4,3220,11516,1,0,157.773,0
4,3221,11524,1,0,177.547,0
4,3222,11532,1,0,180.44200000000001,0
4,3223,11540,1,0,163.387,0
4,3224,11548,1,0,194.56200000000001,0
4,3225,11556,1,0,187.04400000000001,0
4,3226,11564,1,0,155.286,0
4,3227,11572,1,0,190.143,0
4,3228,11580,1,0,186.215,0
4,3229,11588,1,0,169.304,0
4,3230,11596,1,0,184.76599999999999,0
4,3231,11604,1,0,205.74299999999999,0
4,3232,11612,1,0,157.874,0
4,3233,11620,1,0,170.07599999999999,0
4,3234,11628,1,0,191.59100000000001,0
4,3235,11636,1,0,193.648,0
4,3236,11644,1,0,173.32599999999999,0
4,3237,11652,1,0,139.24600000000001,0
4,3238,11660,1,0,191.86799999999999,0
4,3239,11668,1,0,152.09200000000001,0
4,3240,11676,1,0,151.85499999999999,0
4,3241,11684,1,0,199.46100000000001,0
4,3242,11692,1,0,176.26300000000001,0
4,3243,11700,1,0,190.99700000000001,0
4,3244,11708,1,0,147.29300000000001,0
4,3245,11716,1,0,195.797,0
4,3246,11724,1,0,171.5,0
4,3247,11732,1,0,165.209,0
4,3248,11740,1,0,159.83699999999999,0
4,3249,11748,1,0,173.881,0
4,3250,11756,1,0,213.17699999999999,0
4,3251,11764,1,0,183.56800000000001,0
4,3252,11772,1,0,186.68899999999999,0
4,3253,11780,1,0,180.12799999999999,0
4,3254,11788,1,0,157.91200000000001,0
4,3255,11796,1,0,162.244,0
4,3256,11804,1,0,182.75800000000001,0
4,3257,11812,1,0,163.47300000000001,0
4,3258,11820,1,0,155.286,0
4,3259,11828,1,0,185.82300000000001,0
4,3260,11836,1,0,193.066,0
4,3261,11844,1,0,191.935,0
4,3262,11852,1,0,173.34800000000001,0
4,3263,11860,1,0,149.626,0
4,3264,11868,1,0,174.33799999999999,0
4,3265,11876,1,0,180.20099999999999,0
4,3266,11884,1,0,156.32900000000001,0
4,3267,11892,1,0,170.08500000000001,0
4,3268,11900,1,0,189.80600000000001,0
4,3269,11908,1,0,155.411,0
4,3270,11916,1,0,127.91200000000001,0
4,3271,11924,1,0,190.04599999999999,0
4,3272,11932,1,0,167.75,0
4,3273,11940,1,0,191.803,0
4,3274,11948,1,0,158.542,0
4,3275,11956,1,0,142.506,0
4,3276,11964,1,0,223.08799999999999,0
4,3277,11972,1,0,183.61600000000001,0
4,3278,11980,1,0,163.75200000000001,0
4,3279,11988,1,0,163.916,0
4,3280,11996,1,0,182.12700000000001,0
4,3281,12004,1,0,170.69999999999999,0
4,3282,12012,1,0,182.292,0
4,3283,12020,1,0,222.24000000000001,0
4,3284,12028,1,0,181.80500000000001,0
4,3285,12036,1,0,156.49100000000001,0
4,3286,12044,1,0,132.137,0
4,3287,12052,1,0,176.333,0
4,3288,12060,1,0,175.84800000000001,0
4,3289,12068,1,0,191.19900000000001,0
4,3290,12076,1,0,185.65299999999999,0
4,3291,12084,1,0,139.90199999999999,0
4,3292,12092,1,0,181.75899999999999,0
4,3293,12100,1,0,168.32599999999999,0
4,3294,12108,1,0,183.47900000000001,0
4,3295,12116,1,0,178.66200000000001,0
4,3296,12124,1,0,167.92099999999999,0
4,3297,12132,1,0,215.96799999999999,0
4,3298,12140,1,0,185.35599999999999,0
4,3299,12148,1,0,159.57499999999999,0
4,3300,12156,1,0,177.13300000000001,0
4,3301,12164,1,0,200.36199999999999,0
4,3302,12172,1,0,166.00700000000001,0
4,3303,12180,1,0,166.79300000000001,0
4,3304,12188,1,0,184.32300000000001,0
4,3305,12196,1,0,188.476,0
4,3306,12204,1,0,188.74799999999999,0
4,3307,12212,1,0,177.929,0
4,3308,12220,1,0,233.136,0
4,3309,12228,1,0,164.93700000000001,0
4,3310,12236,1,0,179.57300000000001,0
4,3311,12244,1,0,134.345,0
4,3312,12252,1,0,180.90600000000001,0
4,3313,12260,1,0,159.84700000000001,0
4,3314,12268,1,0,169.465,0
4,3315,12276,1,0,122.056,0
4,3316,12284,1,0,165.46299999999999,0
4,3317,12292,1,0,176.89500000000001,0
4,3318,12300,1,0,176.78399999999999,0
4,3319,12308,1,0,182.523,0
4,3320,12316,1,0,224.77699999999999,0
4,3321,12324,1,0,186.58500000000001,0
4,3322,12332,1,0,184.928,0
4,3323,12340,1,0,201.11099999999999,0
4,3324,12348,1,0,141.874,0
4,3325,12356,1,0,186.97900000000001,0
4,3326,12364,1,0,182.21899999999999,0
4,3327,12372,1,0,160.81200000000001,0
4,3328,12380,1,0,185.03,0
4,3329,12388,1,0,197.541,0
4,3330,12396,1,0,141.41499999999999,0
4,3331,12404,1,0,175.386,0
4,3332,12412,1,0,161.57900000000001,0
4,3333,12420,1,0,181.71199999999999,0
4,3334,12428,1,0,147.91800000000001,0
4,3335,12436,1,0,166.76499999999999,0
4,3336,12444,1,0,173.26400000000001,0
4,3337,12452,1,0,175.28299999999999,0
4,3338,12460,1,0,185.821,0
4,3339,12468,1,0,183.44499999999999,0
4,3340,12476,1,0,177.49799999999999,0
4,3341,12484,1,0,184.5,0
4,3342,12492,1,0,162.81100000000001,0
4,3343,12500,1,0,170.38,0
4,3344,12508,1,0,166.59299999999999,0
4,3345,12516,1,0,156.53700000000001,0
4,3346,12524,1,0,166.08500000000001,0
4,3347,12532,1,0,136.25,0
4,3348,12540,1,0,174.37200000000001,0
4,3349,12548,1,0,175.95500000000001,0
4,3350,12556,1,0,184.256,0
4,3351,12564,1,0,192.09999999999999,0
4,3352,12572,1,0,169.917,0
4,3353,12580,1,0,175.154,0
4,3354,12588,1,0,170.696,0
4,3355,12596,1,0,167.13499999999999,0
4,3356,12604,1,0,126.837,0
4,3357,12612,1,0,190.25200000000001,0
4,3358,12620,1,0,202.13800000000001,0
4,3359,12628,1,0,176.18100000000001,0
4,3360,12636,1,0,180.59299999999999,0
4,3361,12644,1,0,160.369,0
4,3362,12652,1,0,200.35300000000001,0
4,3363,12660,1,0,171.44399999999999,0
4,3364,12668,1,0,135.36199999999999,0
4,3365,12676,1,0,164.268,0
4,3366,12684,1,0,185.39400000000001,0
4,3367,12692,1,0,138.63,0
4,3368,12700,1,0,151.80799999999999,0
4,3369,12708,1,0,179.41200000000001,0
4,3370,12716,1,0,179.13399999999999,0
4,3371,12724,1,0,207.679,0
4,3372,12732,1,0,179.25800000000001,0
4,3373,12740,1,0,186.387,0
4,3374,12748,1,0,168.41499999999999,0
4,3375,12756,1,0,190.81399999999999,0
4,3376,12764,1,0,155.52799999999999,0
4,3377,12772,1,0,166.97200000000001,0
4,3378,12780,1,0,190.39699999999999,0
4,3379,12788,1,0,178.62,0
4,3380,12796,1,0,144.18299999999999,0
4,3381,12804,1,0,157.04499999999999,0
4,3382,12812,1,0,164.73500000000001,0
4,3383,12820,1,0,169.93199999999999,0
4,3384,12828,1,0,208.40299999999999,0
4,3385,12836,1,0,197.761,0
4,3386,12844,1,0,180.04599999999999,0
4,3387,12852,1,0,189.33199999999999,0
4,3388,12860,1,0,182.001,0
4,3389,12868,1,0,168.041,0
4,3390,12876,1,0,161.06800000000001,0
4,3391,12884,1,0,172.25,0
4,3392,12892,1,0,162.23500000000001,0
4,3393,12900,1,0,193.714,0
4,3394,12908,1,0,176,0
4,3395,12916,1,0,188.20500000000001,0
4,3396,12924,1,0,173.06100000000001,0
4,3397,12932,1,0,189.89699999999999,0
4,3398,12940,1,0,143.096,0
4,3399,12948,1,0,146.279,0
4,3400,12956,1,0,179.99299999999999,0
4,3401,12964,1,0,190.22300000000001,0
4,3402,12972,1,0,130.86799999999999,0
4,3403,12980,1,0,172.54400000000001,0
4,3404,12988,1,0,178.828,0
4,3405,12996,1,0,190.5,0
4,3406,13004,1,0,171.45400000000001,0
4,3407,13012,1,0,171.59100000000001,0
4,3408,13020,1,0,187.34,0
4,3409,13028,1,0,171.077,0
4,3410,13036,1,0,197.399,0
4,3411,13044,1,0,185.97300000000001,0
4,3412,13052,1,0,201.56299999999999,0
4,3413,13060,1,0,181.30600000000001,0
4,3414,13068,1,0,229.78299999999999,0
4,3415,13076,1,0,187.768,0
4,3416,13084,1,0,187.97200000000001,0
4,3417,13092,1,0,149.387,0
4,3418,13100,1,0,174.47300000000001,0
4,3419,13108,1,0,153.62299999999999,0
4,3420,13116,1,0,176.654,0
4,3421,13124,1,0,157.60499999999999,0
4,3422,13132,1,0,147.946,0
4,3423,13140,1,0,135.11699999999999,0
4,3424,13148,1,0,182.04300000000001,0
4,3425,13156,1,0,175.672,0
4,3426,13164,1,0,144.81700000000001,0
4,3427,13172,1,0,175.63200000000001,0
4,3428,13180,1,0,176.756,0
4,3429,13188,1,0,173.92500000000001,0
4,3430,13196,1,0,179.393,0
4,3431,13204,1,0,189.75899999999999,0
4,3432,13212,1,0,162.958,0
4,3433,13220,1,0,185.90100000000001,0
4,3434,13228,1,0,201.36000000000001,0
4,3435,13236,1,0,181.47300000000001,0
4,3436,13244,1,0,151.405,0
4,3437,13252,1,0,192.63900000000001,0
4,3438,13260,1,0,177.404,0
4,3439,13268,1,0,190.51300000000001,0
4,3440,13276,1,0,190.88499999999999,0
4,3441,13284,1,0,179.35599999999999,0
4,3442,13292,1,0,169.59,0
4,3443,13300,1,0,181.517,0
4,3444,13308,1,0,166.46199999999999,0
4,3445,13316,1,0,179.197,0
4,3446,13324,1,0,152.75399999999999,0
4,3447,13332,1,0,194.14099999999999,0
4,3448,13340,1,0,185.28200000000001,0
4,3449,13348,1,0,170.309,0
4,3450,13356,1,0,183.30799999999999,0
4,3451,13364,1,0,156.50299999999999,0
4,3452,13372,1,0,173.63300000000001,0
4,3453,13380,1,0,196.24299999999999,0
4,3454,13388,1,0,156.34200000000001,0
4,3455,13396,1,0,192.786,0
4,3456,13404,1,0,161.291,0
4,3457,13412,1,0,185.34899999999999,0
4,3458,13420,1,0,160.34200000000001,0
4,3459,13428,1,0,156.71199999999999,0
4,3460,13436,1,0,173.84200000000001,0
4,3461,13444,1,0,186.53100000000001,0
4,3462,13452,1,0,179.131,0
4,3463,13460,1,0,199.01400000000001,0
4,3464,13468,1,0,205.30500000000001,0
4,3465,13476,1,0,181.19499999999999,0
4,3466,13484,1,0,190.60400000000001,0
4,3467,13492,1,0,143.63499999999999,0
4,3468,13500,1,0,176.02099999999999,0
4,3469,13508,1,0,175.56,0
4,3470,13516,1,0,150.422,0
4,3471,13524,1,0,166.22900000000001,0
4,3472,13532,1,0,183.73599999999999,0
4,3473,13540,1,0,147.39500000000001,0
4,3474,13548,1,0,180.77600000000001,0
4,3475,13556,1,0,139.14699999999999,0
4,3476,13564,1,0,169.29900000000001,0
4,3477,13572,1,0,186.11099999999999,0
4,3478,13580,1,0,160.452,0
4,3479,13588,1,0,165.57900000000001,0
4,3480,13596,1,0,186.68899999999999,0
4,3481,13604,1,0,142.33099999999999,0
4,3482,13612,1,0,148.84,0
4,3483,13620,1,0,137.577,0
4,3484,13628,1,0,205.62299999999999,0
4,3485,13636,1,0,192.33199999999999,0
4,3486,13644,1,0,124.036,0
4,3487,13652,1,0,189.18199999999999,0
4,3488,13660,1,0,197.79400000000001,0
4,3489,13668,1,0,187.78899999999999,0
4,3490,13676,1,0,174.88800000000001,0
4,3491,13684,1,0,162.10900000000001,0
4,3492,13692,1,0,177.68700000000001,0
4,3493,13700,1,0,159.32499999999999,0
4,3494,13708,1,0,176.85400000000001,0
4,3495,13716,1,0,199.125,0
4,3496,13724,1,0,176.25299999999999,0
4,3497,13732,1,0,170.08600000000001,0
4,3498,13740,1,0,205.59700000000001,0
4,3499,13748,1,0,173.54499999999999,0
4,3500,13756,1,0,133.16999999999999,0
4,3501,13764,1,0,135.46899999999999,0
4,3502,13772,1,0,143.06800000000001,0
4,3503,13780,1,0,180.84,0
4,3504,13788,1,0,167.572,0
4,3505,13796,1,0,181.30199999999999,0
4,3506,13804,1,0,179.90600000000001,0
4,3507,13812,1,0,188.21299999999999,0
4,3508,13820,1,0,170.51599999999999,0
4,3509,13828,1,0,177.249,0
4,3510,13836,1,0,191.971,0
4,3511,13844,1,0,171.44499999999999,0
4,3512,13852,1,0,174.68199999999999,0
4,3513,13860,1,0,176.209,0
4,3514,13868,1,0,190.09100000000001,0
4,3515,13876,1,0,215.50899999999999,0
4,3516,13884,1,0,173.32499999999999,0
4,3517,13892,1,0,158.47499999999999,0
4,3518,13900,1,0,203.315,0
4,3519,13908,1,0,171.87299999999999,0
4,3520,13916,1,0,157.97900000000001,0
4,3521,13924,1,0,196.87799999999999,0
4,3522,13932,1,0,180.50200000000001,0
4,3523,13940,1,0,175.011,0
4,3524,13948,1,0,178.74700000000001,0
4,3525,13956,1,0,192.232,0
4,3526,13964,1,0,154.82499999999999,0
4,3527,13972,1,0,177.77799999999999,0
4,3528,13980,1,0,184.16200000000001,0
4,3529,13988,1,0,176.51300000000001,0
4,3530,13996,1,0,182.00200000000001,0
4,3531,14004,1,0,184.91300000000001,0
4,3532,14012,1,0,170.32599999999999,0
4,3533,14020,1,0,156.08600000000001,0
4,3534,14028,1,0,194.67599999999999,0
4,3535,14036,1,0,195.58199999999999,0
4,3536,14044,1,0,138.39699999999999,0
4,3537,14052,1,0,190.953,0
4,3538,14060,1,0,206.196,0
4,3539,14068,1,0,151.33500000000001,0
4,3540,14076,1,0,189.02000000000001,0
4,3541,14084,1,0,167.23099999999999,0
4,3542,14092,1,0,187.79400000000001,0
4,3543,14100,1,0,150.13,0
4,3544,14108,1,0,177.798,0
4,3545,14116,1,0,192.00200000000001,0
4,3546,14124,1,0,197.858,0
4,3547,14132,1,0,164.81399999999999,0
4,3548,14140,1,0,183.09200000000001,0
4,3549,14148,1,0,181.56899999999999,0
4,3550,14156,1,0,175.36099999999999,0
4,3551,14164,1,0,197.61600000000001,0
4,3552,14172,1,0,188.96799999999999,0
4,3553,14180,1,0,171.13200000000001,0
4,3554,14188,1,0,173.27799999999999,0
4,3555,14196,1,0,170.309,0
4,3556,14204,1,0,173.58600000000001,0
4,3557,14212,1,0,218.50899999999999,0
4,3558,14220,1,0,171.624,0
4,3559,14228,1,0,193.76400000000001,0
4,3560,14236,1,0,181.405,0
4,3561,14244,1,0,142.34899999999999,0
4,3562,4,2,0,162.55500000000001,0
4,3563,12,2,0,139.227,0
4,3564,20,2,0,124.327,0
4,3565,28,2,0,161.45400000000001,0
4,3566,36,2,0,172.499,0
4,3567,44,2,0,188.31899999999999,0
4,3568,52,2,0,178.75200000000001,0
4,3569,60,2,0,142.06700000000001,0
4,3570,68,2,0,178.40899999999999,0
4,3571,76,2,0,174.12899999999999,0
4,3572,84,2,0,131.191,0
4,3573,92,2,0,140.49299999999999,0
4,3574,100,2,0,183.09200000000001,0
4,3575,108,2,0,184.774,0
4,3576,116,2,0,192.73599999999999,0
4,3577,124,2,0,175.87100000000001,0
4,3578,132,2,0,168.10599999999999,0
4,3579,140,2,0,162.155,0
4,3580,148,2,0,179.27099999999999,0
4,3581,156,2,0,183.94800000000001,0
4,3582,164,2,0,195.84200000000001,0
4,3583,172,2,0,188.35400000000001,0
4,3584,180,2,0,163.34399999999999,0
4,3585,188,2,0,177.22900000000001,0
4,3586,196,2,0,167.21899999999999,0
4,3587,204,2,0,184.60300000000001,0
4,3588,212,2,0,157.875,0
4,3589,220,2,0,185.518,0
4,3590,228,2,0,158.21799999999999,0
4,3591,236,2,0,178.93299999999999,0
4,3592,244,2,0,183.51900000000001,0
4,3593,252,2,0,206.08099999999999,0
4,3594,260,2,0,171.899,0
4,3595,268,2,0,171.12700000000001,0
4,3596,276,2,0,153.524,0
4,3597,284,2,0,183.184,0
4,3598,292,2,0,196.322,0
4,3599,300,2,0,186.58500000000001,0
4,3600,308,2,0,202.066,0
4,3601,316,2,0,190.626,0
4,3602,324,2,0,187.934,0
4,3603,332,2,0,192.84100000000001,0
4,3604,340,2,0,191.30000000000001,0
4,3605,348,2,0,153.899,0
4,3606,356,2,0,162.00200000000001,0
4,3607,364,2,0,180.834,0
4,3608,372,2,0,159.928,0
4,3609,380,2,0,127.03700000000001,0
4,3610,388,2,0,174.74199999999999,0
4,3611,396,2,0,180.52500000000001,0
4,3612,404,2,0,143.22800000000001,0
4,3613,412,2,0,187.392,0
4,3614,420,2,0,169.19200000000001,0
4,3615,428,2,0,182.643,0
4,3616,436,2,0,141.82599999999999,0
4,3617,444,2,0,190.84,0
4,3618,452,2,0,125.369,0
4,3619,460,2,0,192.233,0
4,3620,468,2,0,153.488,0
4,3621,476,2,0,197.93700000000001,0
4,3622,484,2,0,198.11099999999999,0
4,3623,492,2,0,193.53,0
4,3624,500,2,0,195.39500000000001,0
4,3625,508,2,0,162.15600000000001,0
4,3626,516,2,0,208.40899999999999,0
4,3627,524,2,0,176.15799999999999,0
4,3628,532,2,0,162.941,0
4,3629,540,2,0,175.80099999999999,0
4,3630,548,2,0,189.38300000000001,0
4,3631,556,2,0,148.08799999999999,0
4,3632,564,2,0,172.66800000000001,0
4,3633,572,2,0,152.00899999999999,0
4,3634,580,2,0,192.83500000000001,0
4,3635,588,2,0,159.23500000000001,0
4,3636,596,2,0,215.72300000000001,0
4,3637,604,2,0,146.352,0
4,3638,612,2,0,179.495,0
4,3639,620,2,0,174.47399999999999,0
4,3640,628,2,0,199.00700000000001,0
4,3641,636,2,0,158.95099999999999,0
4,3642,644,2,0,118.983,0
4,3643,652,2,0,179.40700000000001,0
4,3644,660,2,0,181.49000000000001,0
4,3645,668,2,0,155.93700000000001,0
4,3646,676,2,0,171.62700000000001,0
4,3647,684,2,0,178.36699999999999,0
4,3648,692,2,0,205.023,0
4,3649,700,2,0,169.09,0
4,3650,708,2,0,192.089,0
4,3651,716,2,0,199.06299999999999,0
4,3652,724,2,0,174.06100000000001,0
4,3653,732,2,0,158.447,0
4,3654,740,2,0,202.679,0
4,3655,748,2,0,181.70099999999999,0
4,3656,756,2,0,161.346,0
4,3657,764,2,0,166.05199999999999,0
4,3658,772,2,0,178.58699999999999,0
4,3659,780,2,0,113.74299999999999,0
4,3660,788,2,0,194.155,0
4,3661,796,2,0,170.38200000000001,0
4,3662,804,2,0,174.739,0
4,3663,812,2,0,185.12899999999999,0
4,3664,820,2,0,169.899,0
4,3665,828,2,0,176.99299999999999,0
4,3666,836,2,0,179.548,0
4,3667,844,2,0,191.703,0
4,3668,852,2,0,175.70699999999999,0
4,3669,860,2,0,184.55799999999999,0
4,3670,868,2,0,156.30799999999999,0
4,3671,876,2,0,197.67099999999999,0
4,3672,884,2,0,140.75800000000001,0
4,3673,892,2,0,184.828,0
4,3674,900,2,0,172.90000000000001,0
4,3675,908,2,0,194.499,0
4,3676,916,2,0,189.41200000000001,0
4,3677,924,2,0,167.499,0
4,3678,932,2,0,190.58699999999999,0
4,3679,940,2,0,177.636,0
4,3680,948,2,0,154.73099999999999,0
4,3681,956,2,0,187.66300000000001,0
4,3682,964,2,0,174.14599999999999,0
4,3683,972,2,0,156.37700000000001,0
4,3684,980,2,0,206.81700000000001,0
4,3685,988,2,0,170.708,0
4,3686,996,2,0,170.786,0
4,3687,1004,2,0,158.892,0
4,3688,1012,2,0,178.44399999999999,0
4,3689,1020,2,0,137.68000000000001,0
4,3690,1028,2,0,184.05699999999999,0
4,3691,1036,2,0,159.715,0
4,3692,1044,2,0,176.185,0
4,3693,1052,2,0,117.134,0
4,3694,1060,2,0,184.827,0
4,3695,1068,2,0,154.892,0
4,3696,1076,2,0,192.08099999999999,0
4,3697,1084,2,0,199.762,0
4,3698,1092,2,0,189.316,0
4,3699,1100,2,0,176.46799999999999,0
4,3700,1108,2,0,126.617,0
4,3701,1116,2,0,196.66499999999999,0
4,3702,1124,2,0,192.58600000000001,0
4,3703,1132,2,0,163.16800000000001,0
4,3704,1140,2,0,176.83000000000001,0
4,3705,1148,2,0,141.203,0
4,3706,1156,2,0,143.881,0
4,3707,1164,2,0,154.27000000000001,0
4,3708,1172,2,0,176.09399999999999,0
4,3709,1180,2,0,168.84,0
4,3710,1188,2,0,184.34200000000001,0
4,3711,1196,2,0,200.44900000000001,0
4,3712,1204,2,0,149.23699999999999,0
4,3713,1212,2,0,139.703,0
4,3714,1220,2,0,162.94300000000001,0
4,3715,1228,2,0,144.679,0
4,3716,1236,2,0,173.49299999999999,0
4,3717,1244,2,0,204.887,0
4,3718,1252,2,0,177.643,0
4,3719,1260,2,0,197.357,0
4,3720,1268,2,0,163.10499999999999,0
4,3721,1276,2,0,189.89699999999999,0
4,3722,1284,2,0,120.749,0
4,3723,1292,2,0,193.55199999999999,0
4,3724,1300,2,0,178.09899999999999,0
4,3725,1308,2,0,187.23599999999999,0
4,3726,1316,2,0,202.654,0
4,3727,1324,2,0,184.92699999999999,0
4,3728,1332,2,0,199.62299999999999,0
4,3729,1340,2,0,151.43299999999999,0
4,3730,1348,2,0,186.46799999999999,0
4,3731,1356,2,0,194.72900000000001,0
4,3732,1364,2,0,151.46700000000001,0
4,3733,1372,2,0,156.40100000000001,0
4,3734,1380,2,0,170.904,0
4,3735,1388,2,0,147.489,0
4,3736,1396,2,0,197.03999999999999,0
4,3737,1404,2,0,151.44900000000001,0
4,3738,1412,2,0,207.15799999999999,0
4,3739,1420,2,0,170.554,0
4,3740,1428,2,0,173.66800000000001,0
4,3741,1436,2,0,169.553,0
4,3742,1444,2,0,202.226,0
4,3743,1452,2,0,162.32400000000001,0
4,3744,1460,2,0,181.18299999999999,0
4,3745,1468,2,0,151.58600000000001,0
4,3746,1476,2,0,189.059,0
4,3747,1484,2,0,182.08199999999999,0
4,3748,1492,2,0,155.84299999999999,0
4,3749,1500,2,0,170.072,0
4,3750,1508,2,0,185.53100000000001,0
4,3751,1516,2,0,166.035,0
4,3752,1524,2,0,168.71899999999999,0
4,3753,1532,2,0,144.33500000000001,0
4,3754,1540,2,0,181.411,0
4,3755,1548,2,0,157.05199999999999,0
4,3756,1556,2,0,187.251,0
4,3757,1564,2,0,171.738,0
4,3758,1572,2,0,178.24299999999999,0
4,3759,1580,2,0,152.417,0
4,3760,1588,2,0,132.947,0
4,3761,1596,2,0,193.17699999999999,0
4,3762,1604,2,0,170.94300000000001,0
4,3763,1612,2,0,131.18799999999999,0
4,3764,1620,2,0,170.70500000000001,0
4,3765,1628,2,0,171.071,0
4,3766,1636,2,0,128.756,0
4,3767,1644,2,0,188.57499999999999,0
4,3768,1652,2,0,156.61600000000001,0
4,3769,1660,2,0,180.46199999999999,0
4,3770,1668,2,0,162.10400000000001,0
4,3771,1676,2,0,174.93100000000001,0
4,3772,1684,2,0,179.994,0
4,3773,1692,2,0,180.92599999999999,0
4,3774,1700,2,0,174.976,0
4,3775,1708,2,0,145.79400000000001,0
4,3776,1716,2,0,182.00700000000001,0
4,3777,1724,2,0,171.465,0
4,3778,1732,2,0,168.23500000000001,0
4,3779,1740,2,0,158.27600000000001,0
4,3780,1748,2,0,178.44,0
4,3781,1756,2,0,178.75299999999999,0
4,3782,1764,2,0,186.86099999999999,0
4,3783,1772,2,0,188.40100000000001,0
4,3784,1780,2,0,178.85300000000001,0
4,3785,1788,2,0,183.86500000000001,0
4,3786,1796,2,0,193.286,0
4,3787,1804,2,0,167.57599999999999,0
4,3788,1812,2,0,153.715,0
4,3789,1820,2,0,194.41900000000001,0
4,3790,1828,2,0,168.636,0
4,3791,1836,2,0,179.26499999999999,0
4,3792,1844,2,0,189.46700000000001,0
4,3793,1852,2,0,178.06899999999999,0
4,3794,1860,2,0,150.90600000000001,0
4,3795,1868,2,0,173.68000000000001,0
4,3796,1876,2,0,192.66499999999999,0
4,3797,1884,2,0,203.024,0
4,3798,1892,2,0,179.44800000000001,0
4,3799,1900,2,0,182.834,0
4,3800,1908,2,0,189.15100000000001,0
4,3801,1916,2,0,191.94800000000001,0
4,3802,1924,2,0,181.26400000000001,0
4,3803,1932,2,0,177.21799999999999,0
4,3804,1940,2,0,140.19399999999999,0
4,3805,1948,2,0,226.40100000000001,0
4,3806,1956,2,0,137.59299999999999,0
4,3807,1964,2,0,162.62899999999999,0
4,3808,1972,2,0,174.68000000000001,0
4,3809,1980,2,0,193.571,0
4,3810,1988,2,0,177.97,0
4,3811,1996,2,0,199.42699999999999,0
4,3812,2004,2,0,201.34,0
4,3813,2012,2,0,187.25899999999999,0
4,3814,2020,2,0,183.036,0
4,3815,2028,2,0,187.98099999999999,0
4,3816,2036,2,0,172.05500000000001,0
4,3817,2044,2,0,186.523,0
4,3818,2052,2,0,157.27699999999999,0
4,3819,2060,2,0,185.78999999999999,0
4,3820,2068,2,0,176.62700000000001,0
4,3821,2076,2,0,202.25200000000001,0
4,3822,2084,2,0,129.53,0
4,3823,2092,2,0,161.10400000000001,0
4,3824,2100,2,0,179.821,0
4,3825,2108,2,0,187.26300000000001,0
4,3826,2116,2,0,210.06299999999999,0
4,3827,2124,2,0,156.078,0
4,3828,2132,2,0,183.43000000000001,0
4,3829,2140,2,0,183.66300000000001,0
4,3830,2148,2,0,180.72499999999999,0
4,3831,2156,2,0,198.553,0
4,3832,2164,2,0,174.559,0
4,3833,2172,2,0,185.98699999999999,0
4,3834,2180,2,0,170.56100000000001,0
4,3835,2188,2,0,194.95599999999999,0
4,3836,2196,2,0,165.63300000000001,0
4,3837,2204,2,0,192.79300000000001,0
4,3838,2212,2,0,190.16300000000001,0
4,3839,2220,2,0,163.77799999999999,0
4,3840,2228,2,0,162.22,0
4,3841,2236,2,0,157.267,0
4,3842,2244,2,0,182.935,0
4,3843,2252,2,0,177.773,0
4,3844,2260,2,0,166.14599999999999,0
4,3845,2268,2,0,136.24000000000001,0
4,3846,2276,2,0,168.78200000000001,0
4,3847,2284,2,0,176.697,0
4,3848,2292,2,0,189.07300000000001,0
4,3849,2300,2,0,191.85599999999999,0
4,3850,2308,2,0,143.92500000000001,0
4,3851,2316,2,0,194.38800000000001,0
4,3852,2324,2,0,168.273,0
4,3853,2332,2,0,206.53800000000001,0
4,3854,2340,2,0,169.72200000000001,0
4,3855,2348,2,0,191.63800000000001,0
4,3856,2356,2,0,177.16800000000001,0
4,3857,2364,2,0,175.70699999999999,0
4,3858,2372,2,0,190.36000000000001,0
4,3859,2380,2,0,220.92500000000001,0
4,3860,2388,2,0,177.673,0
4,3861,2396,2,0,179,0
4,3862,2404,2,0,175.93799999999999,0
4,3863,2412,2,0,202.928,0
4,3864,2420,2,0,174.785,0
4,3865,2428,2,0,136.904,0
4,3866,2436,2,0,176.33500000000001,0
4,3867,2444,2,0,187.661,0
4,3868,2452,2,0,158.005,0
4,3869,2460,2,0,172.654,0
4,3870,2468,2,0,163.465,0
4,3871,2476,2,0,165.845,0
4,3872,2484,2,0,205.095,0
4,3873,2492,2,0,169.69499999999999,0
4,3874,2500,2,0,183.678,0
4,3875,2508,2,0,188.15100000000001,0
4,3876,2516,2,0,117.559,0
4,3877,2524,2,0,161.91900000000001,0
4,3878,2532,2,0,183.143,0
4,3879,2540,2,0,195.941,0
4,3880,2548,2,0,192.83199999999999,0
4,3881,2556,2,0,191.64500000000001,0
4,3882,2564,2,0,170.297,0
4,3883,2572,2,0,174.714,0
4,3884,2580,2,0,151.70400000000001,0
4,3885,2588,2,0,181.93600000000001,0
4,3886,2596,2,0,139.15199999999999,0
4,3887,2604,2,0,159.12,0
4,3888,2612,2,0,186.20699999999999,0
4,3889,2620,2,0,168.245,0
4,3890,2628,2,0,229.73500000000001,0
4,3891,2636,2,0,184.917,0
4,3892,2644,2,0,208.43600000000001,0
4,3893,2652,2,0,167.249,0
4,3894,2660,2,0,153.11199999999999,0
4,3895,2668,2,0,174.83600000000001,0
4,3896,2676,2,0,154.732,0
4,3897,2684,2,0,189.91399999999999,0
4,3898,2692,2,0,169.12799999999999,0
4,3899,2700,2,0,183.53399999999999,0
4,3900,2708,2,0,146.976,0
4,3901,2716,2,0,172.601,0
4,3902,2724,2,0,188.68600000000001,0
4,3903,2732,2,0,151.57400000000001,0
4,3904,2740,2,0,170.09299999999999,0
4,3905,2748,2,0,124.514,0
4,3906,2756,2,0,169.27199999999999,0
4,3907,2764,2,0,191.77799999999999,0
4,3908,2772,2,0,157.96000000000001,0
4,3909,2780,2,0,192.881,0
4,3910,2788,2,0,160.625,0
4,3911,2796,2,0,185.40100000000001,0
4,3912,2804,2,0,138.12200000000001,0
4,3913,2812,2,0,135.72300000000001,0
4,3914,2820,2,0,182.309,0
4,3915,2828,2,0,157.69499999999999,0
4,3916,2836,2,0,195.071,0
4,3917,2844,2,0,166.50299999999999,0
4,3918,2852,2,0,178.369,0
4,3919,2860,2,0,197.03899999999999,0
4,3920,2868,2,0,177.10300000000001,0
4,3921,2876,2,0,186.57499999999999,0
4,3922,2884,2,0,204.83199999999999,0
4,3923,2892,2,0,160.43100000000001,0
4,3924,2900,2,0,178.21700000000001,0
4,3925,2908,2,0,152.953,0
4,3926,2916,2,0,160.59700000000001,0
4,3927,2924,2,0,189.26300000000001,0
4,3928,2932,2,0,170.28899999999999,0
4,3929,2940,2,0,180.904,0
4,3930,2948,2,0,196.94,0
4,3931,2956,2,0,185.02699999999999,0
4,3932,2964,2,0,196.30000000000001,0
4,3933,2972,2,0,183.89400000000001,0
4,3934,2980,2,0,191.56700000000001,0
4,3935,2988,2,0,180.649,0
4,3936,2996,2,0,134.66200000000001,0
4,3937,3004,2,0,148.423,0
4,3938,3012,2,0,189.33099999999999,0
4,3939,3020,2,0,151.626,0
4,3940,3028,2,0,170.72999999999999,0
4,3941,3036,2,0,164.053,0
4,3942,3044,2,0,157.38999999999999,0
4,3943,3052,2,0,182.279,0
4,3944,3060,2,0,181.39099999999999,0
4,3945,3068,2,0,190.93000000000001,0
4,3946,3076,2,0,196.774,0
4,3947,3084,2,0,185.90700000000001,0
4,3948,3092,2,0,200.596,0
4,3949,3100,2,0,134.36500000000001,0
4,3950,3108,2,0,165.34200000000001,0
4,3951,3116,2,0,168.399,0
4,3952,3124,2,0,174.965,0
4,3953,3132,2,0,189.124,0
4,3954,3140,2,0,194.21199999999999,0
4,3955,3148,2,0,198.566,0
4,3956,3156,2,0,180.089,0
4,3957,3164,2,0,177.536,0
4,3958,3172,2,0,199.672,0
4,3959,3180,2,0,189.43799999999999,0
4,3960,3188,2,0,172.797,0
4,3961,3196,2,0,149.625,0
4,3962,3204,2,0,164.19499999999999,0
4,3963,3212,2,0,184.589,0
4,3964,3220,2,0,191.22499999999999,0
4,3965,3228,2,0,195.404,0
4,3966,3236,2,0,200.56299999999999,0
4,3967,3244,2,0,177.107,0
4,3968,3252,2,0,195.47900000000001,0
4,3969,3260,2,0,150.82499999999999,0
4,3970,3268,2,0,170.47900000000001,0
4,3971,3276,2,0,126.66,0
4,3972,3284,2,0,137.53399999999999,0
4,3973,3292,2,0,178.28800000000001,0
4,3974,3300,2,0,223.86199999999999,0
4,3975,3308,2,0,168.56200000000001,0
4,3976,3316,2,0,159.999,0
4,3977,3324,2,0,166.999,0
4,3978,3332,2,0,185.495,0
4,3979,3340,2,0,179.255,0
4,3980,3348,2,0,144.65100000000001,0
4,3981,3356,2,0,209.58099999999999,0
4,3982,3364,2,0,167.196,0
4,3983,3372,2,0,138.476,0
4,3984,3380,2,0,164.48400000000001,0
4,3985,3388,2,0,184.667,0
4,3986,3396,2,0,186.167,0
4,3987,3404,2,0,144.98599999999999,0
4,3988,3412,2,0,168.07300000000001,0
4,3989,3420,2,0,154.636,0
4,3990,3428,2,0,208.18199999999999,0
4,3991,3436,2,0,154.84700000000001,0
4,3992,3444,2,0,173.81899999999999,0
4,3993,3452,2,0,195.97,0
4,3994,3460,2,0,157.779,0
4,3995,3468,2,0,178.54900000000001,0
4,3996,3476,2,0,174.97499999999999,0
4,3997,3484,2,0,146.59,0
4,3998,3492,2,0,168.80699999999999,0
4,3999,3500,2,0,151.405,0
4,4000,3508,2,0,135.374,0
4,4001,3516,2,0,207.23500000000001,0
4,4002,3524,2,0,156.13800000000001,0
4,4003,3532,2,0,146.44800000000001,0
4,4004,3540,2,0,201.685,0
4,4005,3548,2,0,161.80099999999999,0
4,4006,3556,2,0,154.13300000000001,0
4,4007,3564,2,0,153.376,0
4,4008,3572,2,0,183.59,0
4,4009,3580,2,0,175.38300000000001,0
4,4010,3588,2,0,177.172,0
4,4011,3596,2,0,186.964,0
4,4012,3604,2,0,198.61600000000001,0
4,4013,3612,2,0,178.11699999999999,0
4,4014,3620,2,0,165.084,0
4,4015,3628,2,0,154.589,0
4,4016,3636,2,0,140.40799999999999,0
4,4017,3644,2,0,199.72300000000001,0
4,4018,3652,2,0,190.874,0
4,4019,3660,2,0,170.18000000000001,0
4,4020,3668,2,0,194.244,0
4,4021,3676,2,0,181.39699999999999,0
4,4022,3684,2,0,162.06100000000001,0
4,4023,3692,2,0,174.59100000000001,0
4,4024,3700,2,0,172.41800000000001,0
4,4025,3708,2,0,140.196,0
4,4026,3716,2,0,178.82400000000001,0
4,4027,3724,2,0,168.58199999999999,0
4,4028,3732,2,0,194.96600000000001,0
4,4029,3740,2,0,202.72,0
4,4030,3748,2,0,174.72900000000001,0
4,4031,3756,2,0,168.357,0
4,4032,3764,2,0,174.36199999999999,0
4,4033,3772,2,0,182.25899999999999,0
4,4034,3780,2,0,172.655,0
4,4035,3788,2,0,169.47999999999999,0
4,4036,3796,2,0,174.21000000000001,0
4,4037,3804,2,0,184.65199999999999,0
4,4038,3812,2,0,181.59800000000001,0
4,4039,3820,2,0,182.232,0
4,4040,3828,2,0,172.34,0
4,4041,3836,2,0,170.16399999999999,0
4,4042,3844,2,0,137.79300000000001,0
4,4043,3852,2,0,202.34200000000001,0
4,4044,3860,2,0,145.49700000000001,0
4,4045,3868,2,0,158.80099999999999,0
4,4046,3876,2,0,174.125,0
4,4047,3884,2,0,185.49199999999999,0
4,4048,3892,2,0,176.31399999999999,0
4,4049,3900,2,0,186.43600000000001,0
4,4050,3908,2,0,163.75899999999999,0
4,4051,3916,2,0,131.69900000000001,0
4,4052,3924,2,0,199.91800000000001,0
4,4053,3932,2,0,149.398,0
4,4054,3940,2,0,166.27199999999999,0
4,4055,3948,2,0,182.858,0
4,4056,3956,2,0,179.39500000000001,0
4,4057,3964,2,0,156.43000000000001,0
4,4058,3972,2,0,145.97499999999999,0
4,4059,3980,2,0,219.16800000000001,0
4,4060,3988,2,0,169.21700000000001,0
4,4061,3996,2,0,179.136,0
4,4062,4004,2,0,190.18100000000001,0
4,4063,4012,2,0,196.654,0
4,4064,4020,2,0,180.267,0
4,4065,4028,2,0,158.68799999999999,0
4,4066,4036,2,0,169.96000000000001,0
4,4067,4044,2,0,155.61099999999999,0
4,4068,4052,2,0,171.43799999999999,0
4,4069,4060,2,0,174.32900000000001,0
4,4070,4068,2,0,130.101,0
4,4071,4076,2,0,140.55000000000001,0
4,4072,4084,2,0,156.36199999999999,0
4,4073,4092,2,0,156.203,0
4,4074,4100,2,0,182.19800000000001,0
4,4075,4108,2,0,178.13900000000001,0
4,4076,4116,2,0,174.05699999999999,0
4,4077,4124,2,0,213.70699999999999,0
4,4078,4132,2,0,166.471,0
4,4079,4140,2,0,165.72300000000001,0
4,4080,4148,2,0,183.88800000000001,0
4,4081,4156,2,0,174.79300000000001,0
4,4082,4164,2,0,220.00200000000001,0
4,4083,4172,2,0,199.661,0
4,4084,4180,2,0,202.29900000000001,0
4,4085,4188,2,0,214.04400000000001,0
4,4086,4196,2,0,162.327,0
4,4087,4204,2,0,154.74299999999999,0
4,4088,4212,2,0,177.279,0
4,4089,4220,2,0,173.578,0
4,4090,4228,2,0,173.547,0
4,4091,4236,2,0,188.904,0
4,4092,4244,2,0,180.21899999999999,0
4,4093,4252,2,0,133.02799999999999,0
4,4094,4260,2,0,166.245,0
4,4095,4268,2,0,180.51300000000001,0
4,4096,4276,2,0,208.523,0
4,4097,4284,2,0,136.03899999999999,0
4,4098,4292,2,0,160.32300000000001,0
4,4099,4300,2,0,182.33099999999999,0
4,4100,4308,2,0,157.02799999999999,0
4,4101,4316,2,0,178.55099999999999,0
4,4102,4324,2,0,173.52000000000001,0
4,4103,4332,2,0,174.95699999999999,0
4,4104,4340,2,0,175.41399999999999,0
4,4105,4348,2,0,196.57300000000001,0
4,4106,4356,2,0,167.929,0
4,4107,4364,2,0,181.39099999999999,0
4,4108,4372,2,0,145.62700000000001,0
4,4109,4380,2,0,121.866,0
4,4110,4388,2,0,159.16200000000001,0
4,4111,4396,2,0,176.00700000000001,0
4,4112,4404,2,0,181.90799999999999,0
4,4113,4412,2,0,174.67500000000001,0
4,4114,4420,2,0,191.08099999999999,0
4,4115,4428,2,0,187.23599999999999,0
4,4116,4436,2,0,161.71000000000001,0
4,4117,4444,2,0,167.417,0
4,4118,4452,2,0,171.59100000000001,0
4,4119,4460,2,0,136.75700000000001,0
4,4120,4468,2,0,184.345,0
4,4121,4476,2,0,192.65899999999999,0
4,4122,4484,2,0,183.71100000000001,0
4,4123,4492,2,0,170.54400000000001,0
4,4124,4500,2,0,187.16200000000001,0
4,4125,4508,2,0,162.68199999999999,0
4,4126,4516,2,0,170.96000000000001,0
4,4127,4524,2,0,173.61000000000001,0
4,4128,4532,2,0,173.63800000000001,0
4,4129,4540,2,0,145.86600000000001,0
4,4130,4548,2,0,199.06200000000001,0
4,4131,4556,2,0,197.46899999999999,0
4,4132,4564,2,0,139.92699999999999,0
4,4133,4572,2,0,180.30799999999999,0
4,4134,4580,2,0,181.63900000000001,0
4,4135,4588,2,0,137.65799999999999,0
4,4136,4596,2,0,197.62899999999999,0
4,4137,4604,2,0,149.035,0
4,4138,4612,2,0,155.05799999999999,0
4,4139,4620,2,0,175.23699999999999,0
4,4140,4628,2,0,196.90799999999999,0
4,4141,4636,2,0,200.90600000000001,0
4,4142,4644,2,0,173.887,0
4,4143,4652,2,0,173.97900000000001,0
4,4144,4660,2,0,213.19300000000001,0
4,4145,4668,2,0,177.643,0
4,4146,4676,2,0,121.19799999999999,0
4,4147,4684,2,0,173.25200000000001,0
4,4148,4692,2,0,168.953,0
4,4149,4700,2,0,173.58199999999999,0
4,4150,4708,2,0,168.14500000000001,0
4,4151,4716,2,0,182.346,0
4,4152,4724,2,0,183.00700000000001,0
4,4153,4732,2,0,164.905,0
4,4154,4740,2,0,167.208,0
4,4155,4748,2,0,185.68100000000001,0
4,4156,4756,2,0,155.63300000000001,0
4,4157,4764,2,0,185.00700000000001,0
4,4158,4772,2,0,188.959,0
4,4159,4780,2,0,190.66900000000001,0
4,4160,4788,2,0,196.21000000000001,0
4,4161,4796,2,0,192.88999999999999,0
4,4162,4804,2,0,188.05199999999999,0
4,4163,4812,2,0,168.00999999999999,0
4,4164,4820,2,0,172.04400000000001,0
4,4165,4828,2,0,180.27600000000001,0
4,4166,4836,2,0,202.99700000000001,0
4,4167,4844,2,0,200.63499999999999,0
4,4168,4852,2,0,208.108,0
4,4169,4860,2,0,201.14599999999999,0
4,4170,4868,2,0,190.613,0
4,4171,4876,2,0,189.53800000000001,0
4,4172,4884,2,0,169.142,0
4,4173,4892,2,0,194.98400000000001,0
4,4174,4900,2,0,142.55000000000001,0
4,4175,4908,2,0,152.30099999999999,0
4,4176,4916,2,0,211.24700000000001,0
4,4177,4924,2,0,126.20399999999999,0
4,4178,4932,2,0,142.749,0
4,4179,4940,2,0,190.095,0
4,4180,4948,2,0,176.05199999999999,0
4,4181,4956,2,0,191.69999999999999,0
4,4182,4964,2,0,176.86699999999999,0
4,4183,4972,2,0,151.95099999999999,0
4,4184,4980,2,0,180.78399999999999,0
4,4185,4988,2,0,169.203,0
4,4186,4996,2,0,174.05799999999999,0
4,4187,5004,2,0,119.255,0
4,4188,5012,2,0,187.75999999999999,0
4,4189,5020,2,0,179.37799999999999,0
4,4190,5028,2,0,142.77799999999999,0
4,4191,5036,2,0,148.63,0
4,4192,5044,2,0,205.21199999999999,0
4,4193,5052,2,0,137.38499999999999,0
4,4194,5060,2,0,174.45599999999999,0
4,4195,5068,2,0,195.39400000000001,0
4,4196,5076,2,0,152.786,0
4,4197,5084,2,0,206.67400000000001,0
4,4198,5092,2,0,179.82499999999999,0
4,4199,5100,2,0,146.529,0
4,4200,5108,2,0,178.70699999999999,0
4,4201,5116,2,0,177.571,0
4,4202,5124,2,0,169.27799999999999,0
4,4203,5132,2,0,136.405,0
4,4204,5140,2,0,188.53899999999999,0
4,4205,5148,2,0,170.15799999999999,0
4,4206,5156,2,0,191.56999999999999,0
4,4207,5164,2,0,190.07599999999999,0
4,4208,5172,2,0,133.601,0
4,4209,5180,2,0,189.49700000000001,0
4,4210,5188,2,0,193.43600000000001,0
4,4211,5196,2,0,134.566,0
4,4212,5204,2,0,132.21100000000001,0
4,4213,5212,2,0,194.839,0
4,4214,5220,2,0,189.18600000000001,0
4,4215,5228,2,0,190.38200000000001,0
4,4216,5236,2,0,192.75800000000001,0
4,4217,5244,2,0,203.22399999999999,0
4,4218,5252,2,0,209.982,0
4,4219,5260,2,0,136.59800000000001,0
4,4220,5268,2,0,200.376,0
4,4221,5276,2,0,166.53299999999999,0
4,4222,5284,2,0,185.73500000000001,0
4,4223,5292,2,0,195.15799999999999,0
4,4224,5300,2,0,147.542,0
4,4225,5308,2,0,166.53,0
4,4226,5316,2,0,150.22999999999999,0
4,4227,5324,2,0,168.792,0
4,4228,5332,2,0,240.90899999999999,0
4,4229,5340,2,0,182.56399999999999,0
4,4230,5348,2,0,142.161,0
4,4231,5356,2,0,157.017,0
4,4232,5364,2,0,186.68299999999999,0
4,4233,5372,2,0,218.65100000000001,0
4,4234,5380,2,0,175.61799999999999,0
4,4235,5388,2,0,199.85400000000001,0
4,4236,5396,2,0,185.01900000000001,0
4,4237,5404,2,0,198.09299999999999,0
4,4238,5412,2,0,204.89699999999999,0
4,4239,5420,2,0,144.703,0
4,4240,5428,2,0,146.958,0
4,4241,5436,2,0,183.36699999999999,0
4,4242,5444,2,0,171.346,0
4,4243,5452,2,0,188.37,0
4,4244,5460,2,0,175.029,0
4,4245,5468,2,0,202.06999999999999,0
4,4246,5476,2,0,185.726,0
4,4247,5484,2,0,167.65100000000001,0
4,4248,5492,2,0,164.85499999999999,0
4,4249,5500,2,0,142.09,0
4,4250,5508,2,0,189.38,0
4,4251,5516,2,0,171.809,0
4,4252,5524,2,0,184.14500000000001,0
4,4253,5532,2,0,155.47999999999999,0
4,4254,5540,2,0,152.08799999999999,0
4,4255,5548,2,0,188.23699999999999,0
4,4256,5556,2,0,179.72,0
4,4257,5564,2,0,171.42699999999999,0
4,4258,5572,2,0,161.09100000000001,0
4,4259,5580,2,0,190.25999999999999,0
4,4260,5588,2,0,199.17099999999999,0
4,4261,5596,2,0,158.04499999999999,0
4,4262,5604,2,0,203.05099999999999,0
4,4263,5612,2,0,167.03,0
4,4264,5620,2,0,177.14500000000001,0
4,4265,5628,2,0,186.68100000000001,0
4,4266,5636,2,0,183.30600000000001,0
4,4267,5644,2,0,188.00299999999999,0
4,4268,5652,2,0,192.53299999999999,0
4,4269,5660,2,0,153.297,0
4,4270,5668,2,0,148.161,0
4,4271,5676,2,0,193.34100000000001,0
4,4272,5684,2,0,116.017,0
4,4273,5692,2,0,175.30799999999999,0
4,4274,5700,2,0,163.47900000000001,0
4,4275,5708,2,0,167.66900000000001,0
4,4276,5716,2,0,178.208,0
4,4277,5724,2,0,181.35900000000001,0
4,4278,5732,2,0,221.07400000000001,0
4,4279,5740,2,0,179.73500000000001,0
4,4280,5748,2,0,166.935,0
4,4281,5756,2,0,165.059,0
4,4282,5764,2,0,198.637,0
4,4283,5772,2,0,169.369,0
4,4284,5780,2,0,161.72900000000001,0
4,4285,5788,2,0,191.69499999999999,0
4,4286,5796,2,0,176.09399999999999,0
4,4287,5804,2,0,163.80699999999999,0
4,4288,5812,2,0,183.38999999999999,0
4,4289,5820,2,0,181.66999999999999,0
4,4290,5828,2,0,170.65199999999999,0
4,4291,5836,2,0,154.73400000000001,0
4,4292,5844,2,0,180.84700000000001,0
4,4293,5852,2,0,162.691,0
4,4294,5860,2,0,185.82300000000001,0
4,4295,5868,2,0,149.26400000000001,0
4,4296,5876,2,0,165.732,0
4,4297,5884,2,0,188.60400000000001,0
4,4298,5892,2,0,187.66300000000001,0
4,4299,5900,2,0,192.69,0
4,4300,5908,2,0,149.935,0
4,4301,5916,2,0,191.13499999999999,0
4,4302,5924,2,0,193.041,0
4,4303,5932,2,0,164.654,0
4,4304,5940,2,0,170.05199999999999,0
4,4305,5948,2,0,175.982,0
4,4306,5956,2,0,168.965,0
4,4307,5964,2,0,170.19399999999999,0
4,4308,5972,2,0,213.96799999999999,0
4,4309,5980,2,0,162.28299999999999,0
4,4310,5988,2,0,188.68000000000001,0
4,4311,5996,2,0,147.98699999999999,0
4,4312,6004,2,0,177.64400000000001,0
4,4313,6012,2,0,176.50399999999999,0
4,4314,6020,2,0,153.69900000000001,0
4,4315,6028,2,0,125.721,0
4,4316,6036,2,0,141.33099999999999,0
4,4317,6044,2,0,168.21899999999999,0
4,4318,6052,2,0,133.346,0
4,4319,6060,2,0,172.93000000000001,0
4,4320,6068,2,0,184.88399999999999,0
4,4321,6076,2,0,186.483,0
4,4322,6084,2,0,172.601,0
4,4323,6092,2,0,174.29900000000001,0
4,4324,6100,2,0,151.14699999999999,0
4,4325,6108,2,0,157.511,0
4,4326,6116,2,0,159.15199999999999,0
4,4327,6124,2,0,165.69800000000001,0
4,4328,6132,2,0,191.333,0
4,4329,6140,2,0,144.10499999999999,0
4,4330,6148,2,0,161.59800000000001,0
4,4331,6156,2,0,205.989,0
4,4332,6164,2,0,177.214,0
4,4333,6172,2,0,244.30699999999999,0
4,4334,6180,2,0,163.316,0
4,4335,6188,2,0,202.62799999999999,0
4,4336,6196,2,0,188.947,0
4,4337,6204,2,0,153.03399999999999,0
4,4338,6212,2,0,192.476,0
4,4339,6220,2,0,182.46700000000001,0
4,4340,6228,2,0,187.065,0
4,4341,6236,2,0,159.429,0
4,4342,6244,2,0,164.786,0
4,4343,6252,2,0,191.78399999999999,0
4,4344,6260,2,0,187.98599999999999,0
4,4345,6268,2,0,177.797,0
4,4346,6276,2,0,153.24700000000001,0
4,4347,6284,2,0,193.94200000000001,0
4,4348,6292,2,0,144.42599999999999,0
4,4349,6300,2,0,164.43100000000001,0
4,4350,6308,2,0,173.74299999999999,0
4,4351,6316,2,0,157.35499999999999,0
4,4352,6324,2,0,189.209,0
4,4353,6332,2,0,154.91300000000001,0
4,4354,6340,2,0,164.791,0
4,4355,6348,2,0,192.52199999999999,0
4,4356,6356,2,0,180.71600000000001,0
4,4357,6364,2,0,130.31800000000001,0
4,4358,6372,2,0,137.74799999999999,0
4,4359,6380,2,0,159.315,0
4,4360,6388,2,0,132.88200000000001,0
4,4361,6396,2,0,189.90100000000001,0
4,4362,6404,2,0,175.10499999999999,0
4,4363,6412,2,0,133.22300000000001,0
4,4364,6420,2,0,201.46299999999999,0
4,4365,6428,2,0,166.833,0
4,4366,6436,2,0,173.40299999999999,0
4,4367,6444,2,0,202.63,0
4,4368,6452,2,0,183.96100000000001,0
4,4369,6460,2,0,172.29400000000001,0
4,4370,6468,2,0,199.76599999999999,0
4,4371,6476,2,0,171.846,0
4,4372,6484,2,0,206.54499999999999,0
4,4373,6492,2,0,173.667,0
4,4374,6500,2,0,180.03100000000001,0
4,4375,6508,2,0,193.90700000000001,0
4,4376,6516,2,0,196.255,0
4,4377,6524,2,0,182.05600000000001,0
4,4378,6532,2,0,169.215,0
4,4379,6540,2,0,192.52099999999999,0
4,4380,6548,2,0,181.898,0
4,4381,6556,2,0,187.00700000000001,0
4,4382,6564,2,0,190.00399999999999,0
4,4383,6572,2,0,200.602,0
4,4384,6580,2,0,180.577,0
4,4385,6588,2,0,191.39699999999999,0
4,4386,6596,2,0,181.208,0
4,4387,6604,2,0,173.73500000000001,0
4,4388,6612,2,0,128.81299999999999,0
4,4389,6620,2,0,201.06299999999999,0
4,4390,6628,2,0,158.78999999999999,0
4,4391,6636,2,0,201.03,0
4,4392,6644,2,0,192.727,0
4,4393,6652,2,0,179.45699999999999,0
4,4394,6660,2,0,181.75,0
4,4395,6668,2,0,176.71899999999999,0
4,4396,6676,2,0,179.279,0
4,4397,6684,2,0,180.37200000000001,0
4,4398,6692,2,0,234.43199999999999,0
4,4399,6700,2,0,177.93799999999999,0
4,4400,6708,2,0,175.38,0
4,4401,6716,2,0,185.51300000000001,0
4,4402,6724,2,0,172.25200000000001,0
4,4403,6732,2,0,197.74299999999999,0
4,4404,6740,2,0,119.637,0
4,4405,6748,2,0,179.803,0
4,4406,6756,2,0,196.22200000000001,0
4,4407,6764,2,0,139.738,0
4,4408,6772,2,0,166.202,0
4,4409,6780,2,0,191.036,0
4,4410,6788,2,0,192.67400000000001,0
4,4411,6796,2,0,176.66499999999999,0
4,4412,6804,2,0,121.66800000000001,0
4,4413,6812,2,0,197.64699999999999,0
4,4414,6820,2,0,167.24600000000001,0
4,4415,6828,2,0,212.53899999999999,0
4,4416,6836,2,0,185.69200000000001,0
4,4417,6844,2,0,197.62799999999999,0
4,4418,6852,2,0,201.077,0
4,4419,6860,2,0,148.62799999999999,0
4,4420,6868,2,0,163.458,0
4,4421,6876,2,0,152.39500000000001,0
4,4422,6884,2,0,176.21799999999999,0
4,4423,6892,2,0,182.86199999999999,0
4,4424,6900,2,0,198.63200000000001,0
4,4425,6908,2,0,162.274,0
4,4426,6916,2,0,188.99100000000001,0
4,4427,6924,2,0,195.99700000000001,0
4,4428,6932,2,0,179.07400000000001,0
4,4429,6940,2,0,167.28100000000001,0
4,4430,6948,2,0,166.24799999999999,0
4,4431,6956,2,0,191.501,0
4,4432,6964,2,0,158.25399999999999,0
4,4433,6972,2,0,178.16,0
4,4434,6980,2,0,184.08000000000001,0
4,4435,6988,2,0,186.21700000000001,0
4,4436,6996,2,0,149.13800000000001,0
4,4437,7004,2,0,189.66200000000001,0
4,4438,7012,2,0,149.06399999999999,0
4,4439,7020,2,0,168.16399999999999,0
4,4440,7028,2,0,176.97800000000001,0
4,4441,7036,2,0,172.995,0
4,4442,7044,2,0,191.24100000000001,0
4,4443,7052,2,0,182.59800000000001,0
4,4444,7060,2,0,179.386,0
4,4445,7068,2,0,160.36000000000001,0
4,4446,7076,2,0,171.72499999999999,0
4,4447,7084,2,0,183.11600000000001,0
4,4448,7092,2,0,158.898,0
4,4449,7100,2,0,159.786,0
4,4450,7108,2,0,180.37799999999999,0
4,4451,7116,2,0,212.459,0
4,4452,7124,2,0,163.00700000000001,0
4,4453,7132,2,0,174.80799999999999,0
4,4454,7140,2,0,159.47300000000001,0
4,4455,7148,2,0,167.50200000000001,0
4,4456,7156,2,0,181.10599999999999,0
4,4457,7164,2,0,186.92699999999999,0
4,4458,7172,2,0,196.74600000000001,0
4,4459,7180,2,0,146.958,0
4,4460,7188,2,0,166.00700000000001,0
4,4461,7196,2,0,196.108,0
4,4462,7204,2,0,167.065,0
4,4463,7212,2,0,171.58600000000001,0
4,4464,7220,2,0,157.773,0
4,4465,7228,2,0,172.45099999999999,0
4,4466,7236,2,0,186.24600000000001,0
4,4467,7244,2,0,196.863,0
4,4468,7252,2,0,202.08699999999999,0
4,4469,7260,2,0,146.22900000000001,0
4,4470,7268,2,0,188.131,0
4,4471,7276,2,0,183.44399999999999,0
4,4472,7284,2,0,164.83500000000001,0
4,4473,7292,2,0,245.93100000000001,0
4,4474,7300,2,0,159.196,0
4,4475,7308,2,0,188.352,0
4,4476,7316,2,0,131.054,0
4,4477,7324,2,0,176.84700000000001,0
4,4478,7332,2,0,145.98699999999999,0
4,4479,7340,2,0,189.09800000000001,0
4,4480,7348,2,0,160.078,0
4,4481,7356,2,0,178.73400000000001,0
4,4482,7364,2,0,193.80699999999999,0
4,4483,7372,2,0,190.249,0
4,4484,7380,2,0,193.33699999999999,0
4,4485,7388,2,0,173.602,0
4,4486,7396,2,0,142.59,0
4,4487,7404,2,0,188.971,0
4,4488,7412,2,0,146.55500000000001,0
4,4489,7420,2,0,171.85400000000001,0
4,4490,7428,2,0,170.50700000000001,0
4,4491,7436,2,0,197.95699999999999,0
4,4492,7444,2,0,163.66499999999999,0
4,4493,7452,2,0,162.98500000000001,0
4,4494,7460,2,0,181.023,0
4,4495,7468,2,0,139.63,0
4,4496,7476,2,0,184.76599999999999,0
4,4497,7484,2,0,192.63200000000001,0
4,4498,7492,2,0,191.392,0
4,4499,7500,2,0,155.126,0
4,4500,7508,2,0,190.81800000000001,0
4,4501,7516,2,0,145.32499999999999,0
4,4502,7524,2,0,193.07900000000001,0
4,4503,7532,2,0,182.14400000000001,0
4,4504,7540,2,0,166.81700000000001,0
4,4505,7548,2,0,148.751,0
4,4506,7556,2,0,206.22999999999999,0
4,4507,7564,2,0,159.821,0
4,4508,7572,2,0,143.27000000000001,0
4,4509,7580,2,0,158.19,0
4,4510,7588,2,0,201.53,0
4,4511,7596,2,0,202.83099999999999,0
4,4512,7604,2,0,192.47200000000001,0
4,4513,7612,2,0,201.68100000000001,0
4,4514,7620,2,0,182.434,0
4,4515,7628,2,0,157.929,0
4,4516,7636,2,0,176.86500000000001,0
4,4517,7644,2,0,130.25299999999999,0
4,4518,7652,2,0,192.798,0
4,4519,7660,2,0,216.03100000000001,0
4,4520,7668,2,0,183.911,0
4,4521,7676,2,0,181.38900000000001,0
4,4522,7684,2,0,172.68700000000001,0
4,4523,7692,2,0,176.87299999999999,0
4,4524,7700,2,0,167.66900000000001,0
4,4525,7708,2,0,157.53700000000001,0
4,4526,7716,2,0,125.25,0
4,4527,7724,2,0,189.84100000000001,0
4,4528,7732,2,0,173.73500000000001,0
4,4529,7740,2,0,210.095,0
4,4530,7748,2,0,183.803,0
4,4531,7756,2,0,135.66999999999999,0
4,4532,7764,2,0,165.547,0
4,4533,7772,2,0,162.67099999999999,0
4,4534,7780,2,0,162.66399999999999,0
4,4535,7788,2,0,181.80600000000001,0
4,4536,7796,2,0,171.39599999999999,0
4,4537,7804,2,0,177.624,0
4,4538,7812,2,0,122.529,0
4,4539,7820,2,0,178.55099999999999,0
4,4540,7828,2,0,175.108,0
4,4541,7836,2,0,190.28299999999999,0
4,4542,7844,2,0,199.09999999999999,0
4,4543,7852,2,0,186.91300000000001,0
4,4544,7860,2,0,193.047,0
4,4545,7868,2,0,177.209,0
4,4546,7876,2,0,209.595,0
4,4547,7884,2,0,128.62899999999999,0
4,4548,7892,2,0,222.489,0
4,4549,7900,2,0,165.31100000000001,0
4,4550,7908,2,0,193.66800000000001,0
4,4551,7916,2,0,179.822,0
4,4552,7924,2,0,184.828,0
4,4553,7932,2,0,140.345,0
4,4554,7940,2,0,173.495,0
4,4555,7948,2,0,183.60499999999999,0
4,4556,7956,2,0,176.102,0
4,4557,7964,2,0,161.899,0
4,4558,7972,2,0,206.11799999999999,0
4,4559,7980,2,0,190.583,0
4,4560,7988,2,0,173.41300000000001,0
4,4561,7996,2,0,190.77699999999999,0
4,4562,8004,2,0,125.68899999999999,0
4,4563,8012,2,0,163.06899999999999,0
4,4564,8020,2,0,177.97499999999999,0
4,4565,8028,2,0,182.52500000000001,0
4,4566,8036,2,0,145.59399999999999,0
4,4567,8044,2,0,200.83199999999999,0
4,4568,8052,2,0,187.74700000000001,0
4,4569,8060,2,0,137.88399999999999,0
4,4570,8068,2,0,196.86500000000001,0
4,4571,8076,2,0,195.28,0
4,4572,8084,2,0,171.226,0
4,4573,8092,2,0,179.59800000000001,0
4,4574,8100,2,0,194.21199999999999,0
4,4575,8108,2,0,117.399,0
4,4576,8116,2,0,143.709,0
4,4577,8124,2,0,183.114,0
4,4578,8132,2,0,203.595,0
4,4579,8140,2,0,174.75999999999999,0
4,4580,8148,2,0,190.851,0
4,4581,8156,2,0,188.96899999999999,0
4,4582,8164,2,0,147.65899999999999,0
4,4583,8172,2,0,149.53800000000001,0
4,4584,8180,2,0,152.90000000000001,0
4,4585,8188,2,0,176.244,0
4,4586,8196,2,0,169.499,0
4,4587,8204,2,0,162.86799999999999,0
4,4588,8212,2,0,184.31399999999999,0
4,4589,8220,2,0,189.88800000000001,0
4,4590,8228,2,0,191.28899999999999,0
4,4591,8236,2,0,161.00200000000001,0
4,4592,8244,2,0,182.43199999999999,0
4,4593,8252,2,0,166.822,0
4,4594,8260,2,0,181.16999999999999,0
4,4595,8268,2,0,185.62299999999999,0
4,4596,8276,2,0,178.69200000000001,0
4,4597,8284,2,0,174.60499999999999,0
4,4598,8292,2,0,171.244,0
4,4599,8300,2,0,192.08699999999999,0
4,4600,8308,2,0,141.06800000000001,0
4,4601,8316,2,0,198.53899999999999,0
4,4602,8324,2,0,148.673,0
4,4603,8332,2,0,181.81999999999999,0
4,4604,8340,2,0,152.255,0
4,4605,8348,2,0,166.78200000000001,0
4,4606,8356,2,0,184.614,0
4,4607,8364,2,0,183.602,0
4,4608,8372,2,0,172.149,0
4,4609,8380,2,0,138.81899999999999,0
4,4610,8388,2,0,189.23500000000001,0
4,4611,8396,2,0,190.90299999999999,0
4,4612,8404,2,0,191.78899999999999,0
4,4613,8412,2,0,168.90000000000001,0
4,4614,8420,2,0,173.23599999999999,0
4,4615,8428,2,0,166.893,0
4,4616,8436,2,0,185.16800000000001,0
4,4617,8444,2,0,161.35499999999999,0
4,4618,8452,2,0,173.804,0
4,4619,8460,2,0,180.59899999999999,0
4,4620,8468,2,0,168.88399999999999,0
4,4621,8476,2,0,196.70699999999999,0
4,4622,8484,2,0,179.76900000000001,0
4,4623,8492,2,0,183.375,0
4,4624,8500,2,0,195.83799999999999,0
4,4625,8508,2,0,125.126,0
4,4626,8516,2,0,173.477,0
4,4627,8524,2,0,195.60900000000001,0
4,4628,8532,2,0,165.93799999999999,0
4,4629,8540,2,0,181.95599999999999,0
4,4630,8548,2,0,151.92400000000001,0
4,4631,8556,2,0,193.643,0
4,4632,8564,2,0,169.119,0
4,4633,8572,2,0,187.58699999999999,0
4,4634,8580,2,0,147.279,0
4,4635,8588,2,0,154.86500000000001,0
4,4636,8596,2,0,191.303,0
4,4637,8604,2,0,175.75899999999999,0
4,4638,8612,2,0,188.73400000000001,0
4,4639,8620,2,0,171.96100000000001,0
4,4640,8628,2,0,196.71299999999999,0
4,4641,8636,2,0,145.059,0
4,4642,8644,2,0,134.38,0
4,4643,8652,2,0,153.16,0
4,4644,8660,2,0,184.68899999999999,0
4,4645,8668,2,0,190.58500000000001,0
4,4646,8676,2,0,187.84999999999999,0
4,4647,8684,2,0,192.804,0
4,4648,8692,2,0,202.84999999999999,0
4,4649,8700,2,0,191.428,0
4,4650,8708,2,0,145.55000000000001,0
4,4651,8716,2,0,190.15100000000001,0
4,4652,8724,2,0,226.834,0
4,4653,8732,2,0,167.946,0
4,4654,8740,2,0,170.40799999999999,0
4,4655,8748,2,0,176.38999999999999,0
4,4656,8756,2,0,189.816,0
4,4657,8764,2,0,178.584,0
4,4658,8772,2,0,199.495,0
4,4659,8780,2,0,188.19499999999999,0
4,4660,8788,2,0,155.66800000000001,0
4,4661,8796,2,0,194.77000000000001,0
4,4662,8804,2,0,178.494,0
4,4663,8812,2,0,144.51400000000001,0
4,4664,8820,2,0,180.61199999999999,0
4,4665,8828,2,0,192.33799999999999,0
4,4666,8836,2,0,186.93299999999999,0
4,4667,8844,2,0,169.791,0
4,4668,8852,2,0,183.81,0
4,4669,8860,2,0,185.167,0
4,4670,8868,2,0,189.56,0
4,4671,8876,2,0,188.54599999999999,0
4,4672,8884,2,0,196.60599999999999,0
4,4673,8892,2,0,185.464,0
4,4674,8900,2,0,181.078,0
4,4675,8908,2,0,157.34800000000001,0
4,4676,8916,2,0,166.267,0
4,4677,8924,2,0,149.089,0
4,4678,8932,2,0,188.00399999999999,0
4,4679,8940,2,0,142.816,0
4,4680,8948,2,0,154.57300000000001,0
4,4681,8956,2,0,180.72300000000001,0
4,4682,8964,2,0,173.08000000000001,0
4,4683,8972,2,0,152.02000000000001,0
4,4684,8980,2,0,189.90199999999999,0
4,4685,8988,2,0,149.13999999999999,0
4,4686,8996,2,0,195.48500000000001,0
4,4687,9004,2,0,188.245,0
4,4688,9012,2,0,178.541,0
4,4689,9020,2,0,178.14099999999999,0
4,4690,9028,2,0,179.648,0
4,4691,9036,2,0,193.32599999999999,0
4,4692,9044,2,0,194.30600000000001,0
4,4693,9052,2,0,192.16999999999999,0
4,4694,9060,2,0,191.01599999999999,0
4,4695,9068,2,0,166.38300000000001,0
4,4696,9076,2,0,177.82400000000001,0
4,4697,9084,2,0,142.71899999999999,0
4,4698,9092,2,0,189.30000000000001,0
4,4699,9100,2,0,179.80600000000001,0
4,4700,9108,2,0,198.46299999999999,0
4,4701,9116,2,0,198.749,0
4,4702,9124,2,0,191.25999999999999,0
4,4703,9132,2,0,164.25,0
4,4704,9140,2,0,191.45599999999999,0
4,4705,9148,2,0,194.84100000000001,0
4,4706,9156,2,0,135.03800000000001,0
4,4707,9164,2,0,187.626,0
4,4708,9172,2,0,169.26599999999999,0
4,4709,9180,2,0,173.90899999999999,0
4,4710,9188,2,0,177.625,0
4,4711,9196,2,0,159.34899999999999,0
4,4712,9204,2,0,173.47300000000001,0
4,4713,9212,2,0,197.53399999999999,0
4,4714,9220,2,0,174.71100000000001,0
4,4715,9228,2,0,132.785,0
4,4716,9236,2,0,149.452,0
4,4717,9244,2,0,185.90100000000001,0
4,4718,9252,2,0,194.78299999999999,0
4,4719,9260,2,0,158.07400000000001,0
4,4720,9268,2,0,185.93700000000001,0
4,4721,9276,2,0,183.40600000000001,0
4,4722,9284,2,0,187.30799999999999,0
4,4723,9292,2,0,198.905,0
4,4724,9300,2,0,122.065,0
4,4725,9308,2,0,126.78100000000001,0
4,4726,9316,2,0,167.405,0
4,4727,9324,2,0,173.63800000000001,0
4,4728,9332,2,0,135.089,0
4,4729,9340,2,0,176.321,0
4,4730,9348,2,0,196.666,0
4,4731,9356,2,0,181.13499999999999,0
4,4732,9364,2,0,171.62700000000001,0
4,4733,9372,2,0,185.35400000000001,0
4,4734,9380,2,0,177.739,0
4,4735,9388,2,0,136.80500000000001,0
4,4736,9396,2,0,209.33799999999999,0
4,4737,9404,2,0,173.893,0
4,4738,9412,2,0,163.40700000000001,0
4,4739,9420,2,0,151.447,0
4,4740,9428,2,0,185.13200000000001,0
4,4741,9436,2,0,167.69200000000001,0
4,4742,9444,2,0,210.20099999999999,0
4,4743,9452,2,0,177.80699999999999,0
4,4744,9460,2,0,166.84,0
4,4745,9468,2,0,191.60599999999999,0
4,4746,9476,2,0,177.53999999999999,0
4,4747,9484,2,0,199.49199999999999,0
4,4748,9492,2,0,186.75899999999999,0
4,4749,9500,2,0,191.72200000000001,0
4,4750,9508,2,0,188.17699999999999,0
4,4751,9516,2,0,173.06299999999999,0
4,4752,9524,2,0,214.989,0
4,4753,9532,2,0,161.85900000000001,0
4,4754,9540,2,0,180.34700000000001,0
4,4755,9548,2,0,183.12899999999999,0
4,4756,9556,2,0,210.131,0
4,4757,9564,2,0,146.351,0
4,4758,9572,2,0,137.42400000000001,0
4,4759,9580,2,0,156.50399999999999,0
4,4760,9588,2,0,169.36099999999999,0
4,4761,9596,2,0,185.024,0
4,4762,9604,2,0,183.18600000000001,0
4,4763,9612,2,0,201.298,0
4,4764,9620,2,0,195.232,0
4,4765,9628,2,0,193.839,0
4,4766,9636,2,0,127.807,0
4,4767,9644,2,0,178.44900000000001,0
4,4768,9652,2,0,184.76900000000001,0
4,4769,9660,2,0,210.77500000000001,0
4,4770,9668,2,0,170.845,0
4,4771,9676,2,0,133.078,0
4,4772,9684,2,0,172.10300000000001,0
4,4773,9692,2,0,172.59,0
4,4774,9700,2,0,127.16800000000001,0
4,4775,9708,2,0,155.33199999999999,0
4,4776,9716,2,0,192.32599999999999,0
4,4777,9724,2,0,184.607,0
4,4778,9732,2,0,178.56700000000001,0
4,4779,9740,2,0,187.11099999999999,0
4,4780,9748,2,0,201.404,0
4,4781,9756,2,0,198.506,0
4,4782,9764,2,0,168.32499999999999,0
4,4783,9772,2,0,176.977,0
4,4784,9780,2,0,154.74199999999999,0
4,4785,9788,2,0,178.815,0
4,4786,9796,2,0,189.328,0
4,4787,9804,2,0,182.44800000000001,0
4,4788,9812,2,0,167.911,0
4,4789,9820,2,0,160.32400000000001,0
4,4790,9828,2,0,161.108,0
4,4791,9836,2,0,200.91900000000001,0
4,4792,9844,2,0,180.24799999999999,0
4,4793,9852,2,0,204.595,0
4,4794,9860,2,0,155.02099999999999,0
4,4795,9868,2,0,169.809,0
4,4796,9876,2,0,154.39699999999999,0
4,4797,9884,2,0,167.482,0
4,4798,9892,2,0,185.69800000000001,0
4,4799,9900,2,0,185.977,0
4,4800,9908,2,0,181.93600000000001,0
4,4801,9916,2,0,178.77699999999999,0
4,4802,9924,2,0,161.566,0
4,4803,9932,2,0,183.66399999999999,0
4,4804,9940,2,0,169.29400000000001,0
4,4805,9948,2,0,211.48699999999999,0
4,4806,9956,2,0,180.09899999999999,0
4,4807,9964,2,0,188.62299999999999,0
4,4808,9972,2,0,182.964,0
4,4809,9980,2,0,172.46000000000001,0
4,4810,9988,2,0,196.88399999999999,0
4,4811,9996,2,0,148.30600000000001,0
4,4812,10004,2,0,193.00399999999999,0
4,4813,10012,2,0,139.75700000000001,0
4,4814,10020,2,0,177.81,0
4,4815,10028,2,0,187.10400000000001,0
4,4816,10036,2,0,176.53800000000001,0
4,4817,10044,2,0,158.66900000000001,0
4,4818,10052,2,0,201.85300000000001,0
4,4819,10060,2,0,183.065,0
4,4820,10068,2,0,198.41,0
4,4821,10076,2,0,196.69,0
4,4822,10084,2,0,145.05500000000001,0
4,4823,10092,2,0,129.767,0
4,4824,10100,2,0,189.47800000000001,0
4,4825,10108,2,0,199.958,0
4,4826,10116,2,0,176.17400000000001,0
4,4827,10124,2,0,147.81899999999999,0
4,4828,10132,2,0,164.61199999999999,0
4,4829,10140,2,0,179.209,0
4,4830,10148,2,0,147.631,0
4,4831,10156,2,0,185.85900000000001,0
4,4832,10164,2,0,184.95400000000001,0
4,4833,10172,2,0,134.91200000000001,0
4,4834,10180,2,0,164.18600000000001,0
4,4835,10188,2,0,167.71299999999999,0
4,4836,10196,2,0,189.392,0
4,4837,10204,2,0,173.68100000000001,0
4,4838,10212,2,0,168.304,0
4,4839,10220,2,0,176.07599999999999,0
4,4840,10228,2,0,168.23500000000001,0
4,4841,10236,2,0,184.13200000000001,0
4,4842,10244,2,0,162.929,0
4,4843,10252,2,0,194.03200000000001,0
4,4844,10260,2,0,145.09299999999999,0
4,4845,10268,2,0,179.29499999999999,0
4,4846,10276,2,0,182.447,0
4,4847,10284,2,0,197.691,0
4,4848,10292,2,0,187.32400000000001,0
4,4849,10300,2,0,191.00700000000001,0
4,4850,10308,2,0,198.81399999999999,0
4,4851,10316,2,0,176.63499999999999,0
4,4852,10324,2,0,197.16900000000001,0
4,4853,10332,2,0,172.93600000000001,0
4,4854,10340,2,0,165.87200000000001,0
4,4855,10348,2,0,191.67500000000001,0
4,4856,10356,2,0,131.05000000000001,0
4,4857,10364,2,0,162.858,0
4,4858,10372,2,0,163.83600000000001,0
4,4859,10380,2,0,189.72,0
4,4860,10388,2,0,189.06100000000001,0
4,4861,10396,2,0,177.715,0
4,4862,10404,2,0,169.91900000000001,0
4,4863,10412,2,0,167.18000000000001,0
4,4864,10420,2,0,181.267,0
4,4865,10428,2,0,197.01300000000001,0
4,4866,10436,2,0,136.721,0
4,4867,10444,2,0,176.495,0
4,4868,10452,2,0,196.58000000000001,0
4,4869,10460,2,0,168.797,0
4,4870,10468,2,0,164.928,0
4,4871,10476,2,0,187.23699999999999,0
4,4872,10484,2,0,179.06100000000001,0
4,4873,10492,2,0,179.792,0
4,4874,10500,2,0,184.39500000000001,0
4,4875,10508,2,0,192.161,0
4,4876,10516,2,0,182.518,0
4,4877,10524,2,0,185.93899999999999,0
4,4878,10532,2,0,171.69,0
4,4879,10540,2,0,190.30799999999999,0
4,4880,10548,2,0,175.86600000000001,0
4,4881,10556,2,0,138.565,0
4,4882,10564,2,0,197.857,0
4,4883,10572,2,0,168.488,0
4,4884,10580,2,0,189.244,0
4,4885,10588,2,0,189.75200000000001,0
4,4886,10596,2,0,153.40700000000001,0
4,4887,10604,2,0,213.273,0
4,4888,10612,2,0,174.93199999999999,0
4,4889,10620,2,0,186.386,0
4,4890,10628,2,0,196.16300000000001,0
4,4891,10636,2,0,180.08199999999999,0
4,4892,10644,2,0,187.19900000000001,0
4,4893,10652,2,0,190.30500000000001,0
4,4894,10660,2,0,163.75700000000001,0
4,4895,10668,2,0,194.459,0
4,4896,10676,2,0,173.09,0
4,4897,10684,2,0,149.24600000000001,0
4,4898,10692,2,0,197.999,0
4,4899,10700,2,0,187.00299999999999,0
4,4900,10708,2,0,162.09,0
4,4901,10716,2,0,181.22999999999999,0
4,4902,10724,2,0,193.91900000000001,0
4,4903,10732,2,0,175.125,0
4,4904,10740,2,0,153.696,0
4,4905,10748,2,0,180.96000000000001,0
4,4906,10756,2,0,226.25899999999999,0
4,4907,10764,2,0,179.90899999999999,0
4,4908,10772,2,0,152.85300000000001,0
4,4909,10780,2,0,154.583,0
4,4910,10788,2,0,183.08099999999999,0
4,4911,10796,2,0,172.755,0
4,4912,10804,2,0,190.98699999999999,0
4,4913,10812,2,0,188.126,0
4,4914,10820,2,0,195.97200000000001,0
4,4915,10828,2,0,176.86500000000001,0
4,4916,10836,2,0,188.86500000000001,0
4,4917,10844,2,0,178.446,0
4,4918,10852,2,0,182.363,0
4,4919,10860,2,0,185.136,0
4,4920,10868,2,0,178.78999999999999,0
4,4921,10876,2,0,176.13499999999999,0
4,4922,10884,2,0,156.39099999999999,0
4,4923,10892,2,0,183.071,0
4,4924,10900,2,0,185.58099999999999,0
4,4925,10908,2,0,168.84299999999999,0
4,4926,10916,2,0,204.86699999999999,0
4,4927,10924,2,0,194.75299999999999,0
4,4928,10932,2,0,153.548,0
4,4929,10940,2,0,177.53800000000001,0
4,4930,10948,2,0,189.95400000000001,0
4,4931,10956,2,0,154.239,0
4,4932,10964,2,0,174.624,0
4,4933,10972,2,0,134.499,0
4,4934,10980,2,0,183.608,0
4,4935,10988,2,0,191.68100000000001,0
4,4936,10996,2,0,163.49299999999999,0
4,4937,11004,2,0,163.74000000000001,0
4,4938,11012,2,0,177.40899999999999,0
4,4939,11020,2,0,175.87899999999999,0
4,4940,11028,2,0,178.691,0
4,4941,11036,2,0,173.72,0
4,4942,11044,2,0,186.73699999999999,0
4,4943,11052,2,0,140.03200000000001,0
4,4944,11060,2,0,210.29300000000001,0
4,4945,11068,2,0,187.245,0
4,4946,11076,2,0,162.64099999999999,0
4,4947,11084,2,0,176.63900000000001,0
4,4948,11092,2,0,182.53100000000001,0
4,4949,11100,2,0,205.09899999999999,0
4,4950,11108,2,0,198.11699999999999,0
4,4951,11116,2,0,181.52099999999999,0
4,4952,11124,2,0,146.59399999999999,0
4,4953,11132,2,0,156.125,0
4,4954,11140,2,0,182.04599999999999,0
4,4955,11148,2,0,185.48099999999999,0
4,4956,11156,2,0,189.18600000000001,0
4,4957,11164,2,0,200.72800000000001,0
4,4958,11172,2,0,155.28200000000001,0
4,4959,11180,2,0,179.75700000000001,0
4,4960,11188,2,0,223.15299999999999,0
4,4961,11196,2,0,142.607,0
4,4962,11204,2,0,168.96700000000001,0
4,4963,11212,2,0,192.631,0
4,4964,11220,2,0,179.881,0
4,4965,11228,2,0,197.09399999999999,0
4,4966,11236,2,0,163.01900000000001,0
4,4967,11244,2,0,163.601,0
4,4968,11252,2,0,186.23599999999999,0
4,4969,11260,2,0,190.083,0
4,4970,11268,2,0,189.279,0
4,4971,11276,2,0,207.91300000000001,0
4,4972,11284,2,0,161.37799999999999,0
4,4973,11292,2,0,181.45699999999999,0
4,4974,11300,2,0,183.28800000000001,0
4,4975,11308,2,0,149.749,0
4,4976,11316,2,0,188.167,0
4,4977,11324,2,0,168.137,0
4,4978,11332,2,0,181.946,0
4,4979,11340,2,0,182.81200000000001,0
4,4980,11348,2,0,155.482,0
4,4981,11356,2,0,168.45699999999999,0
4,4982,11364,2,0,179.31899999999999,0
4,4983,11372,2,0,181.25200000000001,0
4,4984,11380,2,0,133.422,0
4,4985,11388,2,0,162.13300000000001,0
4,4986,11396,2,0,161.26900000000001,0
4,4987,11404,2,0,143.55000000000001,0
4,4988,11412,2,0,171.916,0
4,4989,11420,2,0,185.928,0
4,4990,11428,2,0,171.48500000000001,0
4,4991,11436,2,0,177.00700000000001,0
4,4992,11444,2,0,154.285,0
4,4993,11452,2,0,155.624,0
4,4994,11460,2,0,191.774,0
4,4995,11468,2,0,180.81700000000001,0
4,4996,11476,2,0,172.697,0
4,4997,11484,2,0,187.38800000000001,0
4,4998,11492,2,0,181.82900000000001,0
4,4999,11500,2,0,172.75,0
4,5000,11508,2,0,155.37899999999999,0
4,5001,11516,2,0,161.846,0
4,5002,11524,2,0,179.352,0
4,5003,11532,2,0,181.95500000000001,0
4,5004,11540,2,0,163.78100000000001,0
4,5005,11548,2,0,199.94300000000001,0
4,5006,11556,2,0,191.387,0
4,5007,11564,2,0,154.30099999999999,0
4,5008,11572,2,0,203.25800000000001,0
4,5009,11580,2,0,190.94200000000001,0
4,5010,11588,2,0,173.28299999999999,0
4,5011,11596,2,0,186.71799999999999,0
4,5012,11604,2,0,213.29599999999999,0
4,5013,11612,2,0,155.75899999999999,0
4,5014,11620,2,0,178.529,0
4,5015,11628,2,0,199.501,0
4,5016,11636,2,0,197.928,0
4,5017,11644,2,0,176.36799999999999,0
4,5018,11652,2,0,142.12200000000001,0
4,5019,11660,2,0,192.52000000000001,0
4,5020,11668,2,0,153.81200000000001,0
4,5021,11676,2,0,153.94,0
4,5022,11684,2,0,199.02699999999999,0
4,5023,11692,2,0,181.57499999999999,0
4,5024,11700,2,0,189.00700000000001,0
4,5025,11708,2,0,149.988,0
4,5026,11716,2,0,197.42699999999999,0
4,5027,11724,2,0,175.43700000000001,0
4,5028,11732,2,0,169.56399999999999,0
4,5029,11740,2,0,171.25200000000001,0
4,5030,11748,2,0,176.37200000000001,0
4,5031,11756,2,0,217.21100000000001,0
4,5032,11764,2,0,186.58799999999999,0
4,5033,11772,2,0,193.18199999999999,0
4,5034,11780,2,0,184.89099999999999,0
4,5035,11788,2,0,159.24199999999999,0
4,5036,11796,2,0,162.143,0
4,5037,11804,2,0,185.92500000000001,0
4,5038,11812,2,0,165.58000000000001,0
4,5039,11820,2,0,154.66800000000001,0
4,5040,11828,2,0,191.173,0
4,5041,11836,2,0,189.74600000000001,0
4,5042,11844,2,0,193.089,0
4,5043,11852,2,0,176.024,0
4,5044,11860,2,0,152.31999999999999,0
4,5045,11868,2,0,180.405,0
4,5046,11876,2,0,184.77699999999999,0
4,5047,11884,2,0,157.50999999999999,0
4,5048,11892,2,0,171.71799999999999,0
4,5049,11900,2,0,194.47200000000001,0
4,5050,11908,2,0,159.47499999999999,0
4,5051,11916,2,0,133.745,0
4,5052,11924,2,0,192.06,0
4,5053,11932,2,0,163.81299999999999,0
4,5054,11940,2,0,192.34899999999999,0
4,5055,11948,2,0,161.52600000000001,0
4,5056,11956,2,0,145.21600000000001,0
4,5057,11964,2,0,228.45099999999999,0
4,5058,11972,2,0,189.916,0
4,5059,11980,2,0,170.65799999999999,0
4,5060,11988,2,0,164.58799999999999,0
4,5061,11996,2,0,183.75299999999999,0
4,5062,12004,2,0,175.108,0
4,5063,12012,2,0,188.965,0
4,5064,12020,2,0,224.208,0
4,5065,12028,2,0,184.78299999999999,0
4,5066,12036,2,0,160.846,0
4,5067,12044,2,0,134.45400000000001,0
4,5068,12052,2,0,180.73500000000001,0
4,5069,12060,2,0,177.91800000000001,0
4,5070,12068,2,0,192.32599999999999,0
4,5071,12076,2,0,191.26599999999999,0
4,5072,12084,2,0,143.96700000000001,0
4,5073,12092,2,0,184.839,0
4,5074,12100,2,0,173.99299999999999,0
4,5075,12108,2,0,217.91800000000001,0
4,5076,12116,2,0,178.03299999999999,0
4,5077,12124,2,0,168.31,0
4,5078,12132,2,0,188.84299999999999,0
4,5079,12140,2,0,193.14099999999999,0
4,5080,12148,2,0,165.899,0
4,5081,12156,2,0,177.59100000000001,0
4,5082,12164,2,0,202.779,0
4,5083,12172,2,0,165.40199999999999,0
4,5084,12180,2,0,170.703,0
4,5085,12188,2,0,189.08199999999999,0
4,5086,12196,2,0,188.47800000000001,0
4,5087,12204,2,0,184.47399999999999,0
4,5088,12212,2,0,171.72300000000001,0
4,5089,12220,2,0,236.459,0
4,5090,12228,2,0,169.78399999999999,0
4,5091,12236,2,0,184.59399999999999,0
4,5092,12244,2,0,140.511,0
4,5093,12252,2,0,180.25200000000001,0
4,5094,12260,2,0,163.56200000000001,0
4,5095,12268,2,0,173.56700000000001,0
4,5096,12276,2,0,123.209,0
4,5097,12284,2,0,166.55600000000001,0
4,5098,12292,2,0,176.12700000000001,0
4,5099,12300,2,0,173.60599999999999,0
4,5100,12308,2,0,183.286,0
4,5101,12316,2,0,224.59100000000001,0
4,5102,12324,2,0,191.58199999999999,0
4,5103,12332,2,0,188.78700000000001,0
4,5104,12340,2,0,205.054,0
4,5105,12348,2,0,143.57900000000001,0
4,5106,12356,2,0,192.029,0
4,5107,12364,2,0,188.02799999999999,0
4,5108,12372,2,0,165.89699999999999,0
4,5109,12380,2,0,181.51599999999999,0
4,5110,12388,2,0,193.821,0
4,5111,12396,2,0,140.11500000000001,0
4,5112,12404,2,0,175.16300000000001,0
4,5113,12412,2,0,167.72900000000001,0
4,5114,12420,2,0,182.67500000000001,0
4,5115,12428,2,0,150.65100000000001,0
4,5116,12436,2,0,162.244,0
4,5117,12444,2,0,174.988,0
4,5118,12452,2,0,180.89099999999999,0
4,5119,12460,2,0,193.333,0
4,5120,12468,2,0,191.387,0
4,5121,12476,2,0,175.25299999999999,0
4,5122,12484,2,0,187.709,0
4,5123,12492,2,0,165.36699999999999,0
4,5124,12500,2,0,176.22200000000001,0
4,5125,12508,2,0,169.066,0
4,5126,12516,2,0,155.63200000000001,0
4,5127,12524,2,0,167.49199999999999,0
4,5128,12532,2,0,138.43199999999999,0
4,5129,12540,2,0,177.28999999999999,0
4,5130,12548,2,0,180.60599999999999,0
4,5131,12556,2,0,188.66499999999999,0
4,5132,12564,2,0,195.63200000000001,0
4,5133,12572,2,0,171.15700000000001,0
4,5134,12580,2,0,175.149,0
4,5135,12588,2,0,174.57499999999999,0
4,5136,12596,2,0,171.22200000000001,0
4,5137,12604,2,0,126.194,0
4,5138,12612,2,0,190.59899999999999,0
4,5139,12620,2,0,207.34200000000001,0
4,5140,12628,2,0,179.26300000000001,0
4,5141,12636,2,0,185.017,0
4,5142,12644,2,0,162.89400000000001,0
4,5143,12652,2,0,192.25299999999999,0
4,5144,12660,2,0,168.559,0
4,5145,12668,2,0,137.88200000000001,0
4,5146,12676,2,0,169.94399999999999,0
4,5147,12684,2,0,179.99700000000001,0
4,5148,12692,2,0,142.126,0
4,5149,12700,2,0,154.09299999999999,0
4,5150,12708,2,0,180.178,0
4,5151,12716,2,0,175.72900000000001,0
4,5152,12724,2,0,205.36799999999999,0
4,5153,12732,2,0,182.501,0
4,5154,12740,2,0,189.22,0
4,5155,12748,2,0,170.31299999999999,0
4,5156,12756,2,0,189.01599999999999,0
4,5157,12764,2,0,156.76900000000001,0
4,5158,12772,2,0,167.25999999999999,0
4,5159,12780,2,0,196.83500000000001,0
4,5160,12788,2,0,209.42400000000001,0
4,5161,12796,2,0,143.35499999999999,0
4,5162,12804,2,0,155.22300000000001,0
4,5163,12812,2,0,135.797,0
4,5164,12820,2,0,172.81399999999999,0
4,5165,12828,2,0,213.886,0
4,5166,12836,2,0,203.024,0
4,5167,12844,2,0,181.30000000000001,0
4,5168,12852,2,0,192.131,0
4,5169,12860,2,0,184.65199999999999,0
4,5170,12868,2,0,178.113,0
4,5171,12876,2,0,165.73500000000001,0
4,5172,12884,2,0,174.607,0
4,5173,12892,2,0,162.77199999999999,0
4,5174,12900,2,0,196.83099999999999,0
4,5175,12908,2,0,179.66800000000001,0
4,5176,12916,2,0,194.602,0
4,5177,12924,2,0,176.69499999999999,0
4,5178,12932,2,0,193.25,0
4,5179,12940,2,0,141.58099999999999,0
4,5180,12948,2,0,147.459,0
4,5181,12956,2,0,185.08099999999999,0
4,5182,12964,2,0,194.55000000000001,0
4,5183,12972,2,0,130.23599999999999,0
4,5184,12980,2,0,179.602,0
4,5185,12988,2,0,174.25999999999999,0
4,5186,12996,2,0,195.709,0
4,5187,13004,2,0,176.00399999999999,0
4,5188,13012,2,0,175.83199999999999,0
4,5189,13020,2,0,192.523,0
4,5190,13028,2,0,172.489,0
4,5191,13036,2,0,198.26300000000001,0
4,5192,13044,2,0,189.32400000000001,0
4,5193,13052,2,0,201.43600000000001,0
4,5194,13060,2,0,183.65000000000001,0
4,5195,13068,2,0,235.416,0
4,5196,13076,2,0,189.96899999999999,0
4,5197,13084,2,0,202.524,0
4,5198,13092,2,0,152.43899999999999,0
4,5199,13100,2,0,171.387,0
4,5200,13108,2,0,149.80099999999999,0
4,5201,13116,2,0,178.94999999999999,0
4,5202,13124,2,0,162.69,0
4,5203,13132,2,0,151.53100000000001,0
4,5204,13140,2,0,142.624,0
4,5205,13148,2,0,186.047,0
4,5206,13156,2,0,183.17699999999999,0
4,5207,13164,2,0,148.68000000000001,0
4,5208,13172,2,0,176.18799999999999,0
4,5209,13180,2,0,184.29400000000001,0
4,5210,13188,2,0,178.12,0
4,5211,13196,2,0,183.69499999999999,0
4,5212,13204,2,0,198.08199999999999,0
4,5213,13212,2,0,162.73599999999999,0
4,5214,13220,2,0,187.797,0
4,5215,13228,2,0,207.226,0
4,5216,13236,2,0,184.31299999999999,0
4,5217,13244,2,0,151.28899999999999,0
4,5218,13252,2,0,197.779,0
4,5219,13260,2,0,174.82599999999999,0
4,5220,13268,2,0,205.417,0
4,5221,13276,2,0,192.25700000000001,0
4,5222,13284,2,0,182.36799999999999,0
4,5223,13292,2,0,171.48699999999999,0
4,5224,13300,2,0,181.685,0
4,5225,13308,2,0,164.62700000000001,0
4,5226,13316,2,0,182.15600000000001,0
4,5227,13324,2,0,153.94,0
4,5228,13332,2,0,195.428,0
4,5229,13340,2,0,184.864,0
4,5230,13348,2,0,171.27500000000001,0
4,5231,13356,2,0,191.24799999999999,0
4,5232,13364,2,0,160.53,0
4,5233,13372,2,0,168.35400000000001,0
4,5234,13380,2,0,199.18700000000001,0
4,5235,13388,2,0,157.59800000000001,0
4,5236,13396,2,0,191.44300000000001,0
4,5237,13404,2,0,167.393,0
4,5238,13412,2,0,189.655,0
4,5239,13420,2,0,161.03399999999999,0
4,5240,13428,2,0,157.09299999999999,0
4,5241,13436,2,0,174.43100000000001,0
4,5242,13444,2,0,187.363,0
4,5243,13452,2,0,184.732,0
4,5244,13460,2,0,232.15000000000001,0
4,5245,13468,2,0,206.75800000000001,0
4,5246,13476,2,0,181.102,0
4,5247,13484,2,0,163.929,0
4,5248,13492,2,0,148.107,0
4,5249,13500,2,0,177.84700000000001,0
4,5250,13508,2,0,181.34899999999999,0
4,5251,13516,2,0,155.64699999999999,0
4,5252,13524,2,0,168.66999999999999,0
4,5253,13532,2,0,182.964,0
4,5254,13540,2,0,152.09399999999999,0
4,5255,13548,2,0,183.30000000000001,0
4,5256,13556,2,0,140.49299999999999,0
4,5257,13564,2,0,174.40100000000001,0
4,5258,13572,2,0,191.827,0
4,5259,13580,2,0,162.97,0
4,5260,13588,2,0,173.43100000000001,0
4,5261,13596,2,0,188.02699999999999,0
4,5262,13604,2,0,145.58600000000001,0
4,5263,13612,2,0,147.535,0
4,5264,13620,2,0,141.47800000000001,0
4,5265,13628,2,0,207.09999999999999,0
4,5266,13636,2,0,195.84399999999999,0
4,5267,13644,2,0,125.756,0
4,5268,13652,2,0,194.53200000000001,0
4,5269,13660,2,0,202.42400000000001,0
4,5270,13668,2,0,186.25399999999999,0
4,5271,13676,2,0,178.02000000000001,0
4,5272,13684,2,0,163.62700000000001,0
4,5273,13692,2,0,181.24299999999999,0
4,5274,13700,2,0,158.32499999999999,0
4,5275,13708,2,0,179.852,0
4,5276,13716,2,0,197.36500000000001,0
4,5277,13724,2,0,178.34100000000001,0
4,5278,13732,2,0,170.905,0
4,5279,13740,2,0,210.946,0
4,5280,13748,2,0,176.61099999999999,0
4,5281,13756,2,0,132.77000000000001,0
4,5282,13764,2,0,131.982,0
4,5283,13772,2,0,146.339,0
4,5284,13780,2,0,185.84800000000001,0
4,5285,13788,2,0,166.887,0
4,5286,13796,2,0,175.05000000000001,0
4,5287,13804,2,0,171.18600000000001,0
4,5288,13812,2,0,184.80000000000001,0
4,5289,13820,2,0,174.726,0
4,5290,13828,2,0,177.066,0
4,5291,13836,2,0,193.565,0
4,5292,13844,2,0,170.667,0
4,5293,13852,2,0,176.852,0
4,5294,13860,2,0,179.85599999999999,0
4,5295,13868,2,0,193.739,0
4,5296,13876,2,0,222.452,0
4,5297,13884,2,0,174.93799999999999,0
4,5298,13892,2,0,150.03399999999999,0
4,5299,13900,2,0,201.63200000000001,0
4,5300,13908,2,0,179.15899999999999,0
4,5301,13916,2,0,158.27600000000001,0
4,5302,13924,2,0,203.21700000000001,0
4,5303,13932,2,0,181.08600000000001,0
4,5304,13940,2,0,176.35300000000001,0
4,5305,13948,2,0,180.09299999999999,0
4,5306,13956,2,0,194.86600000000001,0
4,5307,13964,2,0,155.483,0
4,5308,13972,2,0,180.66999999999999,0
4,5309,13980,2,0,186.98699999999999,0
4,5310,13988,2,0,178.386,0
4,5311,13996,2,0,188.048,0
4,5312,14004,2,0,185.71899999999999,0
4,5313,14012,2,0,174.745,0
4,5314,14020,2,0,158.989,0
4,5315,14028,2,0,195.45400000000001,0
4,5316,14036,2,0,195.58099999999999,0
4,5317,14044,2,0,140.87200000000001,0
4,5318,14052,2,0,195.72499999999999,0
4,5319,14060,2,0,212.113,0
4,5320,14068,2,0,152.44800000000001,0
4,5321,14076,2,0,192.876,0
4,5322,14084,2,0,165.63200000000001,0
4,5323,14092,2,0,187.52500000000001,0
4,5324,14100,2,0,150.81200000000001,0
4,5325,14108,2,0,174.982,0
4,5326,14116,2,0,202.43199999999999,0
4,5327,14124,2,0,198.12700000000001,0
4,5328,14132,2,0,165.267,0
4,5329,14140,2,0,213.767,0
4,5330,14148,2,0,182.67599999999999,0
4,5331,14156,2,0,173.22,0
4,5332,14164,2,0,165.59899999999999,0
4,5333,14172,2,0,188.25700000000001,0
4,5334,14180,2,0,173.774,0
4,5335,14188,2,0,172.392,0
4,5336,14196,2,0,171.28999999999999,0
4,5337,14204,2,0,176.214,0
4,5338,14212,2,0,219.65299999999999,0
4,5339,14220,2,0,174.935,0
4,5340,14228,2,0,190.81100000000001,0
4,5341,14236,2,0,184.179,0
4,5342,14244,2,0,139.36500000000001,0
4,5343,4,3,0,161.71100000000001,0
4,5344,12,3,0,133.62,0
4,5345,20,3,0,129.761,0
4,5346,28,3,0,161.089,0
4,5347,36,3,0,174.166,0
4,5348,44,3,0,188.405,0
4,5349,52,3,0,179.17599999999999,0
4,5350,60,3,0,138.93199999999999,0
4,5351,68,3,0,181.44,0
4,5352,76,3,0,179.70699999999999,0
4,5353,84,3,0,132.99299999999999,0
4,5354,92,3,0,137.84999999999999,0
4,5355,100,3,0,181.12299999999999,0
4,5356,108,3,0,179.96199999999999,0
4,5357,116,3,0,196.31200000000001,0
4,5358,124,3,0,176.63399999999999,0
4,5359,132,3,0,168.49600000000001,0
4,5360,140,3,0,164.67400000000001,0
4,5361,148,3,0,179.13900000000001,0
4,5362,156,3,0,182.83600000000001,0
4,5363,164,3,0,196.81700000000001,0
4,5364,172,3,0,197.70400000000001,0
4,5365,180,3,0,166.53200000000001,0
4,5366,188,3,0,180.934,0
4,5367,196,3,0,166.59100000000001,0
4,5368,204,3,0,183.31899999999999,0
4,5369,212,3,0,159.078,0
4,5370,220,3,0,189.321,0
4,5371,228,3,0,155.88300000000001,0
4,5372,236,3,0,178.809,0
4,5373,244,3,0,186.52099999999999,0
4,5374,252,3,0,209.88999999999999,0
4,5375,260,3,0,172.99199999999999,0
4,5376,268,3,0,172.10599999999999,0
4,5377,276,3,0,155.36000000000001,0
4,5378,284,3,0,186.101,0
4,5379,292,3,0,203.15899999999999,0
4,5380,300,3,0,185.55699999999999,0
4,5381,308,3,0,200.44399999999999,0
4,5382,316,3,0,191.102,0
4,5383,324,3,0,188.37100000000001,0
4,5384,332,3,0,191.904,0
4,5385,340,3,0,191.565,0
4,5386,348,3,0,153.69999999999999,0
4,5387,356,3,0,158.946,0
4,5388,364,3,0,185.07300000000001,0
4,5389,372,3,0,163.369,0
4,5390,380,3,0,130.661,0
4,5391,388,3,0,179.26499999999999,0
4,5392,396,3,0,173.03899999999999,0
4,5393,404,3,0,146.81999999999999,0
4,5394,412,3,0,191.98699999999999,0
4,5395,420,3,0,169.46199999999999,0
4,5396,428,3,0,187.18100000000001,0
4,5397,436,3,0,143.154,0
4,5398,444,3,0,194.196,0
4,5399,452,3,0,125.092,0
4,5400,460,3,0,203.554,0
4,5401,468,3,0,154.459,0
4,5402,476,3,0,197.56999999999999,0
4,5403,484,3,0,198.47900000000001,0
4,5404,492,3,0,193.25899999999999,0
4,5405,500,3,0,198.874,0
4,5406,508,3,0,164.63399999999999,0
4,5407,516,3,0,209.274,0
4,5408,524,3,0,178.13399999999999,0
4,5409,532,3,0,167.61199999999999,0
4,5410,540,3,0,176.51499999999999,0
4,5411,548,3,0,188.07300000000001,0
4,5412,556,3,0,145.44399999999999,0
4,5413,564,3,0,175.43600000000001,0
4,5414,572,3,0,179.16200000000001,0
4,5415,580,3,0,190.852,0
4,5416,588,3,0,157.88,0
4,5417,596,3,0,188.50200000000001,0
4,5418,604,3,0,149.64500000000001,0
4,5419,612,3,0,181.136,0
4,5420,620,3,0,173.90100000000001,0
4,5421,628,3,0,197.40000000000001,0
4,5422,636,3,0,158.98099999999999,0
4,5423,644,3,0,121.452,0
4,5424,652,3,0,181.44399999999999,0
4,5425,660,3,0,182.08000000000001,0
4,5426,668,3,0,157.833,0
4,5427,676,3,0,169.43600000000001,0
4,5428,684,3,0,178.40199999999999,0
4,5429,692,3,0,212.173,0
4,5430,700,3,0,172.31999999999999,0
4,5431,708,3,0,189.69900000000001,0
4,5432,716,3,0,201.69900000000001,0
4,5433,724,3,0,172.905,0
4,5434,732,3,0,167.63300000000001,0
4,5435,740,3,0,201.31999999999999,0
4,5436,748,3,0,183.77500000000001,0
4,5437,756,3,0,163.79300000000001,0
4,5438,764,3,0,164.809,0
4,5439,772,3,0,178.39699999999999,0
4,5440,780,3,0,113.27,0
4,5441,788,3,0,194.14400000000001,0
4,5442,796,3,0,171.31100000000001,0
4,5443,804,3,0,173.58199999999999,0
4,5444,812,3,0,183.55099999999999,0
4,5445,820,3,0,176.298,0
4,5446,828,3,0,177.55699999999999,0
4,5447,836,3,0,180.31399999999999,0
4,5448,844,3,0,189.44,0
4,5449,852,3,0,178.37,0
4,5450,860,3,0,183.66,0
4,5451,868,3,0,156.554,0
4,5452,876,3,0,187.82900000000001,0
4,5453,884,3,0,142.72,0
4,5454,892,3,0,183.58000000000001,0
4,5455,900,3,0,171.279,0
4,5456,908,3,0,193.554,0
4,5457,916,3,0,189.72999999999999,0
4,5458,924,3,0,166.328,0
4,5459,932,3,0,190.99700000000001,0
4,5460,940,3,0,177.661,0
4,5461,948,3,0,151.595,0
4,5462,956,3,0,189.75399999999999,0
4,5463,964,3,0,172.73400000000001,0
4,5464,972,3,0,159.32499999999999,0
4,5465,980,3,0,204.14500000000001,0
4,5466,988,3,0,170.333,0
4,5467,996,3,0,174.41200000000001,0
4,5468,1004,3,0,160.71799999999999,0
4,5469,1012,3,0,179.15600000000001,0
4,5470,1020,3,0,137.459,0
4,5471,1028,3,0,187.53899999999999,0
4,5472,1036,3,0,157.53100000000001,0
4,5473,1044,3,0,176.31100000000001,0
4,5474,1052,3,0,114.408,0
4,5475,1060,3,0,185.917,0
4,5476,1068,3,0,154.17699999999999,0
4,5477,1076,3,0,189.86199999999999,0
4,5478,1084,3,0,196.98599999999999,0
4,5479,1092,3,0,187.93600000000001,0
4,5480,1100,3,0,178.38,0
4,5481,1108,3,0,124.16800000000001,0
4,5482,1116,3,0,195.072,0
4,5483,1124,3,0,192.68100000000001,0
4,5484,1132,3,0,169.374,0
4,5485,1140,3,0,175.90000000000001,0
4,5486,1148,3,0,140.477,0
4,5487,1156,3,0,150.59,0
4,5488,1164,3,0,154.82499999999999,0
4,5489,1172,3,0,174.584,0
4,5490,1180,3,0,168.04900000000001,0
4,5491,1188,3,0,184.624,0
4,5492,1196,3,0,200.56800000000001,0
4,5493,1204,3,0,148.77699999999999,0
4,5494,1212,3,0,140.547,0
4,5495,1220,3,0,164.905,0
4,5496,1228,3,0,145.59,0
4,5497,1236,3,0,173.88,0
4,5498,1244,3,0,230.68799999999999,0
4,5499,1252,3,0,180.04499999999999,0
4,5500,1260,3,0,196.988,0
4,5501,1268,3,0,129.05799999999999,0
4,5502,1276,3,0,188.87700000000001,0
4,5503,1284,3,0,123.535,0
4,5504,1292,3,0,202.69399999999999,0
4,5505,1300,3,0,179.98500000000001,0
4,5506,1308,3,0,184.35300000000001,0
4,5507,1316,3,0,203.643,0
4,5508,1324,3,0,191.565,0
4,5509,1332,3,0,201.65199999999999,0
4,5510,1340,3,0,151.36799999999999,0
4,5511,1348,3,0,188.75,0
4,5512,1356,3,0,195.91800000000001,0
4,5513,1364,3,0,149.49199999999999,0
4,5514,1372,3,0,157.16399999999999,0
4,5515,1380,3,0,172.429,0
4,5516,1388,3,0,149.411,0
4,5517,1396,3,0,199.078,0
4,5518,1404,3,0,151.09399999999999,0
4,5519,1412,3,0,211.13499999999999,0
4,5520,1420,3,0,176.56800000000001,0
4,5521,1428,3,0,171.327,0
4,5522,1436,3,0,172.27699999999999,0
4,5523,1444,3,0,203.88399999999999,0
4,5524,1452,3,0,164.59899999999999,0
4,5525,1460,3,0,180.96799999999999,0
4,5526,1468,3,0,149.34200000000001,0
4,5527,1476,3,0,189.35300000000001,0
4,5528,1484,3,0,188.495,0
4,5529,1492,3,0,154.03399999999999,0
4,5530,1500,3,0,170.53700000000001,0
4,5531,1508,3,0,187.31100000000001,0
4,5532,1516,3,0,165.96000000000001,0
4,5533,1524,3,0,169.09899999999999,0
4,5534,1532,3,0,144.25,0
4,5535,1540,3,0,177.886,0
4,5536,1548,3,0,157.233,0
4,5537,1556,3,0,189.041,0
4,5538,1564,3,0,174.262,0
4,5539,1572,3,0,179.81999999999999,0
4,5540,1580,3,0,154.22499999999999,0
4,5541,1588,3,0,132.08000000000001,0
4,5542,1596,3,0,192.02000000000001,0
4,5543,1604,3,0,169.12,0
4,5544,1612,3,0,131.38300000000001,0
4,5545,1620,3,0,173.57300000000001,0
4,5546,1628,3,0,173.61699999999999,0
4,5547,1636,3,0,128.05500000000001,0
4,5548,1644,3,0,192.88,0
4,5549,1652,3,0,160.78999999999999,0
4,5550,1660,3,0,184.696,0
4,5551,1668,3,0,162.54400000000001,0
4,5552,1676,3,0,176.37,0
4,5553,1684,3,0,181.65700000000001,0
4,5554,1692,3,0,184.108,0
4,5555,1700,3,0,174.845,0
4,5556,1708,3,0,143.52799999999999,0
4,5557,1716,3,0,186.922,0
4,5558,1724,3,0,169.261,0
4,5559,1732,3,0,166.68600000000001,0
4,5560,1740,3,0,144.89500000000001,0
4,5561,1748,3,0,182.78100000000001,0
4,5562,1756,3,0,184.54499999999999,0
4,5563,1764,3,0,190.41399999999999,0
4,5564,1772,3,0,188.66200000000001,0
4,5565,1780,3,0,180.01400000000001,0
4,5566,1788,3,0,184.762,0
4,5567,1796,3,0,190.846,0
4,5568,1804,3,0,170.65799999999999,0
4,5569,1812,3,0,156.476,0
4,5570,1820,3,0,194.42099999999999,0
4,5571,1828,3,0,168.07599999999999,0
4,5572,1836,3,0,183.203,0
4,5573,1844,3,0,190.77199999999999,0
4,5574,1852,3,0,182.32900000000001,0
4,5575,1860,3,0,146.875,0
4,5576,1868,3,0,174.87100000000001,0
4,5577,1876,3,0,194.63300000000001,0
4,5578,1884,3,0,202.11500000000001,0
4,5579,1892,3,0,181.57499999999999,0
4,5580,1900,3,0,193.92500000000001,0
4,5581,1908,3,0,193.191,0
4,5582,1916,3,0,195.09800000000001,0
4,5583,1924,3,0,213.958,0
4,5584,1932,3,0,174.523,0
4,5585,1940,3,0,142.29499999999999,0
4,5586,1948,3,0,189.40199999999999,0
4,5587,1956,3,0,138.02600000000001,0
4,5588,1964,3,0,163.21199999999999,0
4,5589,1972,3,0,179.23699999999999,0
4,5590,1980,3,0,192.73500000000001,0
4,5591,1988,3,0,185.34700000000001,0
4,5592,1996,3,0,196.55500000000001,0
4,5593,2004,3,0,199.999,0
4,5594,2012,3,0,185.82599999999999,0
4,5595,2020,3,0,184.64400000000001,0
4,5596,2028,3,0,188.12700000000001,0
4,5597,2036,3,0,168.476,0
4,5598,2044,3,0,184.88999999999999,0
4,5599,2052,3,0,158.60900000000001,0
4,5600,2060,3,0,188.143,0
4,5601,2068,3,0,179.54900000000001,0
4,5602,2076,3,0,203.43299999999999,0
4,5603,2084,3,0,122.777,0
4,5604,2092,3,0,161.89500000000001,0
4,5605,2100,3,0,181.93799999999999,0
4,5606,2108,3,0,185.648,0
4,5607,2116,3,0,215.006,0
4,5608,2124,3,0,153.721,0
4,5609,2132,3,0,188.73500000000001,0
4,5610,2140,3,0,183.68199999999999,0
4,5611,2148,3,0,183.01900000000001,0
4,5612,2156,3,0,195.91900000000001,0
4,5613,2164,3,0,180.44499999999999,0
4,5614,2172,3,0,184.21700000000001,0
4,5615,2180,3,0,173.99700000000001,0
4,5616,2188,3,0,195.89400000000001,0
4,5617,2196,3,0,163.084,0
4,5618,2204,3,0,195.494,0
4,5619,2212,3,0,186.83500000000001,0
4,5620,2220,3,0,161.62299999999999,0
4,5621,2228,3,0,160.71799999999999,0
4,5622,2236,3,0,156.786,0
4,5623,2244,3,0,182.453,0
4,5624,2252,3,0,180.387,0
4,5625,2260,3,0,164.661,0
4,5626,2268,3,0,144.149,0
4,5627,2276,3,0,172.155,0
4,5628,2284,3,0,176.13200000000001,0
4,5629,2292,3,0,188.84800000000001,0
4,5630,2300,3,0,193.11099999999999,0
4,5631,2308,3,0,139.995,0
4,5632,2316,3,0,194.226,0
4,5633,2324,3,0,169.387,0
4,5634,2332,3,0,199.578,0
4,5635,2340,3,0,168.94900000000001,0
4,5636,2348,3,0,195.87700000000001,0
4,5637,2356,3,0,172.44300000000001,0
4,5638,2364,3,0,174.40299999999999,0
4,5639,2372,3,0,189.42400000000001,0
4,5640,2380,3,0,219.03299999999999,0
4,5641,2388,3,0,178.59299999999999,0
4,5642,2396,3,0,172.196,0
4,5643,2404,3,0,177.16800000000001,0
4,5644,2412,3,0,204.286,0
4,5645,2420,3,0,175.77699999999999,0
4,5646,2428,3,0,144.23599999999999,0
4,5647,2436,3,0,177.63800000000001,0
4,5648,2444,3,0,186.65600000000001,0
4,5649,2452,3,0,158.62899999999999,0
4,5650,2460,3,0,173.054,0
4,5651,2468,3,0,164.30799999999999,0
4,5652,2476,3,0,166.40600000000001,0
4,5653,2484,3,0,210.74199999999999,0
4,5654,2492,3,0,168.905,0
4,5655,2500,3,0,183.64400000000001,0
4,5656,2508,3,0,191.88300000000001,0
4,5657,2516,3,0,117.355,0
4,5658,2524,3,0,163.90600000000001,0
4,5659,2532,3,0,180.416,0
4,5660,2540,3,0,190.91900000000001,0
4,5661,2548,3,0,190.57400000000001,0
4,5662,2556,3,0,189.517,0
4,5663,2564,3,0,170.22900000000001,0
4,5664,2572,3,0,174.86199999999999,0
4,5665,2580,3,0,147.08000000000001,0
4,5666,2588,3,0,179.93100000000001,0
4,5667,2596,3,0,138.19200000000001,0
4,5668,2604,3,0,181.72200000000001,0
4,5669,2612,3,0,180.518,0
4,5670,2620,3,0,168.70400000000001,0
4,5671,2628,3,0,192.09,0
4,5672,2636,3,0,191.25800000000001,0
4,5673,2644,3,0,201.10400000000001,0
4,5674,2652,3,0,174.24700000000001,0
4,5675,2660,3,0,155.65700000000001,0
4,5676,2668,3,0,172.87799999999999,0
4,5677,2676,3,0,155.92400000000001,0
4,5678,2684,3,0,191.768,0
4,5679,2692,3,0,169.42500000000001,0
4,5680,2700,3,0,183.35400000000001,0
4,5681,2708,3,0,149.881,0
4,5682,2716,3,0,166.82599999999999,0
4,5683,2724,3,0,188.33799999999999,0
4,5684,2732,3,0,152.11799999999999,0
4,5685,2740,3,0,168.22800000000001,0
4,5686,2748,3,0,123.69199999999999,0
4,5687,2756,3,0,170.95099999999999,0
4,5688,2764,3,0,187.18700000000001,0
4,5689,2772,3,0,159.89599999999999,0
4,5690,2780,3,0,191.71100000000001,0
4,5691,2788,3,0,163.11799999999999,0
4,5692,2796,3,0,180.82300000000001,0
4,5693,2804,3,0,138.995,0
4,5694,2812,3,0,134.238,0
4,5695,2820,3,0,182.76499999999999,0
4,5696,2828,3,0,160.149,0
4,5697,2836,3,0,194.31999999999999,0
4,5698,2844,3,0,168.23699999999999,0
4,5699,2852,3,0,182.36000000000001,0
4,5700,2860,3,0,190.88300000000001,0
4,5701,2868,3,0,176.15899999999999,0
4,5702,2876,3,0,187.41800000000001,0
4,5703,2884,3,0,203.24600000000001,0
4,5704,2892,3,0,166.16300000000001,0
4,5705,2900,3,0,174.66,0
4,5706,2908,3,0,153.83600000000001,0
4,5707,2916,3,0,160.16800000000001,0
4,5708,2924,3,0,186.928,0
4,5709,2932,3,0,170.64400000000001,0
4,5710,2940,3,0,182.792,0
4,5711,2948,3,0,194.30500000000001,0
4,5712,2956,3,0,185.23400000000001,0
4,5713,2964,3,0,198.43100000000001,0
4,5714,2972,3,0,183.83699999999999,0
4,5715,2980,3,0,188.66200000000001,0
4,5716,2988,3,0,180.18899999999999,0
4,5717,2996,3,0,136.178,0
4,5718,3004,3,0,149.49100000000001,0
4,5719,3012,3,0,190.244,0
4,5720,3020,3,0,154.63900000000001,0
4,5721,3028,3,0,169.28999999999999,0
4,5722,3036,3,0,165.55699999999999,0
4,5723,3044,3,0,156.72399999999999,0
4,5724,3052,3,0,182.92099999999999,0
4,5725,3060,3,0,181.095,0
4,5726,3068,3,0,191.892,0
4,5727,3076,3,0,200.21100000000001,0
4,5728,3084,3,0,180.33199999999999,0
4,5729,3092,3,0,199.25800000000001,0
4,5730,3100,3,0,133.042,0
4,5731,3108,3,0,167.624,0
4,5732,3116,3,0,167.47,0
4,5733,3124,3,0,178.239,0
4,5734,3132,3,0,184.428,0
4,5735,3140,3,0,196.58699999999999,0
4,5736,3148,3,0,192.32400000000001,0
4,5737,3156,3,0,179.34700000000001,0
4,5738,3164,3,0,181.46299999999999,0
4,5739,3172,3,0,196.57400000000001,0
4,5740,3180,3,0,191.27699999999999,0
4,5741,3188,3,0,174.54499999999999,0
4,5742,3196,3,0,149.024,0
4,5743,3204,3,0,162.31100000000001,0
4,5744,3212,3,0,190.887,0
4,5745,3220,3,0,186.435,0
4,5746,3228,3,0,194.33600000000001,0
4,5747,3236,3,0,202.607,0
4,5748,3244,3,0,175.91999999999999,0
4,5749,3252,3,0,195.83699999999999,0
4,5750,3260,3,0,148.661,0
4,5751,3268,3,0,171.66499999999999,0
4,5752,3276,3,0,167.547,0
4,5753,3284,3,0,140.85900000000001,0
4,5754,3292,3,0,174.179,0
4,5755,3300,3,0,196.18100000000001,0
4,5756,3308,3,0,154.24799999999999,0
4,5757,3316,3,0,157.44300000000001,0
4,5758,3324,3,0,165.06999999999999,0
4,5759,3332,3,0,186.48099999999999,0
4,5760,3340,3,0,178.262,0
4,5761,3348,3,0,152.28,0
4,5762,3356,3,0,205.833,0
4,5763,3364,3,0,165.27799999999999,0
4,5764,3372,3,0,137.785,0
4,5765,3380,3,0,174.34,0
4,5766,3388,3,0,191.084,0
4,5767,3396,3,0,193.62799999999999,0
4,5768,3404,3,0,145.10599999999999,0
4,5769,3412,3,0,176.35400000000001,0
4,5770,3420,3,0,155.773,0
4,5771,3428,3,0,210.773,0
4,5772,3436,3,0,156.43100000000001,0
4,5773,3444,3,0,181.27000000000001,0
4,5774,3452,3,0,193.23400000000001,0
4,5775,3460,3,0,160.35900000000001,0
4,5776,3468,3,0,181.63300000000001,0
4,5777,3476,3,0,174.208,0
4,5778,3484,3,0,145.72499999999999,0
4,5779,3492,3,0,175.334,0
4,5780,3500,3,0,150.488,0
4,5781,3508,3,0,133.80199999999999,0
4,5782,3516,3,0,209.19200000000001,0
4,5783,3524,3,0,161.721,0
4,5784,3532,3,0,149.166,0
4,5785,3540,3,0,210.46299999999999,0
4,5786,3548,3,0,159.126,0
4,5787,3556,3,0,155.57499999999999,0
4,5788,3564,3,0,152.95500000000001,0
4,5789,3572,3,0,184.464,0
4,5790,3580,3,0,174.63399999999999,0
4,5791,3588,3,0,180.625,0
4,5792,3596,3,0,187.99000000000001,0
4,5793,3604,3,0,195.923,0
4,5794,3612,3,0,177.83000000000001,0
4,5795,3620,3,0,168.714,0
4,5796,3628,3,0,155.893,0
4,5797,3636,3,0,139.77799999999999,0
4,5798,3644,3,0,195.64099999999999,0
4,5799,3652,3,0,191.65799999999999,0
4,5800,3660,3,0,168.167,0
4,5801,3668,3,0,195.00999999999999,0
4,5802,3676,3,0,186.75800000000001,0
4,5803,3684,3,0,158.822,0
4,5804,3692,3,0,176.459,0
4,5805,3700,3,0,171.58799999999999,0
4,5806,3708,3,0,141.887,0
4,5807,3716,3,0,179.11099999999999,0
4,5808,3724,3,0,174.50999999999999,0
4,5809,3732,3,0,193.69800000000001,0
4,5810,3740,3,0,203.387,0
4,5811,3748,3,0,174.93000000000001,0
4,5812,3756,3,0,165.53800000000001,0
4,5813,3764,3,0,176.47499999999999,0
4,5814,3772,3,0,179.08699999999999,0
4,5815,3780,3,0,170.47800000000001,0
4,5816,3788,3,0,170.91399999999999,0
4,5817,3796,3,0,171.03299999999999,0
4,5818,3804,3,0,183.429,0
4,5819,3812,3,0,185.51400000000001,0
4,5820,3820,3,0,183.78899999999999,0
4,5821,3828,3,0,173.85599999999999,0
4,5822,3836,3,0,169.655,0
4,5823,3844,3,0,139.51599999999999,0
4,5824,3852,3,0,200.60599999999999,0
4,5825,3860,3,0,150.61799999999999,0
4,5826,3868,3,0,157.083,0
4,5827,3876,3,0,175.77199999999999,0
4,5828,3884,3,0,182.624,0
4,5829,3892,3,0,175.52600000000001,0
4,5830,3900,3,0,187.393,0
4,5831,3908,3,0,162.17400000000001,0
4,5832,3916,3,0,128.58600000000001,0
4,5833,3924,3,0,200.05099999999999,0
4,5834,3932,3,0,148.92500000000001,0
4,5835,3940,3,0,165.142,0
4,5836,3948,3,0,189.48699999999999,0
4,5837,3956,3,0,211.54900000000001,0
4,5838,3964,3,0,150.30699999999999,0
4,5839,3972,3,0,144.12899999999999,0
4,5840,3980,3,0,187.64699999999999,0
4,5841,3988,3,0,171.827,0
4,5842,3996,3,0,187.61500000000001,0
4,5843,4004,3,0,189.73500000000001,0
4,5844,4012,3,0,200.465,0
4,5845,4020,3,0,184.02600000000001,0
4,5846,4028,3,0,158.50399999999999,0
4,5847,4036,3,0,178.98699999999999,0
4,5848,4044,3,0,159.63399999999999,0
4,5849,4052,3,0,169.92699999999999,0
4,5850,4060,3,0,180.01499999999999,0
4,5851,4068,3,0,133.05099999999999,0
4,5852,4076,3,0,141.39500000000001,0
4,5853,4084,3,0,158.15100000000001,0
4,5854,4092,3,0,158.76400000000001,0
4,5855,4100,3,0,180.34800000000001,0
4,5856,4108,3,0,177.55000000000001,0
4,5857,4116,3,0,173.33199999999999,0
4,5858,4124,3,0,214.726,0
4,5859,4132,3,0,166.208,0
4,5860,4140,3,0,167.64400000000001,0
4,5861,4148,3,0,182.17599999999999,0
4,5862,4156,3,0,176.15100000000001,0
4,5863,4164,3,0,218.40899999999999,0
4,5864,4172,3,0,201.05000000000001,0
4,5865,4180,3,0,207.18700000000001,0
4,5866,4188,3,0,211.68000000000001,0
4,5867,4196,3,0,166.19399999999999,0
4,5868,4204,3,0,157.24000000000001,0
4,5869,4212,3,0,175.43899999999999,0
4,5870,4220,3,0,172.20500000000001,0
4,5871,4228,3,0,177.24199999999999,0
4,5872,4236,3,0,182.59399999999999,0
4,5873,4244,3,0,176.37100000000001,0
4,5874,4252,3,0,132.386,0
4,5875,4260,3,0,164.321,0
4,5876,4268,3,0,183.44999999999999,0
4,5877,4276,3,0,207.08600000000001,0
4,5878,4284,3,0,133.89699999999999,0
4,5879,4292,3,0,166.22800000000001,0
4,5880,4300,3,0,182.65299999999999,0
4,5881,4308,3,0,151.126,0
4,5882,4316,3,0,179.06800000000001,0
4,5883,4324,3,0,173.01599999999999,0
4,5884,4332,3,0,171.98400000000001,0
4,5885,4340,3,0,176.983,0
4,5886,4348,3,0,195.27600000000001,0
4,5887,4356,3,0,166.80600000000001,0
4,5888,4364,3,0,183.536,0
4,5889,4372,3,0,140.679,0
4,5890,4380,3,0,122.053,0
4,5891,4388,3,0,160.71799999999999,0
4,5892,4396,3,0,175.35400000000001,0
4,5893,4404,3,0,180.23500000000001,0
4,5894,4412,3,0,179.505,0
4,5895,4420,3,0,186.75299999999999,0
4,5896,4428,3,0,187.83500000000001,0
4,5897,4436,3,0,163.95500000000001,0
4,5898,4444,3,0,166.483,0
4,5899,4452,3,0,171.69399999999999,0
4,5900,4460,3,0,139.72399999999999,0
4,5901,4468,3,0,183.29599999999999,0
4,5902,4476,3,0,191.57900000000001,0
4,5903,4484,3,0,183.53999999999999,0
4,5904,4492,3,0,173.79400000000001,0
4,5905,4500,3,0,190.91,0
4,5906,4508,3,0,161.178,0
4,5907,4516,3,0,173.351,0
4,5908,4524,3,0,172.88300000000001,0
4,5909,4532,3,0,174.87700000000001,0
4,5910,4540,3,0,149.22200000000001,0
4,5911,4548,3,0,206.90299999999999,0
4,5912,4556,3,0,197.50399999999999,0
4,5913,4564,3,0,140.62799999999999,0
4,5914,4572,3,0,181.352,0
4,5915,4580,3,0,184.54499999999999,0
4,5916,4588,3,0,139.83799999999999,0
4,5917,4596,3,0,202.93100000000001,0
4,5918,4604,3,0,148.59700000000001,0
4,5919,4612,3,0,152.321,0
4,5920,4620,3,0,174.24600000000001,0
4,5921,4628,3,0,194.19300000000001,0
4,5922,4636,3,0,233.899,0
4,5923,4644,3,0,171.20599999999999,0
4,5924,4652,3,0,175.37899999999999,0
4,5925,4660,3,0,180.92400000000001,0
4,5926,4668,3,0,175.55699999999999,0
4,5927,4676,3,0,123.122,0
4,5928,4684,3,0,176.453,0
4,5929,4692,3,0,171.983,0
4,5930,4700,3,0,169.65299999999999,0
4,5931,4708,3,0,168.22900000000001,0
4,5932,4716,3,0,182.5,0
4,5933,4724,3,0,182.89500000000001,0
4,5934,4732,3,0,171.667,0
4,5935,4740,3,0,169.184,0
4,5936,4748,3,0,181.12299999999999,0
4,5937,4756,3,0,156.916,0
4,5938,4764,3,0,186.28999999999999,0
4,5939,4772,3,0,189.40600000000001,0
4,5940,4780,3,0,195.43199999999999,0
4,5941,4788,3,0,193.96799999999999,0
4,5942,4796,3,0,192.298,0
4,5943,4804,3,0,190.78200000000001,0
4,5944,4812,3,0,166.977,0
4,5945,4820,3,0,178.03100000000001,0
4,5946,4828,3,0,181.35400000000001,0
4,5947,4836,3,0,196.99600000000001,0
4,5948,4844,3,0,199.23400000000001,0
4,5949,4852,3,0,209.12700000000001,0
4,5950,4860,3,0,205.66399999999999,0
4,5951,4868,3,0,187.197,0
4,5952,4876,3,0,185.637,0
4,5953,4884,3,0,168.66,0
4,5954,4892,3,0,201.24199999999999,0
4,5955,4900,3,0,143.45099999999999,0
4,5956,4908,3,0,157.88499999999999,0
4,5957,4916,3,0,208.85900000000001,0
4,5958,4924,3,0,127.167,0
4,5959,4932,3,0,152.553,0
4,5960,4940,3,0,194.38999999999999,0
4,5961,4948,3,0,177.512,0
4,5962,4956,3,0,196.732,0
4,5963,4964,3,0,174.202,0
4,5964,4972,3,0,151.589,0
4,5965,4980,3,0,185.97,0
4,5966,4988,3,0,168.708,0
4,5967,4996,3,0,179.40700000000001,0
4,5968,5004,3,0,122.548,0
4,5969,5012,3,0,189.08699999999999,0
4,5970,5020,3,0,179.625,0
4,5971,5028,3,0,142.69300000000001,0
4,5972,5036,3,0,149.64500000000001,0
4,5973,5044,3,0,209.46799999999999,0
4,5974,5052,3,0,131.14500000000001,0
4,5975,5060,3,0,168.37899999999999,0
4,5976,5068,3,0,194.85499999999999,0
4,5977,5076,3,0,152.94,0
4,5978,5084,3,0,205.422,0
4,5979,5092,3,0,183.738,0
4,5980,5100,3,0,148.49799999999999,0
4,5981,5108,3,0,175.88800000000001,0
4,5982,5116,3,0,177.21299999999999,0
4,5983,5124,3,0,164.768,0
4,5984,5132,3,0,136.12799999999999,0
4,5985,5140,3,0,189.76900000000001,0
4,5986,5148,3,0,170.76900000000001,0
4,5987,5156,3,0,187.05799999999999,0
4,5988,5164,3,0,188.55600000000001,0
4,5989,5172,3,0,134.09899999999999,0
4,5990,5180,3,0,187.45099999999999,0
4,5991,5188,3,0,196.58199999999999,0
4,5992,5196,3,0,135.977,0
4,5993,5204,3,0,132.55500000000001,0
4,5994,5212,3,0,193.613,0
4,5995,5220,3,0,190.40100000000001,0
4,5996,5228,3,0,189.26900000000001,0
4,5997,5236,3,0,192.61000000000001,0
4,5998,5244,3,0,196.535,0
4,5999,5252,3,0,210.351,0
4,6000,5260,3,0,136.27500000000001,0
4,6001,5268,3,0,202.00399999999999,0
4,6002,5276,3,0,169.96799999999999,0
4,6003,5284,3,0,187.672,0
4,6004,5292,3,0,188.72300000000001,0
4,6005,5300,3,0,144.07300000000001,0
4,6006,5308,3,0,197.23699999999999,0
4,6007,5316,3,0,149.636,0
4,6008,5324,3,0,170.61799999999999,0
4,6009,5332,3,0,209.54599999999999,0
4,6010,5340,3,0,185.654,0
4,6011,5348,3,0,142.089,0
4,6012,5356,3,0,159.82300000000001,0
4,6013,5364,3,0,192.11799999999999,0
4,6014,5372,3,0,216.53200000000001,0
4,6015,5380,3,0,176.24799999999999,0
4,6016,5388,3,0,200.68199999999999,0
4,6017,5396,3,0,184.84100000000001,0
4,6018,5404,3,0,189.196,0
4,6019,5412,3,0,208.23599999999999,0
4,6020,5420,3,0,142.12299999999999,0
4,6021,5428,3,0,147.71700000000001,0
4,6022,5436,3,0,181.95400000000001,0
4,6023,5444,3,0,174.185,0
4,6024,5452,3,0,191.047,0
4,6025,5460,3,0,179.346,0
4,6026,5468,3,0,201.64599999999999,0
4,6027,5476,3,0,188.03700000000001,0
4,6028,5484,3,0,165.97,0
4,6029,5492,3,0,165.37799999999999,0
4,6030,5500,3,0,145.73400000000001,0
4,6031,5508,3,0,187.74000000000001,0
4,6032,5516,3,0,165.40100000000001,0
4,6033,5524,3,0,186.661,0
4,6034,5532,3,0,158.66499999999999,0
4,6035,5540,3,0,151.49000000000001,0
4,6036,5548,3,0,194.19200000000001,0
4,6037,5556,3,0,178.49799999999999,0
4,6038,5564,3,0,167.63200000000001,0
4,6039,5572,3,0,159.982,0
4,6040,5580,3,0,187.274,0
4,6041,5588,3,0,201.09,0
4,6042,5596,3,0,158.65000000000001,0
4,6043,5604,3,0,199.34,0
4,6044,5612,3,0,165.10300000000001,0
4,6045,5620,3,0,179.28399999999999,0
4,6046,5628,3,0,188.35900000000001,0
4,6047,5636,3,0,186.01300000000001,0
4,6048,5644,3,0,183.96100000000001,0
4,6049,5652,3,0,191.44900000000001,0
4,6050,5660,3,0,151.61099999999999,0
4,6051,5668,3,0,147.08500000000001,0
4,6052,5676,3,0,195.52699999999999,0
4,6053,5684,3,0,121.313,0
4,6054,5692,3,0,175.947,0
4,6055,5700,3,0,161.60400000000001,0
4,6056,5708,3,0,169.19499999999999,0
4,6057,5716,3,0,175.304,0
4,6058,5724,3,0,181.59299999999999,0
4,6059,5732,3,0,223.43899999999999,0
4,6060,5740,3,0,177.02099999999999,0
4,6061,5748,3,0,165.51900000000001,0
4,6062,5756,3,0,164.28399999999999,0
4,6063,5764,3,0,195.47,0
4,6064,5772,3,0,166.70400000000001,0
4,6065,5780,3,0,159.95599999999999,0
4,6066,5788,3,0,187.91499999999999,0
4,6067,5796,3,0,178.63499999999999,0
4,6068,5804,3,0,163.70400000000001,0
4,6069,5812,3,0,182.304,0
4,6070,5820,3,0,179.15000000000001,0
4,6071,5828,3,0,167.821,0
4,6072,5836,3,0,148.566,0
4,6073,5844,3,0,179.05000000000001,0
4,6074,5852,3,0,162.84100000000001,0
4,6075,5860,3,0,187.33799999999999,0
4,6076,5868,3,0,149.33699999999999,0
4,6077,5876,3,0,163.65199999999999,0
4,6078,5884,3,0,186.27799999999999,0
4,6079,5892,3,0,186.88499999999999,0
4,6080,5900,3,0,190.94300000000001,0
4,6081,5908,3,0,151.898,0
4,6082,5916,3,0,195.94300000000001,0
4,6083,5924,3,0,190.13900000000001,0
4,6084,5932,3,0,166.97200000000001,0
4,6085,5940,3,0,172.91300000000001,0
4,6086,5948,3,0,179.548,0
4,6087,5956,3,0,175.364,0
4,6088,5964,3,0,171.64500000000001,0
4,6089,5972,3,0,210.547,0
4,6090,5980,3,0,161.93000000000001,0
4,6091,5988,3,0,219.28999999999999,0
4,6092,5996,3,0,146.626,0
4,6093,6004,3,0,176.828,0
4,6094,6012,3,0,144.501,0
4,6095,6020,3,0,151.93600000000001,0
4,6096,6028,3,0,123.696,0
4,6097,6036,3,0,141.708,0
4,6098,6044,3,0,169.93700000000001,0
4,6099,6052,3,0,136.078,0
4,6100,6060,3,0,175.95699999999999,0
4,6101,6068,3,0,182.89500000000001,0
4,6102,6076,3,0,185.12200000000001,0
4,6103,6084,3,0,176.98500000000001,0
4,6104,6092,3,0,171.505,0
4,6105,6100,3,0,155.83099999999999,0
4,6106,6108,3,0,157.702,0
4,6107,6116,3,0,154.21700000000001,0
4,6108,6124,3,0,163.827,0
4,6109,6132,3,0,191.88300000000001,0
4,6110,6140,3,0,142.47800000000001,0
4,6111,6148,3,0,164.34700000000001,0
4,6112,6156,3,0,202.768,0
4,6113,6164,3,0,176.006,0
4,6114,6172,3,0,245.905,0
4,6115,6180,3,0,162.67500000000001,0
4,6116,6188,3,0,205.81899999999999,0
4,6117,6196,3,0,189.35599999999999,0
4,6118,6204,3,0,145.74799999999999,0
4,6119,6212,3,0,193.09100000000001,0
4,6120,6220,3,0,181.72900000000001,0
4,6121,6228,3,0,186.03299999999999,0
4,6122,6236,3,0,163.48500000000001,0
4,6123,6244,3,0,165.405,0
4,6124,6252,3,0,189.721,0
4,6125,6260,3,0,189.55099999999999,0
4,6126,6268,3,0,180.911,0
4,6127,6276,3,0,155.05699999999999,0
4,6128,6284,3,0,199.17400000000001,0
4,6129,6292,3,0,141.10599999999999,0
4,6130,6300,3,0,165.48099999999999,0
4,6131,6308,3,0,173.83699999999999,0
4,6132,6316,3,0,156.357,0
4,6133,6324,3,0,188.72200000000001,0
4,6134,6332,3,0,162.81700000000001,0
4,6135,6340,3,0,162.08500000000001,0
4,6136,6348,3,0,191.59999999999999,0
4,6137,6356,3,0,180.38800000000001,0
4,6138,6364,3,0,132.63399999999999,0
4,6139,6372,3,0,137.63300000000001,0
4,6140,6380,3,0,161.905,0
4,6141,6388,3,0,131.84,0
4,6142,6396,3,0,179.012,0
4,6143,6404,3,0,168.768,0
4,6144,6412,3,0,129.18899999999999,0
4,6145,6420,3,0,199.566,0
4,6146,6428,3,0,168.17699999999999,0
4,6147,6436,3,0,174.65000000000001,0
4,6148,6444,3,0,199.684,0
4,6149,6452,3,0,183.06700000000001,0
4,6150,6460,3,0,173.114,0
4,6151,6468,3,0,205.453,0
4,6152,6476,3,0,170.48099999999999,0
4,6153,6484,3,0,202.02099999999999,0
4,6154,6492,3,0,173.65899999999999,0
4,6155,6500,3,0,180.904,0
4,6156,6508,3,0,194.84399999999999,0
4,6157,6516,3,0,196.096,0
4,6158,6524,3,0,174.511,0
4,6159,6532,3,0,166.84999999999999,0
4,6160,6540,3,0,191.49000000000001,0
4,6161,6548,3,0,180.78700000000001,0
4,6162,6556,3,0,191.827,0
4,6163,6564,3,0,192.58500000000001,0
4,6164,6572,3,0,197.60499999999999,0
4,6165,6580,3,0,179.048,0
4,6166,6588,3,0,190.90700000000001,0
4,6167,6596,3,0,184.60900000000001,0
4,6168,6604,3,0,175.72200000000001,0
4,6169,6612,3,0,127.592,0
4,6170,6620,3,0,201.73699999999999,0
4,6171,6628,3,0,157.51400000000001,0
4,6172,6636,3,0,199.26400000000001,0
4,6173,6644,3,0,196.13900000000001,0
4,6174,6652,3,0,179.81899999999999,0
4,6175,6660,3,0,180.88,0
4,6176,6668,3,0,209.06200000000001,0
4,6177,6676,3,0,176.012,0
4,6178,6684,3,0,179.614,0
4,6179,6692,3,0,207.86099999999999,0
4,6180,6700,3,0,174.57300000000001,0
4,6181,6708,3,0,177.678,0
4,6182,6716,3,0,185.94399999999999,0
4,6183,6724,3,0,170.547,0
4,6184,6732,3,0,200.00299999999999,0
4,6185,6740,3,0,121.491,0
4,6186,6748,3,0,176.30500000000001,0
4,6187,6756,3,0,195.39599999999999,0
4,6188,6764,3,0,141.001,0
4,6189,6772,3,0,169.607,0
4,6190,6780,3,0,192.53,0
4,6191,6788,3,0,189.25800000000001,0
4,6192,6796,3,0,175.74799999999999,0
4,6193,6804,3,0,128.55000000000001,0
4,6194,6812,3,0,197.947,0
4,6195,6820,3,0,170.56899999999999,0
4,6196,6828,3,0,217.994,0
4,6197,6836,3,0,177.447,0
4,6198,6844,3,0,196.589,0
4,6199,6852,3,0,200.40700000000001,0
4,6200,6860,3,0,148.148,0
4,6201,6868,3,0,164.55699999999999,0
4,6202,6876,3,0,149.09399999999999,0
4,6203,6884,3,0,174.51599999999999,0
4,6204,6892,3,0,177.654,0
4,6205,6900,3,0,197.136,0
4,6206,6908,3,0,165.31800000000001,0
4,6207,6916,3,0,192.86699999999999,0
4,6208,6924,3,0,194.18899999999999,0
4,6209,6932,3,0,179.25999999999999,0
4,6210,6940,3,0,167.33699999999999,0
4,6211,6948,3,0,163.869,0
4,6212,6956,3,0,193.09999999999999,0
4,6213,6964,3,0,159.44300000000001,0
4,6214,6972,3,0,177.953,0
4,6215,6980,3,0,187.369,0
4,6216,6988,3,0,183.739,0
4,6217,6996,3,0,146.791,0
4,6218,7004,3,0,193.227,0
4,6219,7012,3,0,151.85300000000001,0
4,6220,7020,3,0,166.60599999999999,0
4,6221,7028,3,0,177.34200000000001,0
4,6222,7036,3,0,171.35499999999999,0
4,6223,7044,3,0,189.20400000000001,0
4,6224,7052,3,0,184.16300000000001,0
4,6225,7060,3,0,176.584,0
4,6226,7068,3,0,161.60400000000001,0
4,6227,7076,3,0,171.27600000000001,0
4,6228,7084,3,0,176.511,0
4,6229,7092,3,0,158.434,0
4,6230,7100,3,0,164.73400000000001,0
4,6231,7108,3,0,174.37299999999999,0
4,6232,7116,3,0,210.27699999999999,0
4,6233,7124,3,0,163.60499999999999,0
4,6234,7132,3,0,177.20699999999999,0
4,6235,7140,3,0,163.666,0
4,6236,7148,3,0,172.41900000000001,0
4,6237,7156,3,0,186.203,0
4,6238,7164,3,0,184.26499999999999,0
4,6239,7172,3,0,190.114,0
4,6240,7180,3,0,151.08600000000001,0
4,6241,7188,3,0,170.40299999999999,0
4,6242,7196,3,0,195.86600000000001,0
4,6243,7204,3,0,165.70500000000001,0
4,6244,7212,3,0,179.852,0
4,6245,7220,3,0,157.99299999999999,0
4,6246,7228,3,0,173.61600000000001,0
4,6247,7236,3,0,189.30699999999999,0
4,6248,7244,3,0,195.51300000000001,0
4,6249,7252,3,0,205.697,0
4,6250,7260,3,0,145.345,0
4,6251,7268,3,0,189.863,0
4,6252,7276,3,0,185.74600000000001,0
4,6253,7284,3,0,169.61799999999999,0
4,6254,7292,3,0,243.58799999999999,0
4,6255,7300,3,0,162.13999999999999,0
4,6256,7308,3,0,187.75399999999999,0
4,6257,7316,3,0,129.47800000000001,0
4,6258,7324,3,0,180.68899999999999,0
4,6259,7332,3,0,148.298,0
4,6260,7340,3,0,218.25700000000001,0
4,6261,7348,3,0,157.81800000000001,0
4,6262,7356,3,0,177.72999999999999,0
4,6263,7364,3,0,168.16999999999999,0
4,6264,7372,3,0,193.59299999999999,0
4,6265,7380,3,0,194.63999999999999,0
4,6266,7388,3,0,176.08500000000001,0
4,6267,7396,3,0,146.68799999999999,0
4,6268,7404,3,0,190.24799999999999,0
4,6269,7412,3,0,152.40700000000001,0
4,6270,7420,3,0,177.06800000000001,0
4,6271,7428,3,0,157.827,0
4,6272,7436,3,0,198.80699999999999,0
4,6273,7444,3,0,171.381,0
4,6274,7452,3,0,162.417,0
4,6275,7460,3,0,186.405,0
4,6276,7468,3,0,141.88999999999999,0
4,6277,7476,3,0,182.64400000000001,0
4,6278,7484,3,0,192.71899999999999,0
4,6279,7492,3,0,190.41999999999999,0
4,6280,7500,3,0,155.964,0
4,6281,7508,3,0,198.34999999999999,0
4,6282,7516,3,0,143.39699999999999,0
4,6283,7524,3,0,186.58199999999999,0
4,6284,7532,3,0,182.44499999999999,0
4,6285,7540,3,0,166.38499999999999,0
4,6286,7548,3,0,153.244,0
4,6287,7556,3,0,205.43600000000001,0
4,6288,7564,3,0,158.34700000000001,0
4,6289,7572,3,0,142.37700000000001,0
4,6290,7580,3,0,159.38200000000001,0
4,6291,7588,3,0,202.81,0
4,6292,7596,3,0,207.65600000000001,0
4,6293,7604,3,0,193.392,0
4,6294,7612,3,0,197.20500000000001,0
4,6295,7620,3,0,183.58799999999999,0
4,6296,7628,3,0,163.154,0
4,6297,7636,3,0,187.196,0
4,6298,7644,3,0,127.874,0
4,6299,7652,3,0,190.34100000000001,0
4,6300,7660,3,0,212.98699999999999,0
4,6301,7668,3,0,185.666,0
4,6302,7676,3,0,177.452,0
4,6303,7684,3,0,174.93799999999999,0
4,6304,7692,3,0,174.28399999999999,0
4,6305,7700,3,0,159.75800000000001,0
4,6306,7708,3,0,157.74299999999999,0
4,6307,7716,3,0,125.104,0
4,6308,7724,3,0,195.547,0
4,6309,7732,3,0,180.12100000000001,0
4,6310,7740,3,0,208.505,0
4,6311,7748,3,0,179.73699999999999,0
4,6312,7756,3,0,136.24299999999999,0
4,6313,7764,3,0,166.77000000000001,0
4,6314,7772,3,0,163.13800000000001,0
4,6315,7780,3,0,164.471,0
4,6316,7788,3,0,185.70500000000001,0
4,6317,7796,3,0,178.03399999999999,0
4,6318,7804,3,0,177.13,0
4,6319,7812,3,0,126.72499999999999,0
4,6320,7820,3,0,177.833,0
4,6321,7828,3,0,178.50200000000001,0
4,6322,7836,3,0,192.21199999999999,0
4,6323,7844,3,0,196.827,0
4,6324,7852,3,0,192.25800000000001,0
4,6325,7860,3,0,194.22399999999999,0
4,6326,7868,3,0,179.48400000000001,0
4,6327,7876,3,0,208.51599999999999,0
4,6328,7884,3,0,128.96899999999999,0
4,6329,7892,3,0,223.078,0
4,6330,7900,3,0,167.77600000000001,0
4,6331,7908,3,0,203.84200000000001,0
4,6332,7916,3,0,183.85300000000001,0
4,6333,7924,3,0,191.65899999999999,0
4,6334,7932,3,0,140.04599999999999,0
4,6335,7940,3,0,170.316,0
4,6336,7948,3,0,185.095,0
4,6337,7956,3,0,183.41499999999999,0
4,6338,7964,3,0,161.251,0
4,6339,7972,3,0,209.59800000000001,0
4,6340,7980,3,0,194.45599999999999,0
4,6341,7988,3,0,173.56999999999999,0
4,6342,7996,3,0,198.44300000000001,0
4,6343,8004,3,0,130.08799999999999,0
4,6344,8012,3,0,162.36699999999999,0
4,6345,8020,3,0,207.143,0
4,6346,8028,3,0,181.161,0
4,6347,8036,3,0,144.559,0
4,6348,8044,3,0,168.90899999999999,0
4,6349,8052,3,0,192.876,0
4,6350,8060,3,0,139.774,0
4,6351,8068,3,0,195,0
4,6352,8076,3,0,197.75999999999999,0
4,6353,8084,3,0,173.88399999999999,0
4,6354,8092,3,0,182.369,0
4,6355,8100,3,0,193.279,0
4,6356,8108,3,0,127.105,0
4,6357,8116,3,0,144.726,0
4,6358,8124,3,0,185.023,0
4,6359,8132,3,0,205.65100000000001,0
4,6360,8140,3,0,179.94900000000001,0
4,6361,8148,3,0,191.51400000000001,0
4,6362,8156,3,0,185.12799999999999,0
4,6363,8164,3,0,147.57300000000001,0
4,6364,8172,3,0,149.76499999999999,0
4,6365,8180,3,0,151.047,0
4,6366,8188,3,0,179.04300000000001,0
4,6367,8196,3,0,168.55500000000001,0
4,6368,8204,3,0,157.55799999999999,0
4,6369,8212,3,0,186.65299999999999,0
4,6370,8220,3,0,191.96299999999999,0
4,6371,8228,3,0,195.23500000000001,0
4,6372,8236,3,0,166.376,0
4,6373,8244,3,0,181.161,0
4,6374,8252,3,0,164.14400000000001,0
4,6375,8260,3,0,179.19399999999999,0
4,6376,8268,3,0,186.511,0
4,6377,8276,3,0,182.21100000000001,0
4,6378,8284,3,0,173.00899999999999,0
4,6379,8292,3,0,171.49700000000001,0
4,6380,8300,3,0,190.226,0
4,6381,8308,3,0,148.279,0
4,6382,8316,3,0,194.48400000000001,0
4,6383,8324,3,0,151.35300000000001,0
4,6384,8332,3,0,177.57499999999999,0
4,6385,8340,3,0,155.982,0
4,6386,8348,3,0,162.54499999999999,0
4,6387,8356,3,0,181.73599999999999,0
4,6388,8364,3,0,184.22,0
4,6389,8372,3,0,179.03700000000001,0
4,6390,8380,3,0,137.83199999999999,0
4,6391,8388,3,0,187.52500000000001,0
4,6392,8396,3,0,189.60400000000001,0
4,6393,8404,3,0,192.75899999999999,0
4,6394,8412,3,0,171.84999999999999,0
4,6395,8420,3,0,176.88300000000001,0
4,6396,8428,3,0,169.10400000000001,0
4,6397,8436,3,0,179.268,0
4,6398,8444,3,0,163.68799999999999,0
4,6399,8452,3,0,172.16399999999999,0
4,6400,8460,3,0,186.399,0
4,6401,8468,3,0,171.58199999999999,0
4,6402,8476,3,0,187.15799999999999,0
4,6403,8484,3,0,173.47300000000001,0
4,6404,8492,3,0,185.827,0
4,6405,8500,3,0,192.53,0
4,6406,8508,3,0,128.05199999999999,0
4,6407,8516,3,0,174.10900000000001,0
4,6408,8524,3,0,193.32900000000001,0
4,6409,8532,3,0,166.14500000000001,0
4,6410,8540,3,0,183.24600000000001,0
4,6411,8548,3,0,151.04300000000001,0
4,6412,8556,3,0,196.755,0
4,6413,8564,3,0,170.059,0
4,6414,8572,3,0,179.34399999999999,0
4,6415,8580,3,0,149.148,0
4,6416,8588,3,0,155.386,0
4,6417,8596,3,0,194.40199999999999,0
4,6418,8604,3,0,175.785,0
4,6419,8612,3,0,183.227,0
4,6420,8620,3,0,165.922,0
4,6421,8628,3,0,188.018,0
4,6422,8636,3,0,137.315,0
4,6423,8644,3,0,135.42400000000001,0
4,6424,8652,3,0,150.59700000000001,0
4,6425,8660,3,0,181.32400000000001,0
4,6426,8668,3,0,184.29300000000001,0
4,6427,8676,3,0,184.85900000000001,0
4,6428,8684,3,0,189.99199999999999,0
4,6429,8692,3,0,202.483,0
4,6430,8700,3,0,217.751,0
4,6431,8708,3,0,141.24600000000001,0
4,6432,8716,3,0,183.584,0
4,6433,8724,3,0,191.29300000000001,0
4,6434,8732,3,0,170.37299999999999,0
4,6435,8740,3,0,171.51300000000001,0
4,6436,8748,3,0,177.804,0
4,6437,8756,3,0,186.09100000000001,0
4,6438,8764,3,0,177.53299999999999,0
4,6439,8772,3,0,197.923,0
4,6440,8780,3,0,190.47900000000001,0
4,6441,8788,3,0,158.792,0
4,6442,8796,3,0,184.99000000000001,0
4,6443,8804,3,0,182.601,0
4,6444,8812,3,0,146.00899999999999,0
4,6445,8820,3,0,182.69200000000001,0
4,6446,8828,3,0,195.458,0
4,6447,8836,3,0,186.85300000000001,0
4,6448,8844,3,0,164.18799999999999,0
4,6449,8852,3,0,183.81999999999999,0
4,6450,8860,3,0,182.66,0
4,6451,8868,3,0,190.69800000000001,0
4,6452,8876,3,0,188.33199999999999,0
4,6453,8884,3,0,191.28700000000001,0
4,6454,8892,3,0,184.273,0
4,6455,8900,3,0,180.631,0
4,6456,8908,3,0,156.61799999999999,0
4,6457,8916,3,0,169.441,0
4,6458,8924,3,0,147.59100000000001,0
4,6459,8932,3,0,178.76300000000001,0
4,6460,8940,3,0,141.02600000000001,0
4,6461,8948,3,0,154.203,0
4,6462,8956,3,0,187.096,0
4,6463,8964,3,0,179.779,0
4,6464,8972,3,0,152.852,0
4,6465,8980,3,0,186.267,0
4,6466,8988,3,0,151.13399999999999,0
4,6467,8996,3,0,198.14599999999999,0
4,6468,9004,3,0,196.60499999999999,0
4,6469,9012,3,0,179.40700000000001,0
4,6470,9020,3,0,182.95500000000001,0
4,6471,9028,3,0,181.37700000000001,0
4,6472,9036,3,0,191.78,0
4,6473,9044,3,0,198.37700000000001,0
4,6474,9052,3,0,197.80199999999999,0
4,6475,9060,3,0,187.898,0
4,6476,9068,3,0,162.886,0
4,6477,9076,3,0,176.35900000000001,0
4,6478,9084,3,0,141.21199999999999,0
4,6479,9092,3,0,192.36199999999999,0
4,6480,9100,3,0,182.44399999999999,0
4,6481,9108,3,0,193.63999999999999,0
4,6482,9116,3,0,197.042,0
4,6483,9124,3,0,191.285,0
4,6484,9132,3,0,162.965,0
4,6485,9140,3,0,196.06299999999999,0
4,6486,9148,3,0,192.88399999999999,0
4,6487,9156,3,0,129.83699999999999,0
4,6488,9164,3,0,197.09200000000001,0
4,6489,9172,3,0,168.60300000000001,0
4,6490,9180,3,0,180.77600000000001,0
4,6491,9188,3,0,178.959,0
4,6492,9196,3,0,163.82900000000001,0
4,6493,9204,3,0,169.124,0
4,6494,9212,3,0,194.74199999999999,0
4,6495,9220,3,0,173.583,0
4,6496,9228,3,0,136.22999999999999,0
4,6497,9236,3,0,152.102,0
4,6498,9244,3,0,187.001,0
4,6499,9252,3,0,192.751,0
4,6500,9260,3,0,160.977,0
4,6501,9268,3,0,184.71000000000001,0
4,6502,9276,3,0,188.59,0
4,6503,9284,3,0,187.30600000000001,0
4,6504,9292,3,0,195.04300000000001,0
4,6505,9300,3,0,124.26000000000001,0
4,6506,9308,3,0,135.816,0
4,6507,9316,3,0,169.02199999999999,0
4,6508,9324,3,0,179.458,0
4,6509,9332,3,0,135.458,0
4,6510,9340,3,0,179.06700000000001,0
4,6511,9348,3,0,191.67599999999999,0
4,6512,9356,3,0,184.42099999999999,0
4,6513,9364,3,0,169.67500000000001,0
4,6514,9372,3,0,218.30699999999999,0
4,6515,9380,3,0,179.96899999999999,0
4,6516,9388,3,0,133.37100000000001,0
4,6517,9396,3,0,178.499,0
4,6518,9404,3,0,175.631,0
4,6519,9412,3,0,167.851,0
4,6520,9420,3,0,151.55500000000001,0
4,6521,9428,3,0,188.209,0
4,6522,9436,3,0,168.429,0
4,6523,9444,3,0,216.834,0
4,6524,9452,3,0,182.678,0
4,6525,9460,3,0,179.99600000000001,0
4,6526,9468,3,0,193.02600000000001,0
4,6527,9476,3,0,175.53200000000001,0
4,6528,9484,3,0,204.983,0
4,6529,9492,3,0,186.44399999999999,0
4,6530,9500,3,0,194.892,0
4,6531,9508,3,0,187.01300000000001,0
4,6532,9516,3,0,174.851,0
4,6533,9524,3,0,216.47800000000001,0
4,6534,9532,3,0,163.56100000000001,0
4,6535,9540,3,0,184.81,0
4,6536,9548,3,0,183.84800000000001,0
4,6537,9556,3,0,206.07300000000001,0
4,6538,9564,3,0,140.68000000000001,0
4,6539,9572,3,0,134.07300000000001,0
4,6540,9580,3,0,158.85400000000001,0
4,6541,9588,3,0,169.59299999999999,0
4,6542,9596,3,0,188.613,0
4,6543,9604,3,0,186.56999999999999,0
4,6544,9612,3,0,195.744,0
4,6545,9620,3,0,193.62799999999999,0
4,6546,9628,3,0,194.60499999999999,0
4,6547,9636,3,0,130.054,0
4,6548,9644,3,0,181.523,0
4,6549,9652,3,0,180.87100000000001,0
4,6550,9660,3,0,204.95099999999999,0
4,6551,9668,3,0,168.71899999999999,0
4,6552,9676,3,0,131.94399999999999,0
4,6553,9684,3,0,176.286,0
4,6554,9692,3,0,174.08199999999999,0
4,6555,9700,3,0,126.827,0
4,6556,9708,3,0,154.583,0
4,6557,9716,3,0,192.94800000000001,0
4,6558,9724,3,0,185.904,0
4,6559,9732,3,0,180.56800000000001,0
4,6560,9740,3,0,186.67599999999999,0
4,6561,9748,3,0,188.74000000000001,0
4,6562,9756,3,0,198.958,0
4,6563,9764,3,0,171.20400000000001,0
4,6564,9772,3,0,179.91200000000001,0
4,6565,9780,3,0,154.31,0
4,6566,9788,3,0,178.22200000000001,0
4,6567,9796,3,0,186.12200000000001,0
4,6568,9804,3,0,180.41,0
4,6569,9812,3,0,168.524,0
4,6570,9820,3,0,160.84200000000001,0
4,6571,9828,3,0,154.72399999999999,0
4,6572,9836,3,0,198.006,0
4,6573,9844,3,0,175.53999999999999,0
4,6574,9852,3,0,202.50299999999999,0
4,6575,9860,3,0,157.04300000000001,0
4,6576,9868,3,0,171.90199999999999,0
4,6577,9876,3,0,156.98500000000001,0
4,6578,9884,3,0,160.542,0
4,6579,9892,3,0,194.745,0
4,6580,9900,3,0,183.55799999999999,0
4,6581,9908,3,0,180.602,0
4,6582,9916,3,0,179.09299999999999,0
4,6583,9924,3,0,161.62700000000001,0
4,6584,9932,3,0,184.26300000000001,0
4,6585,9940,3,0,166.982,0
4,6586,9948,3,0,212.72399999999999,0
4,6587,9956,3,0,184.03299999999999,0
4,6588,9964,3,0,189.33000000000001,0
4,6589,9972,3,0,184.71299999999999,0
4,6590,9980,3,0,173.441,0
4,6591,9988,3,0,194.416,0
4,6592,9996,3,0,149.09700000000001,0
4,6593,10004,3,0,192.44399999999999,0
4,6594,10012,3,0,137.625,0
4,6595,10020,3,0,166.59999999999999,0
4,6596,10028,3,0,188.119,0
4,6597,10036,3,0,174.58500000000001,0
4,6598,10044,3,0,164.29400000000001,0
4,6599,10052,3,0,233.54900000000001,0
4,6600,10060,3,0,181.114,0
4,6601,10068,3,0,193.35900000000001,0
4,6602,10076,3,0,164.84,0
4,6603,10084,3,0,145.40199999999999,0
4,6604,10092,3,0,133.709,0
4,6605,10100,3,0,189.45400000000001,0
4,6606,10108,3,0,199.41,0
4,6607,10116,3,0,172.68899999999999,0
4,6608,10124,3,0,146.24199999999999,0
4,6609,10132,3,0,166.97,0
4,6610,10140,3,0,185.60400000000001,0
4,6611,10148,3,0,150.654,0
4,6612,10156,3,0,181.09999999999999,0
4,6613,10164,3,0,181.34800000000001,0
4,6614,10172,3,0,134.42699999999999,0
4,6615,10180,3,0,165.12100000000001,0
4,6616,10188,3,0,170.834,0
4,6617,10196,3,0,189.09100000000001,0
4,6618,10204,3,0,171.25200000000001,0
4,6619,10212,3,0,163.68600000000001,0
4,6620,10220,3,0,174.452,0
4,6621,10228,3,0,164.71000000000001,0
4,6622,10236,3,0,187.01900000000001,0
4,6623,10244,3,0,163.79400000000001,0
4,6624,10252,3,0,187.624,0
4,6625,10260,3,0,146.286,0
4,6626,10268,3,0,180.887,0
4,6627,10276,3,0,189.042,0
4,6628,10284,3,0,201.44999999999999,0
4,6629,10292,3,0,189.17599999999999,0
4,6630,10300,3,0,191.02799999999999,0
4,6631,10308,3,0,197.53899999999999,0
4,6632,10316,3,0,180.65199999999999,0
4,6633,10324,3,0,198.185,0
4,6634,10332,3,0,175.24299999999999,0
4,6635,10340,3,0,169.83699999999999,0
4,6636,10348,3,0,195.21799999999999,0
4,6637,10356,3,0,131.518,0
4,6638,10364,3,0,166.49299999999999,0
4,6639,10372,3,0,165.37700000000001,0
4,6640,10380,3,0,191.65600000000001,0
4,6641,10388,3,0,187.72399999999999,0
4,6642,10396,3,0,179.03800000000001,0
4,6643,10404,3,0,168.791,0
4,6644,10412,3,0,169.03399999999999,0
4,6645,10420,3,0,182.523,0
4,6646,10428,3,0,197.20699999999999,0
4,6647,10436,3,0,133.96799999999999,0
4,6648,10444,3,0,185.727,0
4,6649,10452,3,0,204.43799999999999,0
4,6650,10460,3,0,170.685,0
4,6651,10468,3,0,163.529,0
4,6652,10476,3,0,183.471,0
4,6653,10484,3,0,180.18299999999999,0
4,6654,10492,3,0,178.46299999999999,0
4,6655,10500,3,0,184.27699999999999,0
4,6656,10508,3,0,192.38800000000001,0
4,6657,10516,3,0,182.75399999999999,0
4,6658,10524,3,0,184.262,0
4,6659,10532,3,0,172.55799999999999,0
4,6660,10540,3,0,189.82300000000001,0
4,6661,10548,3,0,183.536,0
4,6662,10556,3,0,142.81700000000001,0
4,6663,10564,3,0,199.28700000000001,0
4,6664,10572,3,0,171.51400000000001,0
4,6665,10580,3,0,186.303,0
4,6666,10588,3,0,195.101,0
4,6667,10596,3,0,157.60499999999999,0
4,6668,10604,3,0,215.42699999999999,0
4,6669,10612,3,0,172.333,0
4,6670,10620,3,0,184.34399999999999,0
4,6671,10628,3,0,197.55600000000001,0
4,6672,10636,3,0,179.94900000000001,0
4,6673,10644,3,0,186.881,0
4,6674,10652,3,0,187.13499999999999,0
4,6675,10660,3,0,163.24199999999999,0
4,6676,10668,3,0,192.267,0
4,6677,10676,3,0,175.82499999999999,0
4,6678,10684,3,0,148.03700000000001,0
4,6679,10692,3,0,196.667,0
4,6680,10700,3,0,183.18199999999999,0
4,6681,10708,3,0,161.785,0
4,6682,10716,3,0,180.17500000000001,0
4,6683,10724,3,0,198.30699999999999,0
4,6684,10732,3,0,204.458,0
4,6685,10740,3,0,152.98400000000001,0
4,6686,10748,3,0,178.596,0
4,6687,10756,3,0,197.298,0
4,6688,10764,3,0,190.30600000000001,0
4,6689,10772,3,0,157.44300000000001,0
4,6690,10780,3,0,153.233,0
4,6691,10788,3,0,184.61600000000001,0
4,6692,10796,3,0,170.482,0
4,6693,10804,3,0,191.084,0
4,6694,10812,3,0,194.51300000000001,0
4,6695,10820,3,0,198.072,0
4,6696,10828,3,0,175.28,0
4,6697,10836,3,0,184.46799999999999,0
4,6698,10844,3,0,181.78399999999999,0
4,6699,10852,3,0,184.68600000000001,0
4,6700,10860,3,0,182.221,0
4,6701,10868,3,0,177.399,0
4,6702,10876,3,0,172.614,0
4,6703,10884,3,0,153.64500000000001,0
4,6704,10892,3,0,182.786,0
4,6705,10900,3,0,185.976,0
4,6706,10908,3,0,172.202,0
4,6707,10916,3,0,202.02199999999999,0
4,6708,10924,3,0,189.46600000000001,0
4,6709,10932,3,0,153.34999999999999,0
4,6710,10940,3,0,182.51599999999999,0
4,6711,10948,3,0,193.45599999999999,0
4,6712,10956,3,0,154.38200000000001,0
4,6713,10964,3,0,171.87700000000001,0
4,6714,10972,3,0,134.48699999999999,0
4,6715,10980,3,0,192.64400000000001,0
4,6716,10988,3,0,195.54900000000001,0
4,6717,10996,3,0,161.81800000000001,0
4,6718,11004,3,0,158.44800000000001,0
4,6719,11012,3,0,178.654,0
4,6720,11020,3,0,171.71299999999999,0
4,6721,11028,3,0,175.374,0
4,6722,11036,3,0,174.65700000000001,0
4,6723,11044,3,0,187.17400000000001,0
4,6724,11052,3,0,137.72,0
4,6725,11060,3,0,206.50200000000001,0
4,6726,11068,3,0,187.10900000000001,0
4,6727,11076,3,0,161.49799999999999,0
4,6728,11084,3,0,182.203,0
4,6729,11092,3,0,181.25899999999999,0
4,6730,11100,3,0,199.739,0
4,6731,11108,3,0,196.58600000000001,0
4,6732,11116,3,0,169.63200000000001,0
4,6733,11124,3,0,137.97,0
4,6734,11132,3,0,158.52000000000001,0
4,6735,11140,3,0,180.131,0
4,6736,11148,3,0,183.25999999999999,0
4,6737,11156,3,0,184.37899999999999,0
4,6738,11164,3,0,197.785,0
4,6739,11172,3,0,152.22900000000001,0
4,6740,11180,3,0,180.55199999999999,0
4,6741,11188,3,0,216.928,0
4,6742,11196,3,0,137.42599999999999,0
4,6743,11204,3,0,162.78999999999999,0
4,6744,11212,3,0,189.21899999999999,0
4,6745,11220,3,0,181.56999999999999,0
4,6746,11228,3,0,196.69300000000001,0
4,6747,11236,3,0,158.488,0
4,6748,11244,3,0,162.80600000000001,0
4,6749,11252,3,0,178.97999999999999,0
4,6750,11260,3,0,198.46799999999999,0
4,6751,11268,3,0,186.197,0
4,6752,11276,3,0,198.87899999999999,0
4,6753,11284,3,0,156.773,0
4,6754,11292,3,0,179.154,0
4,6755,11300,3,0,181.124,0
4,6756,11308,3,0,152.512,0
4,6757,11316,3,0,185.56700000000001,0
4,6758,11324,3,0,163.279,0
4,6759,11332,3,0,181.03899999999999,0
4,6760,11340,3,0,179.81100000000001,0
4,6761,11348,3,0,157.71899999999999,0
4,6762,11356,3,0,168.54599999999999,0
4,6763,11364,3,0,177.89099999999999,0
4,6764,11372,3,0,180.70599999999999,0
4,6765,11380,3,0,129.53700000000001,0
4,6766,11388,3,0,162.59999999999999,0
4,6767,11396,3,0,158.81999999999999,0
4,6768,11404,3,0,174.95599999999999,0
4,6769,11412,3,0,172.37100000000001,0
4,6770,11420,3,0,180.31700000000001,0
4,6771,11428,3,0,137.59700000000001,0
4,6772,11436,3,0,174.50399999999999,0
4,6773,11444,3,0,156.63,0
4,6774,11452,3,0,161.863,0
4,6775,11460,3,0,192.95500000000001,0
4,6776,11468,3,0,172.20699999999999,0
4,6777,11476,3,0,171.22,0
4,6778,11484,3,0,189.84800000000001,0
4,6779,11492,3,0,181.107,0
4,6780,11500,3,0,174.91399999999999,0
4,6781,11508,3,0,157.054,0
4,6782,11516,3,0,152.267,0
4,6783,11524,3,0,171.43600000000001,0
4,6784,11532,3,0,180.12200000000001,0
4,6785,11540,3,0,168.46299999999999,0
4,6786,11548,3,0,197.114,0
4,6787,11556,3,0,185.517,0
4,6788,11564,3,0,155.358,0
4,6789,11572,3,0,191.28899999999999,0
4,6790,11580,3,0,185.87299999999999,0
4,6791,11588,3,0,174.017,0
4,6792,11596,3,0,184.04300000000001,0
4,6793,11604,3,0,204.02799999999999,0
4,6794,11612,3,0,154.46799999999999,0
4,6795,11620,3,0,169.59,0
4,6796,11628,3,0,198.37899999999999,0
4,6797,11636,3,0,192.18700000000001,0
4,6798,11644,3,0,173.005,0
4,6799,11652,3,0,141.202,0
4,6800,11660,3,0,189.85400000000001,0
4,6801,11668,3,0,152.88399999999999,0
4,6802,11676,3,0,155.251,0
4,6803,11684,3,0,199.922,0
4,6804,11692,3,0,174.38499999999999,0
4,6805,11700,3,0,186.80799999999999,0
4,6806,11708,3,0,146.94300000000001,0
4,6807,11716,3,0,194.67599999999999,0
4,6808,11724,3,0,174.86500000000001,0
4,6809,11732,3,0,168.57300000000001,0
4,6810,11740,3,0,159.852,0
4,6811,11748,3,0,175.77000000000001,0
4,6812,11756,3,0,210.94200000000001,0
4,6813,11764,3,0,188.625,0
4,6814,11772,3,0,187.61799999999999,0
4,6815,11780,3,0,179.43600000000001,0
4,6816,11788,3,0,158.87100000000001,0
4,6817,11796,3,0,160.63800000000001,0
4,6818,11804,3,0,181.61500000000001,0
4,6819,11812,3,0,172.94499999999999,0
4,6820,11820,3,0,154.166,0
4,6821,11828,3,0,185.09399999999999,0
4,6822,11836,3,0,187.98099999999999,0
4,6823,11844,3,0,197.51900000000001,0
4,6824,11852,3,0,172.77199999999999,0
4,6825,11860,3,0,152.21700000000001,0
4,6826,11868,3,0,172.916,0
4,6827,11876,3,0,180.78299999999999,0
4,6828,11884,3,0,153.59399999999999,0
4,6829,11892,3,0,169.238,0
4,6830,11900,3,0,192.333,0
4,6831,11908,3,0,160.90299999999999,0
4,6832,11916,3,0,127.98,0
4,6833,11924,3,0,187.94499999999999,0
4,6834,11932,3,0,163.97900000000001,0
4,6835,11940,3,0,189.624,0
4,6836,11948,3,0,158.077,0
4,6837,11956,3,0,148.452,0
4,6838,11964,3,0,224.38399999999999,0
4,6839,11972,3,0,184.49600000000001,0
4,6840,11980,3,0,161.00999999999999,0
4,6841,11988,3,0,163.178,0
4,6842,11996,3,0,181.22200000000001,0
4,6843,12004,3,0,168.80099999999999,0
4,6844,12012,3,0,182.06399999999999,0
4,6845,12020,3,0,219.18799999999999,0
4,6846,12028,3,0,180.57400000000001,0
4,6847,12036,3,0,157.947,0
4,6848,12044,3,0,134.67699999999999,0
4,6849,12052,3,0,181.71199999999999,0
4,6850,12060,3,0,176.95500000000001,0
4,6851,12068,3,0,188.727,0
4,6852,12076,3,0,189.47399999999999,0
4,6853,12084,3,0,171.017,0
4,6854,12092,3,0,182.02000000000001,0
4,6855,12100,3,0,165.66800000000001,0
4,6856,12108,3,0,185.292,0
4,6857,12116,3,0,172.654,0
4,6858,12124,3,0,163.65600000000001,0
4,6859,12132,3,0,188.99100000000001,0
4,6860,12140,3,0,186.48699999999999,0
4,6861,12148,3,0,162.81899999999999,0
4,6862,12156,3,0,177.82900000000001,0
4,6863,12164,3,0,202.50800000000001,0
4,6864,12172,3,0,164.60599999999999,0
4,6865,12180,3,0,176.13399999999999,0
4,6866,12188,3,0,186.71799999999999,0
4,6867,12196,3,0,186.90799999999999,0
4,6868,12204,3,0,180.34200000000001,0
4,6869,12212,3,0,171.892,0
4,6870,12220,3,0,235.05000000000001,0
4,6871,12228,3,0,166.34899999999999,0
4,6872,12236,3,0,180.16300000000001,0
4,6873,12244,3,0,137.179,0
4,6874,12252,3,0,177.09399999999999,0
4,6875,12260,3,0,162.202,0
4,6876,12268,3,0,169.142,0
4,6877,12276,3,0,119.307,0
4,6878,12284,3,0,162.54499999999999,0
4,6879,12292,3,0,173.476,0
4,6880,12300,3,0,174.392,0
4,6881,12308,3,0,179.744,0
4,6882,12316,3,0,227.54499999999999,0
4,6883,12324,3,0,183.995,0
4,6884,12332,3,0,183.28200000000001,0
4,6885,12340,3,0,201.24299999999999,0
4,6886,12348,3,0,141.435,0
4,6887,12356,3,0,191.68100000000001,0
4,6888,12364,3,0,184.64500000000001,0
4,6889,12372,3,0,163.78999999999999,0
4,6890,12380,3,0,175.727,0
4,6891,12388,3,0,193.49700000000001,0
4,6892,12396,3,0,141.208,0
4,6893,12404,3,0,177.25800000000001,0
4,6894,12412,3,0,162.62299999999999,0
4,6895,12420,3,0,181.59,0
4,6896,12428,3,0,150.84,0
4,6897,12436,3,0,165.13,0
4,6898,12444,3,0,175.59700000000001,0
4,6899,12452,3,0,185.64599999999999,0
4,6900,12460,3,0,188.036,0
4,6901,12468,3,0,182.72399999999999,0
4,6902,12476,3,0,173.45699999999999,0
4,6903,12484,3,0,185.374,0
4,6904,12492,3,0,164.48099999999999,0
4,6905,12500,3,0,178.84700000000001,0
4,6906,12508,3,0,168.328,0
4,6907,12516,3,0,153.072,0
4,6908,12524,3,0,165.828,0
4,6909,12532,3,0,135.97300000000001,0
4,6910,12540,3,0,173.51400000000001,0
4,6911,12548,3,0,179.517,0
4,6912,12556,3,0,185.874,0
4,6913,12564,3,0,195.25800000000001,0
4,6914,12572,3,0,168.05699999999999,0
4,6915,12580,3,0,174.22200000000001,0
4,6916,12588,3,0,172.684,0
4,6917,12596,3,0,168.024,0
4,6918,12604,3,0,129.863,0
4,6919,12612,3,0,191.28399999999999,0
4,6920,12620,3,0,205.976,0
4,6921,12628,3,0,175.12299999999999,0
4,6922,12636,3,0,183.78899999999999,0
4,6923,12644,3,0,160.41200000000001,0
4,6924,12652,3,0,193.84100000000001,0
4,6925,12660,3,0,166.49299999999999,0
4,6926,12668,3,0,136.66800000000001,0
4,6927,12676,3,0,166.071,0
4,6928,12684,3,0,182.32900000000001,0
4,6929,12692,3,0,143.357,0
4,6930,12700,3,0,150.596,0
4,6931,12708,3,0,180.876,0
4,6932,12716,3,0,177.571,0
4,6933,12724,3,0,202.59100000000001,0
4,6934,12732,3,0,185.703,0
4,6935,12740,3,0,187.21700000000001,0
4,6936,12748,3,0,170.08600000000001,0
4,6937,12756,3,0,190.744,0
4,6938,12764,3,0,187.50899999999999,0
4,6939,12772,3,0,171.87299999999999,0
4,6940,12780,3,0,189.89400000000001,0
4,6941,12788,3,0,176.648,0
4,6942,12796,3,0,140.078,0
4,6943,12804,3,0,155.68299999999999,0
4,6944,12812,3,0,136.37899999999999,0
4,6945,12820,3,0,175.227,0
4,6946,12828,3,0,209.49299999999999,0
4,6947,12836,3,0,203.09700000000001,0
4,6948,12844,3,0,177.32499999999999,0
4,6949,12852,3,0,190.17400000000001,0
4,6950,12860,3,0,181.714,0
4,6951,12868,3,0,176.5,0
4,6952,12876,3,0,161.578,0
4,6953,12884,3,0,172.649,0
4,6954,12892,3,0,161.345,0
4,6955,12900,3,0,194.274,0
4,6956,12908,3,0,179.011,0
4,6957,12916,3,0,189.01400000000001,0
4,6958,12924,3,0,174.785,0
4,6959,12932,3,0,192.66900000000001,0
4,6960,12940,3,0,142.245,0
4,6961,12948,3,0,146.32499999999999,0
4,6962,12956,3,0,186.684,0
4,6963,12964,3,0,194.33600000000001,0
4,6964,12972,3,0,130.19800000000001,0
4,6965,12980,3,0,176.32400000000001,0
4,6966,12988,3,0,167.989,0
4,6967,12996,3,0,195.721,0
4,6968,13004,3,0,175.53200000000001,0
4,6969,13012,3,0,174.154,0
4,6970,13020,3,0,185.69800000000001,0
4,6971,13028,3,0,171.77699999999999,0
4,6972,13036,3,0,197.214,0
4,6973,13044,3,0,188.77799999999999,0
4,6974,13052,3,0,203.85400000000001,0
4,6975,13060,3,0,181.25200000000001,0
4,6976,13068,3,0,230.20599999999999,0
4,6977,13076,3,0,187.523,0
4,6978,13084,3,0,195.34,0
4,6979,13092,3,0,151.68100000000001,0
4,6980,13100,3,0,170.88399999999999,0
4,6981,13108,3,0,151.173,0
4,6982,13116,3,0,173.21199999999999,0
4,6983,13124,3,0,157.435,0
4,6984,13132,3,0,156.30500000000001,0
4,6985,13140,3,0,141.07400000000001,0
4,6986,13148,3,0,183.38499999999999,0
4,6987,13156,3,0,177.13999999999999,0
4,6988,13164,3,0,146.15899999999999,0
4,6989,13172,3,0,172.33099999999999,0
4,6990,13180,3,0,179.19200000000001,0
4,6991,13188,3,0,177.27099999999999,0
4,6992,13196,3,0,180.298,0
4,6993,13204,3,0,191.37899999999999,0
4,6994,13212,3,0,159.07900000000001,0
4,6995,13220,3,0,183.26300000000001,0
4,6996,13228,3,0,204.798,0
4,6997,13236,3,0,183.10400000000001,0
4,6998,13244,3,0,153.39500000000001,0
4,6999,13252,3,0,192.369,0
4,7000,13260,3,0,173.148,0
4,7001,13268,3,0,189.64400000000001,0
4,7002,13276,3,0,196.714,0
4,7003,13284,3,0,178.648,0
4,7004,13292,3,0,170.626,0
4,7005,13300,3,0,177.79599999999999,0
4,7006,13308,3,0,163.78999999999999,0
4,7007,13316,3,0,181.518,0
4,7008,13324,3,0,151.76599999999999,0
4,7009,13332,3,0,193.328,0
4,7010,13340,3,0,186.03999999999999,0
4,7011,13348,3,0,166.90000000000001,0
4,7012,13356,3,0,185.99299999999999,0
4,7013,13364,3,0,159.68700000000001,0
4,7014,13372,3,0,164.21899999999999,0
4,7015,13380,3,0,196.57900000000001,0
4,7016,13388,3,0,154.91800000000001,0
4,7017,13396,3,0,189.465,0
4,7018,13404,3,0,163.029,0
4,7019,13412,3,0,190.001,0
4,7020,13420,3,0,162.827,0
4,7021,13428,3,0,157.25299999999999,0
4,7022,13436,3,0,202.971,0
4,7023,13444,3,0,180.79499999999999,0
4,7024,13452,3,0,178.77500000000001,0
4,7025,13460,3,0,200.35400000000001,0
4,7026,13468,3,0,205.48400000000001,0
4,7027,13476,3,0,180.36000000000001,0
4,7028,13484,3,0,158.709,0
4,7029,13492,3,0,145.39099999999999,0
4,7030,13500,3,0,181.035,0
4,7031,13508,3,0,179.53700000000001,0
4,7032,13516,3,0,154.77000000000001,0
4,7033,13524,3,0,166.00399999999999,0
4,7034,13532,3,0,181.828,0
4,7035,13540,3,0,151.97499999999999,0
4,7036,13548,3,0,186.34,0
4,7037,13556,3,0,137.559,0
4,7038,13564,3,0,167.96799999999999,0
4,7039,13572,3,0,189.07599999999999,0
4,7040,13580,3,0,161.215,0
4,7041,13588,3,0,164.923,0
4,7042,13596,3,0,187.55000000000001,0
4,7043,13604,3,0,144.905,0
4,7044,13612,3,0,149.38999999999999,0
4,7045,13620,3,0,137.161,0
4,7046,13628,3,0,201.87,0
4,7047,13636,3,0,190.67099999999999,0
4,7048,13644,3,0,128.07300000000001,0
4,7049,13652,3,0,192.398,0
4,7050,13660,3,0,200.47,0
4,7051,13668,3,0,186.56999999999999,0
4,7052,13676,3,0,174.548,0
4,7053,13684,3,0,163.08099999999999,0
4,7054,13692,3,0,183.15100000000001,0
4,7055,13700,3,0,159.18100000000001,0
4,7056,13708,3,0,178.02500000000001,0
4,7057,13716,3,0,198.39099999999999,0
4,7058,13724,3,0,175.672,0
4,7059,13732,3,0,169.84399999999999,0
4,7060,13740,3,0,202.23500000000001,0
4,7061,13748,3,0,175.94300000000001,0
4,7062,13756,3,0,133.67400000000001,0
4,7063,13764,3,0,133.31,0
4,7064,13772,3,0,144.44399999999999,0
4,7065,13780,3,0,184.702,0
4,7066,13788,3,0,164.80099999999999,0
4,7067,13796,3,0,170.001,0
4,7068,13804,3,0,169.54499999999999,0
4,7069,13812,3,0,181.21000000000001,0
4,7070,13820,3,0,172.06,0
4,7071,13828,3,0,176.96799999999999,0
4,7072,13836,3,0,190.03100000000001,0
4,7073,13844,3,0,171.684,0
4,7074,13852,3,0,173.70400000000001,0
4,7075,13860,3,0,172.52099999999999,0
4,7076,13868,3,0,188.774,0
4,7077,13876,3,0,222.34100000000001,0
4,7078,13884,3,0,170.52600000000001,0
4,7079,13892,3,0,148.392,0
4,7080,13900,3,0,200.727,0
4,7081,13908,3,0,170.81999999999999,0
4,7082,13916,3,0,158.68000000000001,0
4,7083,13924,3,0,196.893,0
4,7084,13932,3,0,178.809,0
4,7085,13940,3,0,170.91900000000001,0
4,7086,13948,3,0,175.13900000000001,0
4,7087,13956,3,0,192.828,0
4,7088,13964,3,0,157.81299999999999,0
4,7089,13972,3,0,178.26499999999999,0
4,7090,13980,3,0,184.858,0
4,7091,13988,3,0,175.316,0
4,7092,13996,3,0,177.36000000000001,0
4,7093,14004,3,0,186.80799999999999,0
4,7094,14012,3,0,171.91,0
4,7095,14020,3,0,159.81700000000001,0
4,7096,14028,3,0,192.512,0
4,7097,14036,3,0,190.16300000000001,0
4,7098,14044,3,0,137.69399999999999,0
4,7099,14052,3,0,194.55600000000001,0
4,7100,14060,3,0,208.084,0
4,7101,14068,3,0,154.00399999999999,0
4,7102,14076,3,0,189.36799999999999,0
4,7103,14084,3,0,161.559,0
4,7104,14092,3,0,186.26900000000001,0
4,7105,14100,3,0,155.78,0
4,7106,14108,3,0,181.13300000000001,0
4,7107,14116,3,0,220.96700000000001,0
4,7108,14124,3,0,194.666,0
4,7109,14132,3,0,162.72200000000001,0
4,7110,14140,3,0,180.887,0
4,7111,14148,3,0,177.821,0
4,7112,14156,3,0,170.923,0
4,7113,14164,3,0,172.50399999999999,0
4,7114,14172,3,0,181.02000000000001,0
4,7115,14180,3,0,171.756,0
4,7116,14188,3,0,176.27099999999999,0
4,7117,14196,3,0,166.714,0
4,7118,14204,3,0,172.38,0
4,7119,14212,3,0,215.09399999999999,0
4,7120,14220,3,0,169.76400000000001,0
4,7121,14228,3,0,192.827,0
4,7122,14236,3,0,184.297,0
4,7123,14244,3,0,140.989,0
5,0,5,0,0,183.46299999999999,0
5,1,13,0,0,159.018,0
5,2,21,0,0,179.26400000000001,0
5,3,29,0,0,159.81899999999999,0
5,4,37,0,0,156.19399999999999,0
5,5,45,0,0,159.47300000000001,0
5,6,53,0,0,180.26900000000001,0
5,7,61,0,0,187.08500000000001,0
5,8,69,0,0,180.767,0
5,9,77,0,0,141.505,0
5,10,85,0,0,196.01300000000001,0
5,11,93,0,0,140.536,0
5,12,101,0,0,188.28200000000001,0
5,13,109,0,0,136.66200000000001,0
5,14,117,0,0,155.11799999999999,0
5,15,125,0,0,167.89500000000001,0
5,16,133,0,0,192.07599999999999,0
5,17,141,0,0,158.40299999999999,0
5,18,149,0,0,186.893,0
5,19,157,0,0,137.489,0
5,20,165,0,0,169.965,0
5,21,173,0,0,169.512,0
5,22,181,0,0,157.565,0
5,23,189,0,0,144.822,0
5,24,197,0,0,186.18100000000001,0
5,25,205,0,0,155.34,0
5,26,213,0,0,201.523,0
5,27,221,0,0,178.44200000000001,0
5,28,229,0,0,179.059,0
5,29,237,0,0,173.358,0
5,30,245,0,0,192.08000000000001,0
5,31,253,0,0,188.566,0
5,32,261,0,0,120.913,0
5,33,269,0,0,176.958,0
5,34,277,0,0,153.863,0
5,35,285,0,0,177.00299999999999,0
5,36,293,0,0,194.54400000000001,0
5,37,301,0,0,153.95500000000001,0
5,38,309,0,0,191.44999999999999,0
5,39,317,0,0,138.107,0
5,40,325,0,0,174.69,0
5,41,333,0,0,149.10599999999999,0
5,42,341,0,0,198.00999999999999,0
5,43,349,0,0,181.964,0
5,44,357,0,0,188.20699999999999,0
5,45,365,0,0,177.14500000000001,0
5,46,373,0,0,195.535,0
5,47,381,0,0,173.107,0
5,48,389,0,0,179.36500000000001,0
5,49,397,0,0,171.19300000000001,0
5,50,405,0,0,209.99199999999999,0
5,51,413,0,0,196.27099999999999,0
5,52,421,0,0,187.03,0
5,53,429,0,0,186.82300000000001,0
5,54,437,0,0,168.65600000000001,0
5,55,445,0,0,183.83699999999999,0
5,56,453,0,0,183.43000000000001,0
5,57,461,0,0,184.941,0
5,58,469,0,0,192.84800000000001,0
5,59,477,0,0,189.56999999999999,0
5,60,485,0,0,198.46199999999999,0
5,61,493,0,0,173.197,0
5,62,501,0,0,183.096,0
5,63,509,0,0,193.542,0
5,64,517,0,0,185.91999999999999,0
5,65,525,0,0,152.167,0
5,66,533,0,0,159.38300000000001,0
5,67,541,0,0,184.03299999999999,0
5,68,549,0,0,142.672,0
5,69,557,0,0,161.04400000000001,0
5,70,565,0,0,173.089,0
5,71,573,0,0,175.125,0
5,72,581,0,0,177.04900000000001,0
5,73,589,0,0,202.517,0
5,74,597,0,0,195.83799999999999,0
5,75,605,0,0,163.49799999999999,0
5,76,613,0,0,173.16900000000001,0
5,77,621,0,0,131.36000000000001,0
5,78,629,0,0,172.50700000000001,0
5,79,637,0,0,185.38,0
5,80,645,0,0,199.88200000000001,0
5,81,653,0,0,158.364,0
5,82,661,0,0,172.31899999999999,0
5,83,669,0,0,140.91399999999999,0
5,84,677,0,0,150.548,0
5,85,685,0,0,170.76599999999999,0
5,86,693,0,0,188.43799999999999,0
5,87,701,0,0,188.41,0
5,88,709,0,0,163.99199999999999,0
5,89,717,0,0,183.12899999999999,0
5,90,725,0,0,189.03700000000001,0
5,91,733,0,0,128.95500000000001,0
5,92,741,0,0,145.69499999999999,0
5,93,749,0,0,179.61099999999999,0
5,94,757,0,0,154.31299999999999,0
5,95,765,0,0,184.85300000000001,0
5,96,773,0,0,180.297,0
5,97,781,0,0,146.22399999999999,0
5,98,789,0,0,158.541,0
5,99,797,0,0,202.80799999999999,0
5,100,805,0,0,126.45099999999999,0
5,101,813,0,0,196.40700000000001,0
5,102,821,0,0,152.34700000000001,0
5,103,829,0,0,167.083,0
5,104,837,0,0,114.128,0
5,105,845,0,0,197.28899999999999,0
5,106,853,0,0,185.07599999999999,0
5,107,861,0,0,174.80699999999999,0
5,108,869,0,0,165.61000000000001,0
5,109,877,0,0,164.89099999999999,0
5,110,885,0,0,152.108,0
5,111,893,0,0,171.74799999999999,0
5,112,901,0,0,211.79900000000001,0
5,113,909,0,0,184.37799999999999,0
5,114,917,0,0,168.65600000000001,0
5,115,925,0,0,182.96299999999999,0
5,116,933,0,0,181.809,0
5,117,941,0,0,149.72200000000001,0
5,118,949,0,0,181.49000000000001,0
5,119,957,0,0,175.89400000000001,0
5,120,965,0,0,175.566,0
5,121,973,0,0,158.971,0
5,122,981,0,0,186.173,0
5,123,989,0,0,157.31700000000001,0
5,124,997,0,0,184.363,0
5,125,1005,0,0,194.434,0
5,126,1013,0,0,172.80199999999999,0
5,127,1021,0,0,143.179,0
5,128,1029,0,0,191.06100000000001,0
5,129,1037,0,0,172.024,0
5,130,1045,0,0,156.66900000000001,0
5,131,1053,0,0,196.78200000000001,0
5,132,1061,0,0,147.68899999999999,0
5,133,1069,0,0,171.15700000000001,0
5,134,1077,0,0,194.22800000000001,0
5,135,1085,0,0,157.322,0
5,136,1093,0,0,185.86699999999999,0
5,137,1101,0,0,188.93299999999999,0
5,138,1109,0,0,153.84999999999999,0
5,139,1117,0,0,178.24199999999999,0
5,140,1125,0,0,216.76499999999999,0
5,141,1133,0,0,197.91,0
5,142,1141,0,0,194.184,0
5,143,1149,0,0,176.30199999999999,0
5,144,1157,0,0,191.64400000000001,0
5,145,1165,0,0,191.023,0
5,146,1173,0,0,178.98400000000001,0
5,147,1181,0,0,172.096,0
5,148,1189,0,0,178.53999999999999,0
5,149,1197,0,0,165.27099999999999,0
5,150,1205,0,0,177.59299999999999,0
5,151,1213,0,0,155.387,0
5,152,1221,0,0,164.68100000000001,0
5,153,1229,0,0,190.761,0
5,154,1237,0,0,172.899,0
5,155,1245,0,0,187.37799999999999,0
5,156,1253,0,0,196.06700000000001,0
5,157,1261,0,0,160.227,0
5,158,1269,0,0,180.654,0
5,159,1277,0,0,193.328,0
5,160,1285,0,0,149.49799999999999,0
5,161,1293,0,0,181.55600000000001,0
5,162,1301,0,0,154.553,0
5,163,1309,0,0,180.41800000000001,0
5,164,1317,0,0,205.25299999999999,0
5,165,1325,0,0,170.51300000000001,0
5,166,1333,0,0,166.75800000000001,0
5,167,1341,0,0,179.095,0
5,168,1349,0,0,135.357,0
5,169,1357,0,0,184.30000000000001,0
5,170,1365,0,0,174.452,0
5,171,1373,0,0,187.65199999999999,0
5,172,1381,0,0,174.09100000000001,0
5,173,1389,0,0,171.43100000000001,0
5,174,1397,0,0,176.59,0
5,175,1405,0,0,185.78200000000001,0
5,176,1413,0,0,235.53700000000001,0
5,177,1421,0,0,113.28700000000001,0
5,178,1429,0,0,191.47399999999999,0
5,179,1437,0,0,158.08500000000001,0
5,180,1445,0,0,157.928,0
5,181,1453,0,0,176.161,0
5,182,1461,0,0,146.63499999999999,0
5,183,1469,0,0,148.36199999999999,0
5,184,1477,0,0,172.977,0
5,185,1485,0,0,175.40799999999999,0
5,186,1493,0,0,173.203,0
5,187,1501,0,0,175.72200000000001,0
5,188,1509,0,0,191.36199999999999,0
5,189,1517,0,0,201.69800000000001,0
5,190,1525,0,0,200.56299999999999,0
5,191,1533,0,0,144.14500000000001,0
5,192,1541,0,0,156.70099999999999,0
5,193,1549,0,0,120.40300000000001,0
5,194,1557,0,0,192.32300000000001,0
5,195,1565,0,0,196.57599999999999,0
5,196,1573,0,0,161.02000000000001,0
5,197,1581,0,0,194.494,0
5,198,1589,0,0,177.245,0
5,199,1597,0,0,179.34399999999999,0
5,200,1605,0,0,187.518,0
5,201,1613,0,0,163.77000000000001,0
5,202,1621,0,0,162.46000000000001,0
5,203,1629,0,0,191.96100000000001,0
5,204,1637,0,0,186.352,0
5,205,1645,0,0,181.477,0
5,206,1653,0,0,190.523,0
5,207,1661,0,0,188.267,0
5,208,1669,0,0,181.27600000000001,0
5,209,1677,0,0,181.52199999999999,0
5,210,1685,0,0,157.42699999999999,0
5,211,1693,0,0,191.214,0
5,212,1701,0,0,141.339,0
5,213,1709,0,0,176.249,0
5,214,1717,0,0,183.488,0
5,215,1725,0,0,177.12899999999999,0
5,216,1733,0,0,161.24199999999999,0
5,217,1741,0,0,187.06200000000001,0
5,218,1749,0,0,135.327,0
5,219,1757,0,0,201.58500000000001,0
5,220,1765,0,0,183.048,0
5,221,1773,0,0,150.69300000000001,0
5,222,1781,0,0,176.78399999999999,0
5,223,1789,0,0,167.96100000000001,0
5,224,1797,0,0,194.11000000000001,0
5,225,1805,0,0,185.07300000000001,0
5,226,1813,0,0,192.316,0
5,227,1821,0,0,127.878,0
5,228,1829,0,0,184.125,0
5,229,1837,0,0,170.09399999999999,0
5,230,1845,0,0,116.07299999999999,0
5,231,1853,0,0,142.244,0
5,232,1861,0,0,153.21000000000001,0
5,233,1869,0,0,180.56899999999999,0
5,234,1877,0,0,158.45099999999999,0
5,235,1885,0,0,170.35300000000001,0
5,236,1893,0,0,145.422,0
5,237,1901,0,0,112.392,0
5,238,1909,0,0,182.15100000000001,0
5,239,1917,0,0,167.13499999999999,0
5,240,1925,0,0,170.994,0
5,241,1933,0,0,184.58600000000001,0
5,242,1941,0,0,210.91200000000001,0
5,243,1949,0,0,161.953,0
5,244,1957,0,0,174.92599999999999,0
5,245,1965,0,0,191.761,0
5,246,1973,0,0,131.94300000000001,0
5,247,1981,0,0,180.34800000000001,0
5,248,1989,0,0,176.87,0
5,249,1997,0,0,219.46100000000001,0
5,250,2005,0,0,167.87299999999999,0
5,251,2013,0,0,143.136,0
5,252,2021,0,0,162.298,0
5,253,2029,0,0,159.04300000000001,0
5,254,2037,0,0,187.964,0
5,255,2045,0,0,161.101,0
5,256,2053,0,0,189.744,0
5,257,2061,0,0,179.01300000000001,0
5,258,2069,0,0,226.49700000000001,0
5,259,2077,0,0,204.41999999999999,0
5,260,2085,0,0,190.297,0
5,261,2093,0,0,176.83000000000001,0
5,262,2101,0,0,177.791,0
5,263,2109,0,0,174.34899999999999,0
5,264,2117,0,0,179.09899999999999,0
5,265,2125,0,0,188.30500000000001,0
5,266,2133,0,0,179.941,0
5,267,2141,0,0,184.113,0
5,268,2149,0,0,191.64599999999999,0
5,269,2157,0,0,180.30600000000001,0
5,270,2165,0,0,188.02600000000001,0
5,271,2173,0,0,142.23599999999999,0
5,272,2181,0,0,147.07599999999999,0
5,273,2189,0,0,161.43899999999999,0
5,274,2197,0,0,174.42599999999999,0
5,275,2205,0,0,199.35900000000001,0
5,276,2213,0,0,189.50700000000001,0
5,277,2221,0,0,172.45500000000001,0
5,278,2229,0,0,196.07599999999999,0
5,279,2237,0,0,190.15100000000001,0
5,280,2245,0,0,204.416,0
5,281,2253,0,0,132.38499999999999,0
5,282,2261,0,0,177.93299999999999,0
5,283,2269,0,0,160.983,0
5,284,2277,0,0,195.32599999999999,0
5,285,2285,0,0,190.36500000000001,0
5,286,2293,0,0,181.17599999999999,0
5,287,2301,0,0,182.36199999999999,0
5,288,2309,0,0,164.33799999999999,0
5,289,2317,0,0,182.38300000000001,0
5,290,2325,0,0,177.59,0
5,291,2333,0,0,166.18700000000001,0
5,292,2341,0,0,185.63999999999999,0
5,293,2349,0,0,172.17599999999999,0
5,294,2357,0,0,178.52099999999999,0
5,295,2365,0,0,187.10499999999999,0
5,296,2373,0,0,170.00999999999999,0
5,297,2381,0,0,137.648,0
5,298,2389,0,0,199.56700000000001,0
5,299,2397,0,0,182.72999999999999,0
5,300,2405,0,0,182.547,0
5,301,2413,0,0,180.21199999999999,0
5,302,2421,0,0,128.173,0
5,303,2429,0,0,178.482,0
5,304,2437,0,0,205.964,0
5,305,2445,0,0,173.82900000000001,0
5,306,2453,0,0,171.69999999999999,0
5,307,2461,0,0,151.709,0
5,308,2469,0,0,195.37899999999999,0
5,309,2477,0,0,191.06100000000001,0
5,310,2485,0,0,135.422,0
5,311,2493,0,0,176.87,0
5,312,2501,0,0,170.90600000000001,0
5,313,2509,0,0,172.33099999999999,0
5,314,2517,0,0,157.02000000000001,0
5,315,2525,0,0,134.553,0
5,316,2533,0,0,143.33500000000001,0
5,317,2541,0,0,170.61199999999999,0
5,318,2549,0,0,158.108,0
5,319,2557,0,0,163.501,0
5,320,2565,0,0,175.38399999999999,0
5,321,2573,0,0,155.422,0
5,322,2581,0,0,162.459,0
5,323,2589,0,0,178.75800000000001,0
5,324,2597,0,0,158.34899999999999,0
5,325,2605,0,0,183.24600000000001,0
5,326,2613,0,0,174.58000000000001,0
5,327,2621,0,0,185.94200000000001,0
5,328,2629,0,0,128.26599999999999,0
5,329,2637,0,0,193.35599999999999,0
5,330,2645,0,0,180.72,0
5,331,2653,0,0,180.02600000000001,0
5,332,2661,0,0,182.55099999999999,0
5,333,2669,0,0,152.423,0
5,334,2677,0,0,201.16900000000001,0
5,335,2685,0,0,155.70599999999999,0
5,336,2693,0,0,164.08000000000001,0
5,337,2701,0,0,176.126,0
5,338,2709,0,0,137.376,0
5,339,2717,0,0,187.786,0
5,340,2725,0,0,186.97399999999999,0
5,341,2733,0,0,172.27099999999999,0
5,342,2741,0,0,168.05199999999999,0
5,343,2749,0,0,157.53999999999999,0
5,344,2757,0,0,163.64699999999999,0
5,345,2765,0,0,155.44,0
5,346,2773,0,0,145.85599999999999,0
5,347,2781,0,0,199.755,0
5,348,2789,0,0,185.172,0
5,349,2797,0,0,226.006,0
5,350,2805,0,0,195.31999999999999,0
5,351,2813,0,0,166.697,0
5,352,2821,0,0,179.661,0
5,353,2829,0,0,167.572,0
5,354,2837,0,0,109.259,0
5,355,2845,0,0,145.88399999999999,0
5,356,2853,0,0,173.93899999999999,0
5,357,2861,0,0,130.673,0
5,358,2869,0,0,200.53399999999999,0
5,359,2877,0,0,177.93299999999999,0
5,360,2885,0,0,134.88300000000001,0
5,361,2893,0,0,171.74000000000001,0
5,362,2901,0,0,186.79300000000001,0
5,363,2909,0,0,161.73400000000001,0
5,364,2917,0,0,183.714,0
5,365,2925,0,0,200.27600000000001,0
5,366,2933,0,0,169.14099999999999,0
5,367,2941,0,0,180.465,0
5,368,2949,0,0,200.03999999999999,0
5,369,2957,0,0,135.81700000000001,0
5,370,2965,0,0,172.83000000000001,0
5,371,2973,0,0,124.607,0
5,372,2981,0,0,189.15199999999999,0
5,373,2989,0,0,172.89400000000001,0
5,374,2997,0,0,156.124,0
5,375,3005,0,0,153.16499999999999,0
5,376,3013,0,0,195.72800000000001,0
5,377,3021,0,0,125.023,0
5,378,3029,0,0,170.376,0
5,379,3037,0,0,153.983,0
5,380,3045,0,0,183.99600000000001,0
5,381,3053,0,0,188.97200000000001,0
5,382,3061,0,0,188.66900000000001,0
5,383,3069,0,0,177.125,0
5,384,3077,0,0,149.09299999999999,0
5,385,3085,0,0,192.29499999999999,0
5,386,3093,0,0,170.84399999999999,0
5,387,3101,0,0,157.98400000000001,0
5,388,3109,0,0,190.73699999999999,0
5,389,3117,0,0,175.452,0
5,390,3125,0,0,155.25399999999999,0
5,391,3133,0,0,166.87299999999999,0
5,392,3141,0,0,190.90799999999999,0
5,393,3149,0,0,157.071,0
5,394,3157,0,0,128.53,0
5,395,3165,0,0,138.12,0
5,396,3173,0,0,180.61099999999999,0
5,397,3181,0,0,178.17500000000001,0
5,398,3189,0,0,134.03800000000001,0
5,399,3197,0,0,167.41200000000001,0
5,400,3205,0,0,139.35599999999999,0
5,401,3213,0,0,156.054,0
5,402,3221,0,0,178.10300000000001,0
5,403,3229,0,0,195.124,0
5,404,3237,0,0,176.58099999999999,0
5,405,3245,0,0,176.21700000000001,0
5,406,3253,0,0,150.012,0
5,407,3261,0,0,166.72800000000001,0
5,408,3269,0,0,179.22300000000001,0
5,409,3277,0,0,177.971,0
5,410,3285,0,0,200.988,0
5,411,3293,0,0,131.786,0
5,412,3301,0,0,178.029,0
5,413,3309,0,0,200.80699999999999,0
5,414,3317,0,0,131.40899999999999,0
5,415,3325,0,0,190.477,0
5,416,3333,0,0,136.01400000000001,0
5,417,3341,0,0,175.49199999999999,0
5,418,3349,0,0,212.60599999999999,0
5,419,3357,0,0,171.815,0
5,420,3365,0,0,162.077,0
5,421,3373,0,0,154.91399999999999,0
5,422,3381,0,0,168.66300000000001,0
5,423,3389,0,0,166.89599999999999,0
5,424,3397,0,0,142.44,0
5,425,3405,0,0,159.61699999999999,0
5,426,3413,0,0,164.91800000000001,0
5,427,3421,0,0,193.126,0
5,428,3429,0,0,152.101,0
5,429,3437,0,0,182.55000000000001,0
5,430,3445,0,0,152.298,0
5,431,3453,0,0,122.821,0
5,432,3461,0,0,169.881,0
5,433,3469,0,0,188.66200000000001,0
5,434,3477,0,0,192.762,0
5,435,3485,0,0,165.905,0
5,436,3493,0,0,137.62,0
5,437,3501,0,0,200.12700000000001,0
5,438,3509,0,0,171.67699999999999,0
5,439,3517,0,0,199.63200000000001,0
5,440,3525,0,0,180.97499999999999,0
5,441,3533,0,0,174.03700000000001,0
5,442,3541,0,0,192.69200000000001,0
5,443,3549,0,0,154.596,0
5,444,3557,0,0,124.877,0
5,445,3565,0,0,130.745,0
5,446,3573,0,0,188.75200000000001,0
5,447,3581,0,0,171.59299999999999,0
5,448,3589,0,0,191.626,0
5,449,3597,0,0,168.88399999999999,0
5,450,3605,0,0,219.965,0
5,451,3613,0,0,176.13300000000001,0
5,452,3621,0,0,170.19300000000001,0
5,453,3629,0,0,175.416,0
5,454,3637,0,0,168.17599999999999,0
5,455,3645,0,0,167.721,0
5,456,3653,0,0,170.73699999999999,0
5,457,3661,0,0,167.59700000000001,0
5,458,3669,0,0,129.36000000000001,0
5,459,3677,0,0,201.99799999999999,0
5,460,3685,0,0,198.12799999999999,0
5,461,3693,0,0,132.755,0
5,462,3701,0,0,167.40199999999999,0
5,463,3709,0,0,194.97800000000001,0
5,464,3717,0,0,184.489,0
5,465,3725,0,0,146.08600000000001,0
5,466,3733,0,0,205.97999999999999,0
5,467,3741,0,0,172.958,0
5,468,3749,0,0,184.35499999999999,0
5,469,3757,0,0,175.066,0
5,470,3765,0,0,181.88,0
5,471,3773,0,0,182.40100000000001,0
5,472,3781,0,0,146.47,0
5,473,3789,0,0,179.17500000000001,0
5,474,3797,0,0,178.315,0
5,475,3805,0,0,185.16300000000001,0
5,476,3813,0,0,187.97499999999999,0
5,477,3821,0,0,179.268,0
5,478,3829,0,0,208.39699999999999,0
5,479,3837,0,0,186.07499999999999,0
5,480,3845,0,0,166.196,0
5,481,3853,0,0,155.13200000000001,0
5,482,3861,0,0,173.959,0
5,483,3869,0,0,173.90799999999999,0
5,484,3877,0,0,180.94300000000001,0
5,485,3885,0,0,188.376,0
5,486,3893,0,0,210.45599999999999,0
5,487,3901,0,0,159.41399999999999,0
5,488,3909,0,0,183.97300000000001,0
5,489,3917,0,0,182.922,0
5,490,3925,0,0,187.16499999999999,0
5,491,3933,0,0,185.97,0
5,492,3941,0,0,166.565,0
5,493,3949,0,0,154.78,0
5,494,3957,0,0,162.16,0
5,495,3965,0,0,186.62899999999999,0
5,496,3973,0,0,156.392,0
5,497,3981,0,0,171.21199999999999,0
5,498,3989,0,0,191.09299999999999,0
5,499,3997,0,0,191.85900000000001,0
5,500,4005,0,0,141.554,0
5,501,4013,0,0,162.07599999999999,0
5,502,4021,0,0,175.82499999999999,0
5,503,4029,0,0,161.77600000000001,0
5,504,4037,0,0,160.31299999999999,0
5,505,4045,0,0,177.71100000000001,0
5,506,4053,0,0,191.023,0
5,507,4061,0,0,169.81800000000001,0
5,508,4069,0,0,186.57599999999999,0
5,509,4077,0,0,176.87799999999999,0
5,510,4085,0,0,189.691,0
5,511,4093,0,0,182.876,0
5,512,4101,0,0,176.81100000000001,0
5,513,4109,0,0,173.52500000000001,0
5,514,4117,0,0,180.43700000000001,0
5,515,4125,0,0,176.33699999999999,0
5,516,4133,0,0,190.29900000000001,0
5,517,4141,0,0,169.84700000000001,0
5,518,4149,0,0,138.624,0
5,519,4157,0,0,189.60599999999999,0
5,520,4165,0,0,182.44999999999999,0
5,521,4173,0,0,183.87200000000001,0
5,522,4181,0,0,161.55099999999999,0
5,523,4189,0,0,172.66999999999999,0
5,524,4197,0,0,171.86699999999999,0
5,525,4205,0,0,176.68799999999999,0
5,526,4213,0,0,211.32300000000001,0
5,527,4221,0,0,172.38800000000001,0
5,528,4229,0,0,169.22900000000001,0
5,529,4237,0,0,181.523,0
5,530,4245,0,0,199.346,0
5,531,4253,0,0,162.07499999999999,0
5,532,4261,0,0,195.959,0
5,533,4269,0,0,144.24199999999999,0
5,534,4277,0,0,161.20699999999999,0
5,535,4285,0,0,158.61600000000001,0
5,536,4293,0,0,176.47499999999999,0
5,537,4301,0,0,175.44200000000001,0
5,538,4309,0,0,125.01000000000001,0
5,539,4317,0,0,198.70500000000001,0
5,540,4325,0,0,179.66300000000001,0
5,541,4333,0,0,169.215,0
5,542,4341,0,0,165.92699999999999,0
5,543,4349,0,0,186.62200000000001,0
5,544,4357,0,0,174.13200000000001,0
5,545,4365,0,0,168.33799999999999,0
5,546,4373,0,0,176.93000000000001,0
5,547,4381,0,0,125.252,0
5,548,4389,0,0,161.65000000000001,0
5,549,4397,0,0,200.363,0
5,550,4405,0,0,177.47200000000001,0
5,551,4413,0,0,189.00999999999999,0
5,552,4421,0,0,160.916,0
5,553,4429,0,0,175.10300000000001,0
5,554,4437,0,0,176.41499999999999,0
5,555,4445,0,0,131.84700000000001,0
5,556,4453,0,0,167.02099999999999,0
5,557,4461,0,0,138.28399999999999,0
5,558,4469,0,0,206.81800000000001,0
5,559,4477,0,0,174.78200000000001,0
5,560,4485,0,0,192.86199999999999,0
5,561,4493,0,0,185.97900000000001,0
5,562,4501,0,0,190.01400000000001,0
5,563,4509,0,0,187.17699999999999,0
5,564,4517,0,0,149.96100000000001,0
5,565,4525,0,0,177.321,0
5,566,4533,0,0,174.64400000000001,0
5,567,4541,0,0,175.96899999999999,0
5,568,4549,0,0,177.357,0
5,569,4557,0,0,166.73500000000001,0
5,570,4565,0,0,149.172,0
5,571,4573,0,0,156.036,0
5,572,4581,0,0,150.84899999999999,0
5,573,4589,0,0,179.18199999999999,0
5,574,4597,0,0,177.58199999999999,0
5,575,4605,0,0,199.31100000000001,0
5,576,4613,0,0,189.524,0
5,577,4621,0,0,193.86099999999999,0
5,578,4629,0,0,181.26300000000001,0
5,579,4637,0,0,125.68899999999999,0
5,580,4645,0,0,186.37899999999999,0
5,581,4653,0,0,162.46899999999999,0
5,582,4661,0,0,168.48699999999999,0
5,583,4669,0,0,174.11099999999999,0
5,584,4677,0,0,188.26599999999999,0
5,585,4685,0,0,190.702,0
5,586,4693,0,0,192.952,0
5,587,4701,0,0,169.22800000000001,0
5,588,4709,0,0,184.786,0
5,589,4717,0,0,175.096,0
5,590,4725,0,0,170.90199999999999,0
5,591,4733,0,0,169.38300000000001,0
5,592,4741,0,0,135.94900000000001,0
5,593,4749,0,0,170.79499999999999,0
5,594,4757,0,0,172.12899999999999,0
5,595,4765,0,0,157.82599999999999,0
5,596,4773,0,0,196.333,0
5,597,4781,0,0,178.577,0
5,598,4789,0,0,184.07499999999999,0
5,599,4797,0,0,194.52500000000001,0
5,600,4805,0,0,140.24000000000001,0
5,601,4813,0,0,168.852,0
5,602,4821,0,0,146.68700000000001,0
5,603,4829,0,0,204.36799999999999,0
5,604,4837,0,0,169.84999999999999,0
5,605,4845,0,0,195.32900000000001,0
5,606,4853,0,0,168.81399999999999,0
5,607,4861,0,0,163.596,0
5,608,4869,0,0,160.916,0
5,609,4877,0,0,171.661,0
5,610,4885,0,0,178.267,0
5,611,4893,0,0,182.48599999999999,0
5,612,4901,0,0,162.67500000000001,0
5,613,4909,0,0,171.40100000000001,0
5,614,4917,0,0,156.142,0
5,615,4925,0,0,190.45099999999999,0
5,616,4933,0,0,146.31899999999999,0
5,617,4941,0,0,185.81100000000001,0
5,618,4949,0,0,154.696,0
5,619,4957,0,0,196.99799999999999,0
5,620,4965,0,0,171.37200000000001,0
5,621,4973,0,0,169.55199999999999,0
5,622,4981,0,0,159.95699999999999,0
5,623,4989,0,0,192.37200000000001,0
5,624,4997,0,0,158.61600000000001,0
5,625,5005,0,0,178.12200000000001,0
5,626,5013,0,0,203.029,0
5,627,5021,0,0,182.25800000000001,0
5,628,5029,0,0,198.27799999999999,0
5,629,5037,0,0,177.113,0
5,630,5045,0,0,188.99100000000001,0
5,631,5053,0,0,219.47399999999999,0
5,632,5061,0,0,189.05799999999999,0
5,633,5069,0,0,160.36799999999999,0
5,634,5077,0,0,133.779,0
5,635,5085,0,0,169.66300000000001,0
5,636,5093,0,0,206.90100000000001,0
5,637,5101,0,0,174.22200000000001,0
5,638,5109,0,0,172.13300000000001,0
5,639,5117,0,0,190.83799999999999,0
5,640,5125,0,0,156.495,0
5,641,5133,0,0,166.69999999999999,0
5,642,5141,0,0,164.46299999999999,0
5,643,5149,0,0,186.41,0
5,644,5157,0,0,160.92400000000001,0
5,645,5165,0,0,137.613,0
5,646,5173,0,0,187.77699999999999,0
5,647,5181,0,0,182.17099999999999,0
5,648,5189,0,0,185.33799999999999,0
5,649,5197,0,0,160.36000000000001,0
5,650,5205,0,0,200.352,0
5,651,5213,0,0,181.04499999999999,0
5,652,5221,0,0,177.41200000000001,0
5,653,5229,0,0,199.27799999999999,0
5,654,5237,0,0,189.40799999999999,0
5,655,5245,0,0,180.84700000000001,0
5,656,5253,0,0,140.53,0
5,657,5261,0,0,195.93100000000001,0
5,658,5269,0,0,182.422,0
5,659,5277,0,0,139.24600000000001,0
5,660,5285,0,0,189.131,0
5,661,5293,0,0,190.52099999999999,0
5,662,5301,0,0,184.482,0
5,663,5309,0,0,136.36799999999999,0
5,664,5317,0,0,191.846,0
5,665,5325,0,0,189.66,0
5,666,5333,0,0,167.56399999999999,0
5,667,5341,0,0,205.227,0
5,668,5349,0,0,182.99199999999999,0
5,669,5357,0,0,157.41900000000001,0
5,670,5365,0,0,128.42099999999999,0
5,671,5373,0,0,174.74299999999999,0
5,672,5381,0,0,167.27199999999999,0
5,673,5389,0,0,168.49799999999999,0
5,674,5397,0,0,145.345,0
5,675,5405,0,0,151.12200000000001,0
5,676,5413,0,0,183.804,0
5,677,5421,0,0,116.922,0
5,678,5429,0,0,177.91200000000001,0
5,679,5437,0,0,191.36600000000001,0
5,680,5445,0,0,161.75399999999999,0
5,681,5453,0,0,164.209,0
5,682,5461,0,0,193.59800000000001,0
5,683,5469,0,0,165.99199999999999,0
5,684,5477,0,0,175.36799999999999,0
5,685,5485,0,0,172.91200000000001,0
5,686,5493,0,0,212.54599999999999,0
5,687,5501,0,0,190.935,0
5,688,5509,0,0,129.71000000000001,0
5,689,5517,0,0,171.27600000000001,0
5,690,5525,0,0,136.30500000000001,0
5,691,5533,0,0,192.39500000000001,0
5,692,5541,0,0,156.417,0
5,693,5549,0,0,175.99100000000001,0
5,694,5557,0,0,176.803,0
5,695,5565,0,0,185.26300000000001,0
5,696,5573,0,0,171.82900000000001,0
5,697,5581,0,0,155.685,0
5,698,5589,0,0,192.018,0
5,699,5597,0,0,171.88499999999999,0
5,700,5605,0,0,167.43100000000001,0
5,701,5613,0,0,171.46100000000001,0
5,702,5621,0,0,184.42599999999999,0
5,703,5629,0,0,190.34700000000001,0
5,704,5637,0,0,177.68700000000001,0
5,705,5645,0,0,206.714,0
5,706,5653,0,0,169.43700000000001,0
5,707,5661,0,0,134.19,0
5,708,5669,0,0,184.822,0
5,709,5677,0,0,165.83699999999999,0
5,710,5685,0,0,197.221,0
5,711,5693,0,0,188.48699999999999,0
5,712,5701,0,0,136.18700000000001,0
5,713,5709,0,0,129.249,0
5,714,5717,0,0,176.477,0
5,715,5725,0,0,189.56200000000001,0
5,716,5733,0,0,157.006,0
5,717,5741,0,0,205.31700000000001,0
5,718,5749,0,0,175.86000000000001,0
5,719,5757,0,0,150.84399999999999,0
5,720,5765,0,0,181.81200000000001,0
5,721,5773,0,0,163.30699999999999,0
5,722,5781,0,0,167.03200000000001,0
5,723,5789,0,0,184.827,0
5,724,5797,0,0,174.65000000000001,0
5,725,5805,0,0,178.24199999999999,0
5,726,5813,0,0,192.48699999999999,0
5,727,5821,0,0,195.46199999999999,0
5,728,5829,0,0,176.58799999999999,0
5,729,5837,0,0,177.36099999999999,0
5,730,5845,0,0,206.02799999999999,0
5,731,5853,0,0,124.176,0
5,732,5861,0,0,180.55600000000001,0
5,733,5869,0,0,179.738,0
5,734,5877,0,0,150.86600000000001,0
5,735,5885,0,0,188.04900000000001,0
5,736,5893,0,0,191.13,0
5,737,5901,0,0,160.83699999999999,0
5,738,5909,0,0,150.595,0
5,739,5917,0,0,213.863,0
5,740,5925,0,0,118.221,0
5,741,5933,0,0,165.07900000000001,0
5,742,5941,0,0,132.45400000000001,0
5,743,5949,0,0,178.65000000000001,0
5,744,5957,0,0,170.81700000000001,0
5,745,5965,0,0,210.613,0
5,746,5973,0,0,179.09800000000001,0
5,747,5981,0,0,209.161,0
5,748,5989,0,0,189.28899999999999,0
5,749,5997,0,0,178.67599999999999,0
5,750,6005,0,0,179.73599999999999,0
5,751,6013,0,0,160.511,0
5,752,6021,0,0,207.934,0
5,753,6029,0,0,164.37799999999999,0
5,754,6037,0,0,133.09100000000001,0
5,755,6045,0,0,162.17500000000001,0
5,756,6053,0,0,190.80699999999999,0
5,757,6061,0,0,206.143,0
5,758,6069,0,0,159.45099999999999,0
5,759,6077,0,0,188.53999999999999,0
5,760,6085,0,0,195.70099999999999,0
5,761,6093,0,0,175.56399999999999,0
5,762,6101,0,0,200.40000000000001,0
5,763,6109,0,0,171.41300000000001,0
5,764,6117,0,0,174.119,0
5,765,6125,0,0,185.965,0
5,766,6133,0,0,191.40299999999999,0
5,767,6141,0,0,184.17500000000001,0
5,768,6149,0,0,210.345,0
5,769,6157,0,0,206.34800000000001,0
5,770,6165,0,0,169.142,0
5,771,6173,0,0,140.64400000000001,0
5,772,6181,0,0,191.44,0
5,773,6189,0,0,181.11099999999999,0
5,774,6197,0,0,195.54900000000001,0
5,775,6205,0,0,189.67699999999999,0
5,776,6213,0,0,179.048,0
5,777,6221,0,0,184.25399999999999,0
5,778,6229,0,0,188.65700000000001,0
5,779,6237,0,0,185.66399999999999,0
5,780,6245,0,0,197.29499999999999,0
5,781,6253,0,0,166.95599999999999,0
5,782,6261,0,0,192.03700000000001,0
5,783,6269,0,0,189.839,0
5,784,6277,0,0,171.34100000000001,0
5,785,6285,0,0,153.17500000000001,0
5,786,6293,0,0,177.21899999999999,0
5,787,6301,0,0,191.624,0
5,788,6309,0,0,187.411,0
5,789,6317,0,0,187.17400000000001,0
5,790,6325,0,0,184.452,0
5,791,6333,0,0,178.733,0
5,792,6341,0,0,159.447,0
5,793,6349,0,0,165.64599999999999,0
5,794,6357,0,0,204.27600000000001,0
5,795,6365,0,0,167.61199999999999,0
5,796,6373,0,0,179.154,0
5,797,6381,0,0,154.947,0
5,798,6389,0,0,183.268,0
5,799,6397,0,0,144.648,0
5,800,6405,0,0,180.22499999999999,0
5,801,6413,0,0,177.68100000000001,0
5,802,6421,0,0,178.23500000000001,0
5,803,6429,0,0,182.67500000000001,0
5,804,6437,0,0,165.53999999999999,0
5,805,6445,0,0,122.72199999999999,0
5,806,6453,0,0,198.87100000000001,0
5,807,6461,0,0,189.41800000000001,0
5,808,6469,0,0,181.066,0
5,809,6477,0,0,130.423,0
5,810,6485,0,0,148.565,0
5,811,6493,0,0,172.73500000000001,0
5,812,6501,0,0,150.41999999999999,0
5,813,6509,0,0,172.25999999999999,0
5,814,6517,0,0,142.60599999999999,0
5,815,6525,0,0,170.34800000000001,0
5,816,6533,0,0,171.488,0
5,817,6541,0,0,182.49799999999999,0
5,818,6549,0,0,166.04300000000001,0
5,819,6557,0,0,134.22499999999999,0
5,820,6565,0,0,178.98099999999999,0
5,821,6573,0,0,165.97300000000001,0
5,822,6581,0,0,166.79300000000001,0
5,823,6589,0,0,189.578,0
5,824,6597,0,0,164.13900000000001,0
5,825,6605,0,0,184.06700000000001,0
5,826,6613,0,0,193.47800000000001,0
5,827,6621,0,0,175.41,0
5,828,6629,0,0,148.60499999999999,0
5,829,6637,0,0,196.316,0
5,830,6645,0,0,167.71000000000001,0
5,831,6653,0,0,187.375,0
5,832,6661,0,0,171.62,0
5,833,6669,0,0,155.822,0
5,834,6677,0,0,169.55500000000001,0
5,835,6685,0,0,175.749,0
5,836,6693,0,0,160.84200000000001,0
5,837,6701,0,0,177.773,0
5,838,6709,0,0,147.946,0
5,839,6717,0,0,179.702,0
5,840,6725,0,0,156.58500000000001,0
5,841,6733,0,0,157.702,0
5,842,6741,0,0,218.49799999999999,0
5,843,6749,0,0,186.279,0
5,844,6757,0,0,168.501,0
5,845,6765,0,0,186.751,0
5,846,6773,0,0,158.56800000000001,0
5,847,6781,0,0,196.84299999999999,0
5,848,6789,0,0,159.35499999999999,0
5,849,6797,0,0,181.03999999999999,0
5,850,6805,0,0,187.91300000000001,0
5,851,6813,0,0,172.75999999999999,0
5,852,6821,0,0,153.63300000000001,0
5,853,6829,0,0,149.21299999999999,0
5,854,6837,0,0,180.017,0
5,855,6845,0,0,157.322,0
5,856,6853,0,0,181.99299999999999,0
5,857,6861,0,0,146.387,0
5,858,6869,0,0,191.209,0
5,859,6877,0,0,194.50999999999999,0
5,860,6885,0,0,151.363,0
5,861,6893,0,0,192.83699999999999,0
5,862,6901,0,0,202.07400000000001,0
5,863,6909,0,0,159.06899999999999,0
5,864,6917,0,0,183.37200000000001,0
5,865,6925,0,0,151.173,0
5,866,6933,0,0,194.61500000000001,0
5,867,6941,0,0,142.786,0
5,868,6949,0,0,185.458,0
5,869,6957,0,0,175.58099999999999,0
5,870,6965,0,0,164.208,0
5,871,6973,0,0,162.43000000000001,0
5,872,6981,0,0,196.119,0
5,873,6989,0,0,118.491,0
5,874,6997,0,0,184.422,0
5,875,7005,0,0,188.30199999999999,0
5,876,7013,0,0,155.011,0
5,877,7021,0,0,125.498,0
5,878,7029,0,0,180.24299999999999,0
5,879,7037,0,0,156.45099999999999,0
5,880,7045,0,0,149.607,0
5,881,7053,0,0,121.786,0
5,882,7061,0,0,168.06999999999999,0
5,883,7069,0,0,155.256,0
5,884,7077,0,0,192.755,0
5,885,7085,0,0,139.113,0
5,886,7093,0,0,179.66399999999999,0
5,887,7101,0,0,169.67599999999999,0
5,888,7109,0,0,174.89400000000001,0
5,889,7117,0,0,192.60900000000001,0
5,890,7125,0,0,173.37700000000001,0
5,891,7133,0,0,180.459,0
5,892,7141,0,0,187.81200000000001,0
5,893,7149,0,0,190.68600000000001,0
5,894,7157,0,0,168.833,0
5,895,7165,0,0,183.62799999999999,0
5,896,7173,0,0,130.488,0
5,897,7181,0,0,173.214,0
5,898,7189,0,0,200.57300000000001,0
5,899,7197,0,0,165.411,0
5,900,7205,0,0,186.46899999999999,0
5,901,7213,0,0,165.274,0
5,902,7221,0,0,171.626,0
5,903,7229,0,0,152.125,0
5,904,7237,0,0,188.65299999999999,0
5,905,7245,0,0,163.566,0
5,906,7253,0,0,166.79300000000001,0
5,907,7261,0,0,159.92099999999999,0
5,908,7269,0,0,145.834,0
5,909,7277,0,0,212.001,0
5,910,7285,0,0,203.905,0
5,911,7293,0,0,160.268,0
5,912,7301,0,0,190.399,0
5,913,7309,0,0,188.715,0
5,914,7317,0,0,168.74100000000001,0
5,915,7325,0,0,173.84299999999999,0
5,916,7333,0,0,173.00999999999999,0
5,917,7341,0,0,158.98599999999999,0
5,918,7349,0,0,178.43700000000001,0
5,919,7357,0,0,182.66300000000001,0
5,920,7365,0,0,193.51300000000001,0
5,921,7373,0,0,165.50899999999999,0
5,922,7381,0,0,188.65000000000001,0
5,923,7389,0,0,161.435,0
5,924,7397,0,0,177.602,0
5,925,7405,0,0,126.58199999999999,0
5,926,7413,0,0,192.55500000000001,0
5,927,7421,0,0,188.58600000000001,0
5,928,7429,0,0,201.499,0
5,929,7437,0,0,191.00800000000001,0
5,930,7445,0,0,160.321,0
5,931,7453,0,0,156.67699999999999,0
5,932,7461,0,0,169.58799999999999,0
5,933,7469,0,0,159.30600000000001,0
5,934,7477,0,0,178.036,0
5,935,7485,0,0,169.41200000000001,0
5,936,7493,0,0,189.071,0
5,937,7501,0,0,157.45599999999999,0
5,938,7509,0,0,183.709,0
5,939,7517,0,0,156.30199999999999,0
5,940,7525,0,0,193.18100000000001,0
5,941,7533,0,0,188.66300000000001,0
5,942,7541,0,0,185.13999999999999,0
5,943,7549,0,0,187.96100000000001,0
5,944,7557,0,0,176.55699999999999,0
5,945,7565,0,0,171.52500000000001,0
5,946,7573,0,0,205.30500000000001,0
5,947,7581,0,0,155.47200000000001,0
5,948,7589,0,0,177.273,0
5,949,7597,0,0,179.483,0
5,950,7605,0,0,154.40199999999999,0
5,951,7613,0,0,175.31,0
5,952,7621,0,0,185.255,0
5,953,7629,0,0,166.13499999999999,0
5,954,7637,0,0,212.86099999999999,0
5,955,7645,0,0,175.608,0
5,956,7653,0,0,184.54499999999999,0
5,957,7661,0,0,170.89599999999999,0
5,958,7669,0,0,188.084,0
5,959,7677,0,0,202.553,0
5,960,7685,0,0,193.107,0
5,961,7693,0,0,196.245,0
5,962,7701,0,0,203.36699999999999,0
5,963,7709,0,0,128.53299999999999,0
5,964,7717,0,0,205.375,0
5,965,7725,0,0,160.17400000000001,0
5,966,7733,0,0,123.117,0
5,967,7741,0,0,210.024,0
5,968,7749,0,0,209.261,0
5,969,7757,0,0,167.846,0
5,970,7765,0,0,187.232,0
5,971,7773,0,0,162.03700000000001,0
5,972,7781,0,0,176.38300000000001,0
5,973,7789,0,0,178.429,0
5,974,7797,0,0,180.435,0
5,975,7805,0,0,143.19200000000001,0
5,976,7813,0,0,187.697,0
5,977,7821,0,0,190.10900000000001,0
5,978,7829,0,0,164.196,0
5,979,7837,0,0,181.68100000000001,0
5,980,7845,0,0,195.16499999999999,0
5,981,7853,0,0,161.928,0
5,982,7861,0,0,188.971,0
5,983,7869,0,0,160.55199999999999,0
5,984,7877,0,0,148.55799999999999,0
5,985,7885,0,0,148.21199999999999,0
5,986,7893,0,0,136.17599999999999,0
5,987,7901,0,0,182.989,0
5,988,7909,0,0,168.761,0
5,989,7917,0,0,182.27799999999999,0
5,990,7925,0,0,162.93100000000001,0
5,991,7933,0,0,190.44300000000001,0
5,992,7941,0,0,193.73599999999999,0
5,993,7949,0,0,132.01300000000001,0
5,994,7957,0,0,132.09299999999999,0
5,995,7965,0,0,144.964,0
5,996,7973,0,0,189.85499999999999,0
5,997,7981,0,0,180.93600000000001,0
5,998,7989,0,0,172.57900000000001,0
5,999,7997,0,0,146.40199999999999,0
5,1000,8005,0,0,204.77199999999999,0
5,1001,8013,0,0,176.61500000000001,0
5,1002,8021,0,0,148.441,0
5,1003,8029,0,0,191.77199999999999,0
5,1004,8037,0,0,171.875,0
5,1005,8045,0,0,167.86099999999999,0
5,1006,8053,0,0,191.09899999999999,0
5,1007,8061,0,0,192.04300000000001,0
5,1008,8069,0,0,162.923,0
5,1009,8077,0,0,189.07400000000001,0
5,1010,8085,0,0,152.273,0
5,1011,8093,0,0,176.42400000000001,0
5,1012,8101,0,0,197.74199999999999,0
5,1013,8109,0,0,188.286,0
5,1014,8117,0,0,184.65799999999999,0
5,1015,8125,0,0,194.85900000000001,0
5,1016,8133,0,0,177.72499999999999,0
5,1017,8141,0,0,156.01900000000001,0
5,1018,8149,0,0,188.505,0
5,1019,8157,0,0,192.56100000000001,0
5,1020,8165,0,0,205.31899999999999,0
5,1021,8173,0,0,173.09299999999999,0
5,1022,8181,0,0,171.04900000000001,0
5,1023,8189,0,0,190.88,0
5,1024,8197,0,0,185.68299999999999,0
5,1025,8205,0,0,160.393,0
5,1026,8213,0,0,164.88800000000001,0
5,1027,8221,0,0,165.22399999999999,0
5,1028,8229,0,0,161.03700000000001,0
5,1029,8237,0,0,185.226,0
5,1030,8245,0,0,183.108,0
5,1031,8253,0,0,128.41900000000001,0
5,1032,8261,0,0,190.15100000000001,0
5,1033,8269,0,0,180.90199999999999,0
5,1034,8277,0,0,200.31800000000001,0
5,1035,8285,0,0,160.285,0
5,1036,8293,0,0,173.28899999999999,0
5,1037,8301,0,0,215.28899999999999,0
5,1038,8309,0,0,186.40799999999999,0
5,1039,8317,0,0,201.274,0
5,1040,8325,0,0,173.56700000000001,0
5,1041,8333,0,0,162.959,0
5,1042,8341,0,0,191.99299999999999,0
5,1043,8349,0,0,167.35900000000001,0
5,1044,8357,0,0,180.845,0
5,1045,8365,0,0,184.697,0
5,1046,8373,0,0,167.797,0
5,1047,8381,0,0,190.81800000000001,0
5,1048,8389,0,0,184.96299999999999,0
5,1049,8397,0,0,182.369,0
5,1050,8405,0,0,192.32599999999999,0
5,1051,8413,0,0,172.255,0
5,1052,8421,0,0,192.77099999999999,0
5,1053,8429,0,0,154.96199999999999,0
5,1054,8437,0,0,181.59899999999999,0
5,1055,8445,0,0,142.834,0
5,1056,8453,0,0,172.86000000000001,0
5,1057,8461,0,0,167.34299999999999,0
5,1058,8469,0,0,167.715,0
5,1059,8477,0,0,198.54499999999999,0
5,1060,8485,0,0,173.86600000000001,0
5,1061,8493,0,0,149.26400000000001,0
5,1062,8501,0,0,188.422,0
5,1063,8509,0,0,151.286,0
5,1064,8517,0,0,188.23099999999999,0
5,1065,8525,0,0,201.31100000000001,0
5,1066,8533,0,0,174.20400000000001,0
5,1067,8541,0,0,202.21199999999999,0
5,1068,8549,0,0,197.68299999999999,0
5,1069,8557,0,0,180.46299999999999,0
5,1070,8565,0,0,176.209,0
5,1071,8573,0,0,184.446,0
5,1072,8581,0,0,135.715,0
5,1073,8589,0,0,185.49100000000001,0
5,1074,8597,0,0,183.642,0
5,1075,8605,0,0,156.71299999999999,0
5,1076,8613,0,0,197.36199999999999,0
5,1077,8621,0,0,175.58199999999999,0
5,1078,8629,0,0,184.19,0
5,1079,8637,0,0,180.084,0
5,1080,8645,0,0,166.875,0
5,1081,8653,0,0,162.53,0
5,1082,8661,0,0,199.05000000000001,0
5,1083,8669,0,0,172.93700000000001,0
5,1084,8677,0,0,142.923,0
5,1085,8685,0,0,192.541,0
5,1086,8693,0,0,175.93199999999999,0
5,1087,8701,0,0,169.83699999999999,0
5,1088,8709,0,0,173.17400000000001,0
5,1089,8717,0,0,203.792,0
5,1090,8725,0,0,205.91,0
5,1091,8733,0,0,172.965,0
5,1092,8741,0,0,148.52699999999999,0
5,1093,8749,0,0,193.065,0
5,1094,8757,0,0,173.44999999999999,0
5,1095,8765,0,0,149.732,0
5,1096,8773,0,0,191.89699999999999,0
5,1097,8781,0,0,153.81299999999999,0
5,1098,8789,0,0,178.68600000000001,0
5,1099,8797,0,0,149.941,0
5,1100,8805,0,0,183.43899999999999,0
5,1101,8813,0,0,200.16900000000001,0
5,1102,8821,0,0,178.43899999999999,0
5,1103,8829,0,0,170.31100000000001,0
5,1104,8837,0,0,182.14400000000001,0
5,1105,8845,0,0,167.48500000000001,0
5,1106,8853,0,0,187.57400000000001,0
5,1107,8861,0,0,166.184,0
5,1108,8869,0,0,173.88999999999999,0
5,1109,8877,0,0,175.102,0
5,1110,8885,0,0,146.96000000000001,0
5,1111,8893,0,0,172.55500000000001,0
5,1112,8901,0,0,194.68899999999999,0
5,1113,8909,0,0,130.154,0
5,1114,8917,0,0,162.91999999999999,0
5,1115,8925,0,0,193.964,0
5,1116,8933,0,0,169.84200000000001,0
5,1117,8941,0,0,177.102,0
5,1118,8949,0,0,177.77600000000001,0
5,1119,8957,0,0,172.68100000000001,0
5,1120,8965,0,0,186.76900000000001,0
5,1121,8973,0,0,180.756,0
5,1122,8981,0,0,176.815,0
5,1123,8989,0,0,177.226,0
5,1124,8997,0,0,180.548,0
5,1125,9005,0,0,174.80600000000001,0
5,1126,9013,0,0,154.34299999999999,0
5,1127,9021,0,0,189.54900000000001,0
5,1128,9029,0,0,189.774,0
5,1129,9037,0,0,160.43700000000001,0
5,1130,9045,0,0,194.333,0
5,1131,9053,0,0,164.387,0
5,1132,9061,0,0,182.05500000000001,0
5,1133,9069,0,0,177.369,0
5,1134,9077,0,0,161.387,0
5,1135,9085,0,0,136.34999999999999,0
5,1136,9093,0,0,182.989,0
5,1137,9101,0,0,186.48400000000001,0
5,1138,9109,0,0,196.18899999999999,0
5,1139,9117,0,0,175.88800000000001,0
5,1140,9125,0,0,180.65199999999999,0
5,1141,9133,0,0,178.589,0
5,1142,9141,0,0,137.31999999999999,0
5,1143,9149,0,0,197.03200000000001,0
5,1144,9157,0,0,119.414,0
5,1145,9165,0,0,182.28200000000001,0
5,1146,9173,0,0,195.61799999999999,0
5,1147,9181,0,0,176.053,0
5,1148,9189,0,0,176.72499999999999,0
5,1149,9197,0,0,195.76900000000001,0
5,1150,9205,0,0,169.23599999999999,0
5,1151,9213,0,0,206.40899999999999,0
5,1152,9221,0,0,192.23599999999999,0
5,1153,9229,0,0,202.864,0
5,1154,9237,0,0,122.36,0
5,1155,9245,0,0,183.94900000000001,0
5,1156,9253,0,0,161.571,0
5,1157,9261,0,0,171.20099999999999,0
5,1158,9269,0,0,192.655,0
5,1159,9277,0,0,145.31100000000001,0
5,1160,9285,0,0,110.621,0
5,1161,9293,0,0,184.47300000000001,0
5,1162,9301,0,0,166.95500000000001,0
5,1163,9309,0,0,131.35300000000001,0
5,1164,9317,0,0,153.191,0
5,1165,9325,0,0,188.58500000000001,0
5,1166,9333,0,0,146.553,0
5,1167,9341,0,0,141.49799999999999,0
5,1168,9349,0,0,134.947,0
5,1169,9357,0,0,181.05600000000001,0
5,1170,9365,0,0,187.184,0
5,1171,9373,0,0,182.38900000000001,0
5,1172,9381,0,0,171.39099999999999,0
5,1173,9389,0,0,156.58099999999999,0
5,1174,9397,0,0,186.93600000000001,0
5,1175,9405,0,0,181.065,0
5,1176,9413,0,0,179.71799999999999,0
5,1177,9421,0,0,175.345,0
5,1178,9429,0,0,181.881,0
5,1179,9437,0,0,130.68700000000001,0
5,1180,9445,0,0,196.86699999999999,0
5,1181,9453,0,0,178.27500000000001,0
5,1182,9461,0,0,196.83799999999999,0
5,1183,9469,0,0,159.59899999999999,0
5,1184,9477,0,0,191.66800000000001,0
5,1185,9485,0,0,136.316,0
5,1186,9493,0,0,183.26400000000001,0
5,1187,9501,0,0,123.084,0
5,1188,9509,0,0,175.154,0
5,1189,9517,0,0,176.56899999999999,0
5,1190,9525,0,0,188.16900000000001,0
5,1191,9533,0,0,142.46199999999999,0
5,1192,9541,0,0,160.52600000000001,0
5,1193,9549,0,0,155.34999999999999,0
5,1194,9557,0,0,169.40199999999999,0
5,1195,9565,0,0,192.19800000000001,0
5,1196,9573,0,0,172.13399999999999,0
5,1197,9581,0,0,187.25700000000001,0
5,1198,9589,0,0,192.102,0
5,1199,9597,0,0,139.768,0
5,1200,9605,0,0,163.41900000000001,0
5,1201,9613,0,0,183.334,0
5,1202,9621,0,0,187.00800000000001,0
5,1203,9629,0,0,156.501,0
5,1204,9637,0,0,166.035,0
5,1205,9645,0,0,188.38300000000001,0
5,1206,9653,0,0,192.77699999999999,0
5,1207,9661,0,0,185.22999999999999,0
5,1208,9669,0,0,169.851,0
5,1209,9677,0,0,151.37700000000001,0
5,1210,9685,0,0,172.71700000000001,0
5,1211,9693,0,0,136.76599999999999,0
5,1212,9701,0,0,156.65799999999999,0
5,1213,9709,0,0,181.66399999999999,0
5,1214,9717,0,0,150.107,0
5,1215,9725,0,0,203.21899999999999,0
5,1216,9733,0,0,175.46600000000001,0
5,1217,9741,0,0,186.46600000000001,0
5,1218,9749,0,0,182.68199999999999,0
5,1219,9757,0,0,180.55199999999999,0
5,1220,9765,0,0,175.33099999999999,0
5,1221,9773,0,0,188.41399999999999,0
5,1222,9781,0,0,183.792,0
5,1223,9789,0,0,134.244,0
5,1224,9797,0,0,141.45500000000001,0
5,1225,9805,0,0,162.72200000000001,0
5,1226,9813,0,0,191.30799999999999,0
5,1227,9821,0,0,180.25299999999999,0
5,1228,9829,0,0,186.86600000000001,0
5,1229,9837,0,0,174.059,0
5,1230,9845,0,0,176.494,0
5,1231,9853,0,0,156.29599999999999,0
5,1232,9861,0,0,180.721,0
5,1233,9869,0,0,174.87899999999999,0
5,1234,9877,0,0,197.31,0
5,1235,9885,0,0,172.48699999999999,0
5,1236,9893,0,0,173.375,0
5,1237,9901,0,0,181.03100000000001,0
5,1238,9909,0,0,183.965,0
5,1239,9917,0,0,193.76599999999999,0
5,1240,9925,0,0,185.12100000000001,0
5,1241,9933,0,0,168.535,0
5,1242,9941,0,0,199.952,0
5,1243,9949,0,0,183.756,0
5,1244,9957,0,0,175.09299999999999,0
5,1245,9965,0,0,209.56200000000001,0
5,1246,9973,0,0,187.327,0
5,1247,9981,0,0,185.97999999999999,0
5,1248,9989,0,0,153.84399999999999,0
5,1249,9997,0,0,168.93600000000001,0
5,1250,10005,0,0,166.45500000000001,0
5,1251,10013,0,0,175.43100000000001,0
5,1252,10021,0,0,135.63900000000001,0
5,1253,10029,0,0,199.26900000000001,0
5,1254,10037,0,0,211.131,0
5,1255,10045,0,0,136.524,0
5,1256,10053,0,0,177.482,0
5,1257,10061,0,0,185.327,0
5,1258,10069,0,0,184.482,0
5,1259,10077,0,0,154.19999999999999,0
5,1260,10085,0,0,179.31299999999999,0
5,1261,10093,0,0,172.23099999999999,0
5,1262,10101,0,0,175.52500000000001,0
5,1263,10109,0,0,155.227,0
5,1264,10117,0,0,208.357,0
5,1265,10125,0,0,215.55000000000001,0
5,1266,10133,0,0,193.91900000000001,0
5,1267,10141,0,0,179.24700000000001,0
5,1268,10149,0,0,173.26900000000001,0
5,1269,10157,0,0,203.678,0
5,1270,10165,0,0,137.78800000000001,0
5,1271,10173,0,0,174.626,0
5,1272,10181,0,0,156.268,0
5,1273,10189,0,0,172.75899999999999,0
5,1274,10197,0,0,176.37,0
5,1275,10205,0,0,165.16900000000001,0
5,1276,10213,0,0,190.33500000000001,0
5,1277,10221,0,0,190.66300000000001,0
5,1278,10229,0,0,169.97200000000001,0
5,1279,10237,0,0,183.33000000000001,0
5,1280,10245,0,0,180.411,0
5,1281,10253,0,0,181.22900000000001,0
5,1282,10261,0,0,181.29599999999999,0
5,1283,10269,0,0,156.274,0
5,1284,10277,0,0,176.774,0
5,1285,10285,0,0,151.203,0
5,1286,10293,0,0,174.483,0
5,1287,10301,0,0,177.06700000000001,0
5,1288,10309,0,0,169.10400000000001,0
5,1289,10317,0,0,179.13300000000001,0
5,1290,10325,0,0,163.392,0
5,1291,10333,0,0,187.37700000000001,0
5,1292,10341,0,0,166.511,0
5,1293,10349,0,0,169.72499999999999,0
5,1294,10357,0,0,175.54599999999999,0
5,1295,10365,0,0,193.923,0
5,1296,10373,0,0,136.54300000000001,0
5,1297,10381,0,0,175.00399999999999,0
5,1298,10389,0,0,197.64699999999999,0
5,1299,10397,0,0,148.03399999999999,0
5,1300,10405,0,0,189.37799999999999,0
5,1301,10413,0,0,173.46100000000001,0
5,1302,10421,0,0,178.81100000000001,0
5,1303,10429,0,0,176.13499999999999,0
5,1304,10437,0,0,163.488,0
5,1305,10445,0,0,133.15700000000001,0
5,1306,10453,0,0,165.63200000000001,0
5,1307,10461,0,0,191.30099999999999,0
5,1308,10469,0,0,179.09200000000001,0
5,1309,10477,0,0,185.34700000000001,0
5,1310,10485,0,0,195.69499999999999,0
5,1311,10493,0,0,159.87700000000001,0
5,1312,10501,0,0,153.31100000000001,0
5,1313,10509,0,0,179.84999999999999,0
5,1314,10517,0,0,204.06700000000001,0
5,1315,10525,0,0,136.13200000000001,0
5,1316,10533,0,0,197.91300000000001,0
5,1317,10541,0,0,175.321,0
5,1318,10549,0,0,178.06899999999999,0
5,1319,10557,0,0,184.25200000000001,0
5,1320,10565,0,0,185.71700000000001,0
5,1321,10573,0,0,156.51300000000001,0
5,1322,10581,0,0,157.83500000000001,0
5,1323,10589,0,0,137.71000000000001,0
5,1324,10597,0,0,161.321,0
5,1325,10605,0,0,173.08099999999999,0
5,1326,10613,0,0,184.453,0
5,1327,10621,0,0,198.57599999999999,0
5,1328,10629,0,0,181.11199999999999,0
5,1329,10637,0,0,185.489,0
5,1330,10645,0,0,195.71000000000001,0
5,1331,10653,0,0,176.05699999999999,0
5,1332,10661,0,0,186.28399999999999,0
5,1333,10669,0,0,148.43199999999999,0
5,1334,10677,0,0,163.667,0
5,1335,10685,0,0,160.22300000000001,0
5,1336,10693,0,0,151.495,0
5,1337,10701,0,0,182.80699999999999,0
5,1338,10709,0,0,216.71199999999999,0
5,1339,10717,0,0,158.96899999999999,0
5,1340,10725,0,0,137.846,0
5,1341,10733,0,0,183.93299999999999,0
5,1342,10741,0,0,143.80600000000001,0
5,1343,10749,0,0,170.58500000000001,0
5,1344,10757,0,0,182.28200000000001,0
5,1345,10765,0,0,146.26499999999999,0
5,1346,10773,0,0,180.191,0
5,1347,10781,0,0,215.86000000000001,0
5,1348,10789,0,0,168.244,0
5,1349,10797,0,0,147.31100000000001,0
5,1350,10805,0,0,217.023,0
5,1351,10813,0,0,134.52600000000001,0
5,1352,10821,0,0,181.82300000000001,0
5,1353,10829,0,0,148.678,0
5,1354,10837,0,0,155.75700000000001,0
5,1355,10845,0,0,170.50399999999999,0
5,1356,10853,0,0,174.25,0
5,1357,10861,0,0,156.029,0
5,1358,10869,0,0,128.619,0
5,1359,10877,0,0,190.21000000000001,0
5,1360,10885,0,0,185.077,0
5,1361,10893,0,0,151.79499999999999,0
5,1362,10901,0,0,180.12799999999999,0
5,1363,10909,0,0,203.43600000000001,0
5,1364,10917,0,0,188.72399999999999,0
5,1365,10925,0,0,191.684,0
5,1366,10933,0,0,184.34299999999999,0
5,1367,10941,0,0,127.589,0
5,1368,10949,0,0,143.81899999999999,0
5,1369,10957,0,0,141.47399999999999,0
5,1370,10965,0,0,173.375,0
5,1371,10973,0,0,191.327,0
5,1372,10981,0,0,188.25999999999999,0
5,1373,10989,0,0,189.64500000000001,0
5,1374,10997,0,0,197.14400000000001,0
5,1375,11005,0,0,182.84200000000001,0
5,1376,11013,0,0,178.505,0
5,1377,11021,0,0,137.71199999999999,0
5,1378,11029,0,0,171.40899999999999,0
5,1379,11037,0,0,189.78,0
5,1380,11045,0,0,169.16999999999999,0
5,1381,11053,0,0,178.62899999999999,0
5,1382,11061,0,0,191.47499999999999,0
5,1383,11069,0,0,187.77500000000001,0
5,1384,11077,0,0,185.84299999999999,0
5,1385,11085,0,0,171.42699999999999,0
5,1386,11093,0,0,168.43899999999999,0
5,1387,11101,0,0,169.13900000000001,0
5,1388,11109,0,0,204.89099999999999,0
5,1389,11117,0,0,186.846,0
5,1390,11125,0,0,202.47,0
5,1391,11133,0,0,186.70099999999999,0
5,1392,11141,0,0,154.98099999999999,0
5,1393,11149,0,0,134.38200000000001,0
5,1394,11157,0,0,182.92500000000001,0
5,1395,11165,0,0,152.74000000000001,0
5,1396,11173,0,0,190.66200000000001,0
5,1397,11181,0,0,168.768,0
5,1398,11189,0,0,156.14400000000001,0
5,1399,11197,0,0,188.01599999999999,0
5,1400,11205,0,0,188.83600000000001,0
5,1401,11213,0,0,159.822,0
5,1402,11221,0,0,147.54499999999999,0
5,1403,11229,0,0,203.08600000000001,0
5,1404,11237,0,0,191.501,0
5,1405,11245,0,0,171.393,0
5,1406,11253,0,0,161.535,0
5,1407,11261,0,0,200.483,0
5,1408,11269,0,0,128.49799999999999,0
5,1409,11277,0,0,161.959,0
5,1410,11285,0,0,208.38999999999999,0
5,1411,11293,0,0,193.702,0
5,1412,11301,0,0,180.946,0
5,1413,11309,0,0,183.596,0
5,1414,11317,0,0,188.28800000000001,0
5,1415,11325,0,0,189.37100000000001,0
5,1416,11333,0,0,176.90700000000001,0
5,1417,11341,0,0,175.99199999999999,0
5,1418,11349,0,0,189.60900000000001,0
5,1419,11357,0,0,209.13,0
5,1420,11365,0,0,190.977,0
5,1421,11373,0,0,124.566,0
5,1422,11381,0,0,182.27500000000001,0
5,1423,11389,0,0,154.69399999999999,0
5,1424,11397,0,0,142.38800000000001,0
5,1425,11405,0,0,176.09999999999999,0
5,1426,11413,0,0,185.44499999999999,0
5,1427,11421,0,0,172.81999999999999,0
5,1428,11429,0,0,159.738,0
5,1429,11437,0,0,190.011,0
5,1430,11445,0,0,161.977,0
5,1431,11453,0,0,154.18100000000001,0
5,1432,11461,0,0,158.80500000000001,0
5,1433,11469,0,0,177.417,0
5,1434,11477,0,0,207.26300000000001,0
5,1435,11485,0,0,178.154,0
5,1436,11493,0,0,188.244,0
5,1437,11501,0,0,194.25,0
5,1438,11509,0,0,120.324,0
5,1439,11517,0,0,181.76499999999999,0
5,1440,11525,0,0,170.21600000000001,0
5,1441,11533,0,0,182.58500000000001,0
5,1442,11541,0,0,181.47300000000001,0
5,1443,11549,0,0,195.80500000000001,0
5,1444,11557,0,0,191.53999999999999,0
5,1445,11565,0,0,156.52600000000001,0
5,1446,11573,0,0,198.86699999999999,0
5,1447,11581,0,0,201.58500000000001,0
5,1448,11589,0,0,150.50399999999999,0
5,1449,11597,0,0,181.29900000000001,0
5,1450,11605,0,0,145.541,0
5,1451,11613,0,0,178.82599999999999,0
5,1452,11621,0,0,178.864,0
5,1453,11629,0,0,215.18700000000001,0
5,1454,11637,0,0,186.40199999999999,0
5,1455,11645,0,0,205.666,0
5,1456,11653,0,0,128.78800000000001,0
5,1457,11661,0,0,139.845,0
5,1458,11669,0,0,181.345,0
5,1459,11677,0,0,201.82400000000001,0
5,1460,11685,0,0,161.083,0
5,1461,11693,0,0,174.702,0
5,1462,11701,0,0,165.91200000000001,0
5,1463,11709,0,0,183.17699999999999,0
5,1464,11717,0,0,164.19900000000001,0
5,1465,11725,0,0,202.88900000000001,0
5,1466,11733,0,0,182.15799999999999,0
5,1467,11741,0,0,177.81100000000001,0
5,1468,11749,0,0,181.125,0
5,1469,11757,0,0,158.56200000000001,0
5,1470,11765,0,0,169.59100000000001,0
5,1471,11773,0,0,134.68299999999999,0
5,1472,11781,0,0,174.84100000000001,0
5,1473,11789,0,0,186.83099999999999,0
5,1474,11797,0,0,147.39099999999999,0
5,1475,11805,0,0,184.83000000000001,0
5,1476,11813,0,0,163.34999999999999,0
5,1477,11821,0,0,191.898,0
5,1478,11829,0,0,190.71700000000001,0
5,1479,11837,0,0,170.44300000000001,0
5,1480,11845,0,0,189.60499999999999,0
5,1481,11853,0,0,189.376,0
5,1482,11861,0,0,164.57599999999999,0
5,1483,11869,0,0,177.048,0
5,1484,11877,0,0,136.99199999999999,0
5,1485,11885,0,0,169.01499999999999,0
5,1486,11893,0,0,180.02699999999999,0
5,1487,11901,0,0,147.517,0
5,1488,11909,0,0,181.28,0
5,1489,11917,0,0,165.22300000000001,0
5,1490,11925,0,0,167.50200000000001,0
5,1491,11933,0,0,138.00700000000001,0
5,1492,11941,0,0,190.834,0
5,1493,11949,0,0,165.53299999999999,0
5,1494,11957,0,0,175.66800000000001,0
5,1495,11965,0,0,190.42099999999999,0
5,1496,11973,0,0,170.93600000000001,0
5,1497,11981,0,0,164.77699999999999,0
5,1498,11989,0,0,163.875,0
5,1499,11997,0,0,190.76400000000001,0
5,1500,12005,0,0,171.935,0
5,1501,12013,0,0,192.19300000000001,0
5,1502,12021,0,0,182.85400000000001,0
5,1503,12029,0,0,194.58199999999999,0
5,1504,12037,0,0,153.196,0
5,1505,12045,0,0,160.10599999999999,0
5,1506,12053,0,0,193.273,0
5,1507,12061,0,0,182.369,0
5,1508,12069,0,0,181.70500000000001,0
5,1509,12077,0,0,182.69800000000001,0
5,1510,12085,0,0,178.76400000000001,0
5,1511,12093,0,0,172.44499999999999,0
5,1512,12101,0,0,171.93000000000001,0
5,1513,12109,0,0,185.101,0
5,1514,12117,0,0,183.64400000000001,0
5,1515,12125,0,0,177.732,0
5,1516,12133,0,0,161.68700000000001,0
5,1517,12141,0,0,169.072,0
5,1518,12149,0,0,171.94800000000001,0
5,1519,12157,0,0,221.13800000000001,0
5,1520,12165,0,0,184.904,0
5,1521,12173,0,0,186.04499999999999,0
5,1522,12181,0,0,184.61600000000001,0
5,1523,12189,0,0,179.63499999999999,0
5,1524,12197,0,0,186.44499999999999,0
5,1525,12205,0,0,135.50299999999999,0
5,1526,12213,0,0,165.97,0
5,1527,12221,0,0,135.94800000000001,0
5,1528,12229,0,0,198.87899999999999,0
5,1529,12237,0,0,161.09700000000001,0
5,1530,12245,0,0,202.393,0
5,1531,12253,0,0,146.27600000000001,0
5,1532,12261,0,0,139.96100000000001,0
5,1533,12269,0,0,163.745,0
5,1534,12277,0,0,155.274,0
5,1535,12285,0,0,152.28299999999999,0
5,1536,12293,0,0,198.54900000000001,0
5,1537,12301,0,0,179.22499999999999,0
5,1538,12309,0,0,160.054,0
5,1539,12317,0,0,186.47200000000001,0
5,1540,12325,0,0,199.10499999999999,0
5,1541,12333,0,0,191.947,0
5,1542,12341,0,0,192.27600000000001,0
5,1543,12349,0,0,185.63800000000001,0
5,1544,12357,0,0,170.92699999999999,0
5,1545,12365,0,0,175.33500000000001,0
5,1546,12373,0,0,175.21100000000001,0
5,1547,12381,0,0,175.50700000000001,0
5,1548,12389,0,0,181.23699999999999,0
5,1549,12397,0,0,160.93799999999999,0
5,1550,12405,0,0,168.78100000000001,0
5,1551,12413,0,0,173.143,0
5,1552,12421,0,0,189.411,0
5,1553,12429,0,0,155.94200000000001,0
5,1554,12437,0,0,190.64699999999999,0
5,1555,12445,0,0,179.851,0
5,1556,12453,0,0,181.93899999999999,0
5,1557,12461,0,0,134.14099999999999,0
5,1558,12469,0,0,196.43000000000001,0
5,1559,12477,0,0,132.19900000000001,0
5,1560,12485,0,0,164.71899999999999,0
5,1561,12493,0,0,186.27000000000001,0
5,1562,12501,0,0,173.74299999999999,0
5,1563,12509,0,0,196.33500000000001,0
5,1564,12517,0,0,178.92599999999999,0
5,1565,12525,0,0,186.07499999999999,0
5,1566,12533,0,0,167.245,0
5,1567,12541,0,0,165.96700000000001,0
5,1568,12549,0,0,172.85599999999999,0
5,1569,12557,0,0,165.136,0
5,1570,12565,0,0,162.78399999999999,0
5,1571,12573,0,0,190.22399999999999,0
5,1572,12581,0,0,122.09699999999999,0
5,1573,12589,0,0,165.48599999999999,0
5,1574,12597,0,0,176.964,0
5,1575,12605,0,0,177.73699999999999,0
5,1576,12613,0,0,172.19900000000001,0
5,1577,12621,0,0,205.946,0
5,1578,12629,0,0,165.62799999999999,0
5,1579,12637,0,0,184.40899999999999,0
5,1580,12645,0,0,157.56100000000001,0
5,1581,12653,0,0,154.22200000000001,0
5,1582,12661,0,0,183.785,0
5,1583,12669,0,0,174.88800000000001,0
5,1584,12677,0,0,177.73099999999999,0
5,1585,12685,0,0,167.53800000000001,0
5,1586,12693,0,0,136.67599999999999,0
5,1587,12701,0,0,190.49000000000001,0
5,1588,12709,0,0,202.29400000000001,0
5,1589,12717,0,0,173.09200000000001,0
5,1590,12725,0,0,168.363,0
5,1591,12733,0,0,180.84299999999999,0
5,1592,12741,0,0,164.13999999999999,0
5,1593,12749,0,0,161.24000000000001,0
5,1594,12757,0,0,169.274,0
5,1595,12765,0,0,151.667,0
5,1596,12773,0,0,169.642,0
5,1597,12781,0,0,197.565,0
5,1598,12789,0,0,170.572,0
5,1599,12797,0,0,174.94900000000001,0
5,1600,12805,0,0,157.74000000000001,0
5,1601,12813,0,0,158.56999999999999,0
5,1602,12821,0,0,176.88499999999999,0
5,1603,12829,0,0,158.26400000000001,0
5,1604,12837,0,0,223.702,0
5,1605,12845,0,0,187.25999999999999,0
5,1606,12853,0,0,180.43799999999999,0
5,1607,12861,0,0,173.59399999999999,0
5,1608,12869,0,0,138.69399999999999,0
5,1609,12877,0,0,170.041,0
5,1610,12885,0,0,178.48699999999999,0
5,1611,12893,0,0,173.73400000000001,0
5,1612,12901,0,0,200.596,0
5,1613,12909,0,0,164.70599999999999,0
5,1614,12917,0,0,184.512,0
5,1615,12925,0,0,163.34999999999999,0
5,1616,12933,0,0,200.762,0
5,1617,12941,0,0,181.21100000000001,0
5,1618,12949,0,0,193.59999999999999,0
5,1619,12957,0,0,174.065,0
5,1620,12965,0,0,178.608,0
5,1621,12973,0,0,185.334,0
5,1622,12981,0,0,155.70400000000001,0
5,1623,12989,0,0,166.36699999999999,0
5,1624,12997,0,0,151.29900000000001,0
5,1625,13005,0,0,136.49199999999999,0
5,1626,13013,0,0,169.18199999999999,0
5,1627,13021,0,0,165.636,0
5,1628,13029,0,0,182.71700000000001,0
5,1629,13037,0,0,172.578,0
5,1630,13045,0,0,145.74100000000001,0
5,1631,13053,0,0,174.03399999999999,0
5,1632,13061,0,0,211.435,0
5,1633,13069,0,0,188.20599999999999,0
5,1634,13077,0,0,172.654,0
5,1635,13085,0,0,181.137,0
5,1636,13093,0,0,158.86199999999999,0
5,1637,13101,0,0,181.52600000000001,0
5,1638,13109,0,0,160.03999999999999,0
5,1639,13117,0,0,180.19200000000001,0
5,1640,13125,0,0,207.07300000000001,0
5,1641,13133,0,0,161.85300000000001,0
5,1642,13141,0,0,186.62799999999999,0
5,1643,13149,0,0,165.90000000000001,0
5,1644,13157,0,0,140.36500000000001,0
5,1645,13165,0,0,186.65899999999999,0
5,1646,13173,0,0,194.10900000000001,0
5,1647,13181,0,0,168.767,0
5,1648,13189,0,0,208.38900000000001,0
5,1649,13197,0,0,168.922,0
5,1650,13205,0,0,196.733,0
5,1651,13213,0,0,176.67099999999999,0
5,1652,13221,0,0,176.07400000000001,0
5,1653,13229,0,0,164.23400000000001,0
5,1654,13237,0,0,165.22,0
5,1655,13245,0,0,181.63999999999999,0
5,1656,13253,0,0,202.22499999999999,0
5,1657,13261,0,0,172.07400000000001,0
5,1658,13269,0,0,173.916,0
5,1659,13277,0,0,157.857,0
5,1660,13285,0,0,190.04400000000001,0
5,1661,13293,0,0,193.41200000000001,0
5,1662,13301,0,0,192.71600000000001,0
5,1663,13309,0,0,193.94800000000001,0
5,1664,13317,0,0,187.28200000000001,0
5,1665,13325,0,0,167.27000000000001,0
5,1666,13333,0,0,185.36199999999999,0
5,1667,13341,0,0,176.24799999999999,0
5,1668,13349,0,0,149.29599999999999,0
5,1669,13357,0,0,159.54400000000001,0
5,1670,13365,0,0,171.876,0
5,1671,13373,0,0,173.161,0
5,1672,13381,0,0,150.40600000000001,0
5,1673,13389,0,0,193.87899999999999,0
5,1674,13397,0,0,136.673,0
5,1675,13405,0,0,166.08099999999999,0
5,1676,13413,0,0,174.72300000000001,0
5,1677,13421,0,0,187.511,0
5,1678,13429,0,0,194.589,0
5,1679,13437,0,0,181.79400000000001,0
5,1680,13445,0,0,147.18000000000001,0
5,1681,13453,0,0,175.22900000000001,0
5,1682,13461,0,0,145.27199999999999,0
5,1683,13469,0,0,167.60400000000001,0
5,1684,13477,0,0,164.68199999999999,0
5,1685,13485,0,0,161.232,0
5,1686,13493,0,0,157.56299999999999,0
5,1687,13501,0,0,199.78899999999999,0
5,1688,13509,0,0,215.816,0
5,1689,13517,0,0,180.53100000000001,0
5,1690,13525,0,0,180.964,0
5,1691,13533,0,0,192.04400000000001,0
5,1692,13541,0,0,174.31899999999999,0
5,1693,13549,0,0,149.77199999999999,0
5,1694,13557,0,0,194.02500000000001,0
5,1695,13565,0,0,157.34100000000001,0
5,1696,13573,0,0,171.51400000000001,0
5,1697,13581,0,0,166.422,0
5,1698,13589,0,0,186.46000000000001,0
5,1699,13597,0,0,184.89699999999999,0
5,1700,13605,0,0,176.91,0
5,1701,13613,0,0,193.51900000000001,0
5,1702,13621,0,0,172.21299999999999,0
5,1703,13629,0,0,196.66300000000001,0
5,1704,13637,0,0,182.83099999999999,0
5,1705,13645,0,0,190,0
5,1706,13653,0,0,184.46899999999999,0
5,1707,13661,0,0,164.14500000000001,0
5,1708,13669,0,0,160.42500000000001,0
5,1709,13677,0,0,191.22399999999999,0
5,1710,13685,0,0,176.91300000000001,0
5,1711,13693,0,0,204.67699999999999,0
5,1712,13701,0,0,197.81999999999999,0
5,1713,13709,0,0,163.34899999999999,0
5,1714,13717,0,0,156.83799999999999,0
5,1715,13725,0,0,175.804,0
5,1716,13733,0,0,186.95699999999999,0
5,1717,13741,0,0,180.179,0
5,1718,13749,0,0,168.42099999999999,0
5,1719,13757,0,0,194.154,0
5,1720,13765,0,0,156.512,0
5,1721,13773,0,0,180.90199999999999,0
5,1722,13781,0,0,139.90299999999999,0
5,1723,13789,0,0,187.00399999999999,0
5,1724,13797,0,0,202.15600000000001,0
5,1725,13805,0,0,180.59399999999999,0
5,1726,13813,0,0,188.41300000000001,0
5,1727,13821,0,0,176.45400000000001,0
5,1728,13829,0,0,189.15700000000001,0
5,1729,13837,0,0,223.93100000000001,0
5,1730,13845,0,0,187.29400000000001,0
5,1731,13853,0,0,135.62899999999999,0
5,1732,13861,0,0,219.01400000000001,0
5,1733,13869,0,0,192.96299999999999,0
5,1734,13877,0,0,184.76900000000001,0
5,1735,13885,0,0,189.78899999999999,0
5,1736,13893,0,0,166.07900000000001,0
5,1737,13901,0,0,127.036,0
5,1738,13909,0,0,173.578,0
5,1739,13917,0,0,211.84100000000001,0
5,1740,13925,0,0,165.64099999999999,0
5,1741,13933,0,0,183.232,0
5,1742,13941,0,0,191.19800000000001,0
5,1743,13949,0,0,145.62,0
5,1744,13957,0,0,175.017,0
5,1745,13965,0,0,156.21299999999999,0
5,1746,13973,0,0,197.69800000000001,0
5,1747,13981,0,0,182.67500000000001,0
5,1748,13989,0,0,146.584,0
5,1749,13997,0,0,171.74100000000001,0
5,1750,14005,0,0,169.166,0
5,1751,14013,0,0,169.08099999999999,0
5,1752,14021,0,0,209.32300000000001,0
5,1753,14029,0,0,168.87200000000001,0
5,1754,14037,0,0,169.44399999999999,0
5,1755,14045,0,0,168.477,0
5,1756,14053,0,0,155.78899999999999,0
5,1757,14061,0,0,185.35900000000001,0
5,1758,14069,0,0,154.393,0
5,1759,14077,0,0,158.07599999999999,0
5,1760,14085,0,0,166.71100000000001,0
5,1761,14093,0,0,174.845,0
5,1762,14101,0,0,206.625,0
5,1763,14109,0,0,162.303,0
5,1764,14117,0,0,187.18799999999999,0
5,1765,14125,0,0,193.376,0
5,1766,14133,0,0,187.238,0
5,1767,14141,0,0,168.53299999999999,0
5,1768,14149,0,0,116.279,0
5,1769,14157,0,0,191.29599999999999,0
5,1770,14165,0,0,155.36099999999999,0
5,1771,14173,0,0,185.24000000000001,0
5,1772,14181,0,0,156.304,0
5,1773,14189,0,0,223.75200000000001,0
5,1774,14197,0,0,160.26400000000001,0
5,1775,14205,0,0,178.024,0
5,1776,14213,0,0,200.57499999999999,0
5,1777,14221,0,0,164.71299999999999,0
5,1778,14229,0,0,179.86799999999999,0
5,1779,14237,0,0,150.14599999999999,0
5,1780,14245,0,0,187.453,0
5,1781,5,1,0,169.17699999999999,0
5,1782,13,1,0,156.19999999999999,0
5,1783,21,1,0,177.52000000000001,0
5,1784,29,1,0,158.876,0
5,1785,37,1,0,160.96100000000001,0
5,1786,45,1,0,159.25800000000001,0
5,1787,53,1,0,176.66399999999999,0
5,1788,61,1,0,182.94800000000001,0
5,1789,69,1,0,182.69499999999999,0
5,1790,77,1,0,141.22900000000001,0
5,1791,85,1,0,195.64699999999999,0
5,1792,93,1,0,137.19999999999999,0
5,1793,101,1,0,184.14599999999999,0
5,1794,109,1,0,135.44900000000001,0
5,1795,117,1,0,157.64599999999999,0
5,1796,125,1,0,164.727,0
5,1797,133,1,0,196.828,0
5,1798,141,1,0,158.75899999999999,0
5,1799,149,1,0,184.102,0
5,1800,157,1,0,136.41900000000001,0
5,1801,165,1,0,170.55099999999999,0
5,1802,173,1,0,170.048,0
5,1803,181,1,0,155.97900000000001,0
5,1804,189,1,0,143.733,0
5,1805,197,1,0,189.95599999999999,0
5,1806,205,1,0,155.47200000000001,0
5,1807,213,1,0,204.251,0
5,1808,221,1,0,178.93000000000001,0
5,1809,229,1,0,181.04300000000001,0
5,1810,237,1,0,173.83799999999999,0
5,1811,245,1,0,197.76900000000001,0
5,1812,253,1,0,188.79300000000001,0
5,1813,261,1,0,122.483,0
5,1814,269,1,0,178.74799999999999,0
5,1815,277,1,0,162.065,0
5,1816,285,1,0,181.51599999999999,0
5,1817,293,1,0,190.91800000000001,0
5,1818,301,1,0,154.71100000000001,0
5,1819,309,1,0,191.06299999999999,0
5,1820,317,1,0,137.22399999999999,0
5,1821,325,1,0,172.553,0
5,1822,333,1,0,148.071,0
5,1823,341,1,0,192.43799999999999,0
5,1824,349,1,0,185.965,0
5,1825,357,1,0,184.14699999999999,0
5,1826,365,1,0,174.85400000000001,0
5,1827,373,1,0,192.22399999999999,0
5,1828,381,1,0,174.38300000000001,0
5,1829,389,1,0,178.274,0
5,1830,397,1,0,178.28299999999999,0
5,1831,405,1,0,210.589,0
5,1832,413,1,0,198.154,0
5,1833,421,1,0,189.26300000000001,0
5,1834,429,1,0,185.00899999999999,0
5,1835,437,1,0,167.97900000000001,0
5,1836,445,1,0,184.345,0
5,1837,453,1,0,183.82300000000001,0
5,1838,461,1,0,183.15700000000001,0
5,1839,469,1,0,192.601,0
5,1840,477,1,0,187.185,0
5,1841,485,1,0,199.477,0
5,1842,493,1,0,174.048,0
5,1843,501,1,0,178.85900000000001,0
5,1844,509,1,0,194.19200000000001,0
5,1845,517,1,0,185.24600000000001,0
5,1846,525,1,0,150.822,0
5,1847,533,1,0,161.87299999999999,0
5,1848,541,1,0,191.387,0
5,1849,549,1,0,144.29900000000001,0
5,1850,557,1,0,159.74700000000001,0
5,1851,565,1,0,173.84299999999999,0
5,1852,573,1,0,170.946,0
5,1853,581,1,0,171.58199999999999,0
5,1854,589,1,0,198.303,0
5,1855,597,1,0,196.77799999999999,0
5,1856,605,1,0,162.59299999999999,0
5,1857,613,1,0,173.38999999999999,0
5,1858,621,1,0,159.37,0
5,1859,629,1,0,170.47499999999999,0
5,1860,637,1,0,181.55199999999999,0
5,1861,645,1,0,172.15600000000001,0
5,1862,653,1,0,157.37100000000001,0
5,1863,661,1,0,173.56800000000001,0
5,1864,669,1,0,140.87,0
5,1865,677,1,0,149.48699999999999,0
5,1866,685,1,0,171.178,0
5,1867,693,1,0,192.97300000000001,0
5,1868,701,1,0,182.94900000000001,0
5,1869,709,1,0,164.08099999999999,0
5,1870,717,1,0,181.655,0
5,1871,725,1,0,192.09999999999999,0
5,1872,733,1,0,129.52699999999999,0
5,1873,741,1,0,150.79400000000001,0
5,1874,749,1,0,181.15899999999999,0
5,1875,757,1,0,154.00700000000001,0
5,1876,765,1,0,181.51599999999999,0
5,1877,773,1,0,176.179,0
5,1878,781,1,0,142.41300000000001,0
5,1879,789,1,0,167.715,0
5,1880,797,1,0,193.78299999999999,0
5,1881,805,1,0,124.10899999999999,0
5,1882,813,1,0,198.31100000000001,0
5,1883,821,1,0,150.50299999999999,0
5,1884,829,1,0,163.90899999999999,0
5,1885,837,1,0,115.717,0
5,1886,845,1,0,200.51599999999999,0
5,1887,853,1,0,184.011,0
5,1888,861,1,0,175.209,0
5,1889,869,1,0,167.459,0
5,1890,877,1,0,165.65100000000001,0
5,1891,885,1,0,155.05199999999999,0
5,1892,893,1,0,171.845,0
5,1893,901,1,0,211.15600000000001,0
5,1894,909,1,0,181.011,0
5,1895,917,1,0,169.21700000000001,0
5,1896,925,1,0,183.72900000000001,0
5,1897,933,1,0,185.209,0
5,1898,941,1,0,151.03899999999999,0
5,1899,949,1,0,182.02199999999999,0
5,1900,957,1,0,185.452,0
5,1901,965,1,0,176.55000000000001,0
5,1902,973,1,0,159.137,0
5,1903,981,1,0,187.61000000000001,0
5,1904,989,1,0,157.81899999999999,0
5,1905,997,1,0,185.81899999999999,0
5,1906,1005,1,0,194.90000000000001,0
5,1907,1013,1,0,174.036,0
5,1908,1021,1,0,148.523,0
5,1909,1029,1,0,191.196,0
5,1910,1037,1,0,173.11199999999999,0
5,1911,1045,1,0,157.923,0
5,1912,1053,1,0,198.161,0
5,1913,1061,1,0,146.214,0
5,1914,1069,1,0,178.369,0
5,1915,1077,1,0,189.52500000000001,0
5,1916,1085,1,0,154.68199999999999,0
5,1917,1093,1,0,188.16399999999999,0
5,1918,1101,1,0,193.82900000000001,0
5,1919,1109,1,0,151.59200000000001,0
5,1920,1117,1,0,178.68700000000001,0
5,1921,1125,1,0,216.84200000000001,0
5,1922,1133,1,0,195.63900000000001,0
5,1923,1141,1,0,191.31100000000001,0
5,1924,1149,1,0,174.23599999999999,0
5,1925,1157,1,0,193.46299999999999,0
5,1926,1165,1,0,191.15199999999999,0
5,1927,1173,1,0,179.30699999999999,0
5,1928,1181,1,0,171.15299999999999,0
5,1929,1189,1,0,181.21799999999999,0
5,1930,1197,1,0,166.387,0
5,1931,1205,1,0,174.208,0
5,1932,1213,1,0,158.50399999999999,0
5,1933,1221,1,0,164.983,0
5,1934,1229,1,0,190.04400000000001,0
5,1935,1237,1,0,171.89099999999999,0
5,1936,1245,1,0,192.572,0
5,1937,1253,1,0,193.619,0
5,1938,1261,1,0,160.154,0
5,1939,1269,1,0,178.84999999999999,0
5,1940,1277,1,0,192.435,0
5,1941,1285,1,0,151.79900000000001,0
5,1942,1293,1,0,208.19,0
5,1943,1301,1,0,154.83799999999999,0
5,1944,1309,1,0,178.18299999999999,0
5,1945,1317,1,0,173.88999999999999,0
5,1946,1325,1,0,171.66200000000001,0
5,1947,1333,1,0,164.876,0
5,1948,1341,1,0,182.732,0
5,1949,1349,1,0,135.96899999999999,0
5,1950,1357,1,0,183.89699999999999,0
5,1951,1365,1,0,178.79599999999999,0
5,1952,1373,1,0,189.209,0
5,1953,1381,1,0,173.88300000000001,0
5,1954,1389,1,0,165.80099999999999,0
5,1955,1397,1,0,176.12799999999999,0
5,1956,1405,1,0,181.93700000000001,0
5,1957,1413,1,0,236.34700000000001,0
5,1958,1421,1,0,111.669,0
5,1959,1429,1,0,194.51400000000001,0
5,1960,1437,1,0,151.85900000000001,0
5,1961,1445,1,0,158.47399999999999,0
5,1962,1453,1,0,176.404,0
5,1963,1461,1,0,149.24799999999999,0
5,1964,1469,1,0,147.797,0
5,1965,1477,1,0,177.92099999999999,0
5,1966,1485,1,0,176.066,0
5,1967,1493,1,0,174.89099999999999,0
5,1968,1501,1,0,179.108,0
5,1969,1509,1,0,193.54599999999999,0
5,1970,1517,1,0,203.09,0
5,1971,1525,1,0,201.559,0
5,1972,1533,1,0,142.505,0
5,1973,1541,1,0,158.59100000000001,0
5,1974,1549,1,0,123.41,0
5,1975,1557,1,0,192.90299999999999,0
5,1976,1565,1,0,199.42599999999999,0
5,1977,1573,1,0,163.34700000000001,0
5,1978,1581,1,0,192.97999999999999,0
5,1979,1589,1,0,177.303,0
5,1980,1597,1,0,158.69999999999999,0
5,1981,1605,1,0,186.77000000000001,0
5,1982,1613,1,0,166.13999999999999,0
5,1983,1621,1,0,158.053,0
5,1984,1629,1,0,188.08099999999999,0
5,1985,1637,1,0,187.44,0
5,1986,1645,1,0,183.59,0
5,1987,1653,1,0,199.352,0
5,1988,1661,1,0,188.251,0
5,1989,1669,1,0,182.714,0
5,1990,1677,1,0,181.654,0
5,1991,1685,1,0,159.72499999999999,0
5,1992,1693,1,0,195.82300000000001,0
5,1993,1701,1,0,148.845,0
5,1994,1709,1,0,171.52799999999999,0
5,1995,1717,1,0,180.56700000000001,0
5,1996,1725,1,0,178.75899999999999,0
5,1997,1733,1,0,158.227,0
5,1998,1741,1,0,186.875,0
5,1999,1749,1,0,142.20599999999999,0
5,2000,1757,1,0,200.316,0
5,2001,1765,1,0,181.47300000000001,0
5,2002,1773,1,0,150.523,0
5,2003,1781,1,0,177.23400000000001,0
5,2004,1789,1,0,163.941,0
5,2005,1797,1,0,194.286,0
5,2006,1805,1,0,186.286,0
5,2007,1813,1,0,194.06700000000001,0
5,2008,1821,1,0,126.98999999999999,0
5,2009,1829,1,0,175.18600000000001,0
5,2010,1837,1,0,173.46100000000001,0
5,2011,1845,1,0,116.819,0
5,2012,1853,1,0,138.26300000000001,0
5,2013,1861,1,0,154.70099999999999,0
5,2014,1869,1,0,182.363,0
5,2015,1877,1,0,158.86699999999999,0
5,2016,1885,1,0,168.19,0
5,2017,1893,1,0,150.11500000000001,0
5,2018,1901,1,0,109.648,0
5,2019,1909,1,0,180.14500000000001,0
5,2020,1917,1,0,164.483,0
5,2021,1925,1,0,171.45500000000001,0
5,2022,1933,1,0,187.447,0
5,2023,1941,1,0,218.94399999999999,0
5,2024,1949,1,0,158.20599999999999,0
5,2025,1957,1,0,173.52699999999999,0
5,2026,1965,1,0,192.172,0
5,2027,1973,1,0,163.59899999999999,0
5,2028,1981,1,0,178.40799999999999,0
5,2029,1989,1,0,180.15100000000001,0
5,2030,1997,1,0,185.553,0
5,2031,2005,1,0,168.06299999999999,0
5,2032,2013,1,0,142.86500000000001,0
5,2033,2021,1,0,163.041,0
5,2034,2029,1,0,160.18299999999999,0
5,2035,2037,1,0,187.869,0
5,2036,2045,1,0,164.58699999999999,0
5,2037,2053,1,0,190.953,0
5,2038,2061,1,0,179.078,0
5,2039,2069,1,0,225.303,0
5,2040,2077,1,0,208.29400000000001,0
5,2041,2085,1,0,184.37700000000001,0
5,2042,2093,1,0,176.66800000000001,0
5,2043,2101,1,0,177.68799999999999,0
5,2044,2109,1,0,172.07300000000001,0
5,2045,2117,1,0,175.67400000000001,0
5,2046,2125,1,0,184.52199999999999,0
5,2047,2133,1,0,190.35499999999999,0
5,2048,2141,1,0,182.03899999999999,0
5,2049,2149,1,0,191.63,0
5,2050,2157,1,0,178.995,0
5,2051,2165,1,0,190.66200000000001,0
5,2052,2173,1,0,138.66399999999999,0
5,2053,2181,1,0,151.01400000000001,0
5,2054,2189,1,0,163.02500000000001,0
5,2055,2197,1,0,172.36500000000001,0
5,2056,2205,1,0,197.88499999999999,0
5,2057,2213,1,0,195.566,0
5,2058,2221,1,0,172.28100000000001,0
5,2059,2229,1,0,196.68700000000001,0
5,2060,2237,1,0,190.887,0
5,2061,2245,1,0,203.31399999999999,0
5,2062,2253,1,0,136.53999999999999,0
5,2063,2261,1,0,171.08799999999999,0
5,2064,2269,1,0,163.999,0
5,2065,2277,1,0,194.43299999999999,0
5,2066,2285,1,0,190.59999999999999,0
5,2067,2293,1,0,179.96899999999999,0
5,2068,2301,1,0,185.096,0
5,2069,2309,1,0,162.18600000000001,0
5,2070,2317,1,0,183.232,0
5,2071,2325,1,0,178.249,0
5,2072,2333,1,0,158.49299999999999,0
5,2073,2341,1,0,183.672,0
5,2074,2349,1,0,167.55500000000001,0
5,2075,2357,1,0,176.13200000000001,0
5,2076,2365,1,0,185.886,0
5,2077,2373,1,0,172.779,0
5,2078,2381,1,0,139.72800000000001,0
5,2079,2389,1,0,202.28899999999999,0
5,2080,2397,1,0,181.83099999999999,0
5,2081,2405,1,0,184.22399999999999,0
5,2082,2413,1,0,180.85400000000001,0
5,2083,2421,1,0,127.819,0
5,2084,2429,1,0,177.54300000000001,0
5,2085,2437,1,0,208.88200000000001,0
5,2086,2445,1,0,172.779,0
5,2087,2453,1,0,168.91900000000001,0
5,2088,2461,1,0,152.99600000000001,0
5,2089,2469,1,0,195.65000000000001,0
5,2090,2477,1,0,190.75800000000001,0
5,2091,2485,1,0,137.75399999999999,0
5,2092,2493,1,0,177.131,0
5,2093,2501,1,0,172.99100000000001,0
5,2094,2509,1,0,177.91999999999999,0
5,2095,2517,1,0,159.53200000000001,0
5,2096,2525,1,0,136.68600000000001,0
5,2097,2533,1,0,145.57499999999999,0
5,2098,2541,1,0,166.999,0
5,2099,2549,1,0,156.03200000000001,0
5,2100,2557,1,0,162.79400000000001,0
5,2101,2565,1,0,175.49700000000001,0
5,2102,2573,1,0,151.89400000000001,0
5,2103,2581,1,0,170.97999999999999,0
5,2104,2589,1,0,179.00800000000001,0
5,2105,2597,1,0,161.14599999999999,0
5,2106,2605,1,0,180.995,0
5,2107,2613,1,0,172.88800000000001,0
5,2108,2621,1,0,186.071,0
5,2109,2629,1,0,133.17500000000001,0
5,2110,2637,1,0,190.11099999999999,0
5,2111,2645,1,0,179.65600000000001,0
5,2112,2653,1,0,205.84299999999999,0
5,2113,2661,1,0,184.07400000000001,0
5,2114,2669,1,0,150.69999999999999,0
5,2115,2677,1,0,172.43000000000001,0
5,2116,2685,1,0,155.749,0
5,2117,2693,1,0,161.982,0
5,2118,2701,1,0,173.16399999999999,0
5,2119,2709,1,0,135.14500000000001,0
5,2120,2717,1,0,193.76400000000001,0
5,2121,2725,1,0,187.047,0
5,2122,2733,1,0,174.45099999999999,0
5,2123,2741,1,0,164.75200000000001,0
5,2124,2749,1,0,158.44300000000001,0
5,2125,2757,1,0,165.71100000000001,0
5,2126,2765,1,0,155.59800000000001,0
5,2127,2773,1,0,137.13499999999999,0
5,2128,2781,1,0,198.68199999999999,0
5,2129,2789,1,0,182.56100000000001,0
5,2130,2797,1,0,223.41999999999999,0
5,2131,2805,1,0,196.77000000000001,0
5,2132,2813,1,0,169.84,0
5,2133,2821,1,0,175.249,0
5,2134,2829,1,0,167.601,0
5,2135,2837,1,0,109.254,0
5,2136,2845,1,0,146.77000000000001,0
5,2137,2853,1,0,176.38200000000001,0
5,2138,2861,1,0,135.995,0
5,2139,2869,1,0,194.22200000000001,0
5,2140,2877,1,0,175.81700000000001,0
5,2141,2885,1,0,137.614,0
5,2142,2893,1,0,173.304,0
5,2143,2901,1,0,184.92599999999999,0
5,2144,2909,1,0,163.18000000000001,0
5,2145,2917,1,0,183.48599999999999,0
5,2146,2925,1,0,200.01499999999999,0
5,2147,2933,1,0,169.274,0
5,2148,2941,1,0,186.17500000000001,0
5,2149,2949,1,0,198.892,0
5,2150,2957,1,0,145.21899999999999,0
5,2151,2965,1,0,174.07599999999999,0
5,2152,2973,1,0,124.843,0
5,2153,2981,1,0,185.501,0
5,2154,2989,1,0,178.19200000000001,0
5,2155,2997,1,0,163.30699999999999,0
5,2156,3005,1,0,159.601,0
5,2157,3013,1,0,188.411,0
5,2158,3021,1,0,125.42100000000001,0
5,2159,3029,1,0,170.172,0
5,2160,3037,1,0,152.51400000000001,0
5,2161,3045,1,0,184.16800000000001,0
5,2162,3053,1,0,187.65600000000001,0
5,2163,3061,1,0,184.70599999999999,0
5,2164,3069,1,0,174.78200000000001,0
5,2165,3077,1,0,146.22999999999999,0
5,2166,3085,1,0,194.21100000000001,0
5,2167,3093,1,0,170.87200000000001,0
5,2168,3101,1,0,158.16399999999999,0
5,2169,3109,1,0,187.97499999999999,0
5,2170,3117,1,0,171.96700000000001,0
5,2171,3125,1,0,156.37100000000001,0
5,2172,3133,1,0,166.17500000000001,0
5,2173,3141,1,0,189.94200000000001,0
5,2174,3149,1,0,151.26900000000001,0
5,2175,3157,1,0,128.03800000000001,0
5,2176,3165,1,0,137.114,0
5,2177,3173,1,0,182.78200000000001,0
5,2178,3181,1,0,181.69999999999999,0
5,2179,3189,1,0,136.73400000000001,0
5,2180,3197,1,0,176.14500000000001,0
5,2181,3205,1,0,146.98099999999999,0
5,2182,3213,1,0,160.29400000000001,0
5,2183,3221,1,0,177.31100000000001,0
5,2184,3229,1,0,194.32300000000001,0
5,2185,3237,1,0,176.45599999999999,0
5,2186,3245,1,0,180.28800000000001,0
5,2187,3253,1,0,152.37899999999999,0
5,2188,3261,1,0,165.369,0
5,2189,3269,1,0,179.37,0
5,2190,3277,1,0,178.68600000000001,0
5,2191,3285,1,0,199.13399999999999,0
5,2192,3293,1,0,129.459,0
5,2193,3301,1,0,181.00299999999999,0
5,2194,3309,1,0,197.64699999999999,0
5,2195,3317,1,0,131.172,0
5,2196,3325,1,0,219.74600000000001,0
5,2197,3333,1,0,139.37899999999999,0
5,2198,3341,1,0,169.803,0
5,2199,3349,1,0,178.12299999999999,0
5,2200,3357,1,0,167.69300000000001,0
5,2201,3365,1,0,163.45699999999999,0
5,2202,3373,1,0,160.71299999999999,0
5,2203,3381,1,0,174.023,0
5,2204,3389,1,0,163.03700000000001,0
5,2205,3397,1,0,142.11699999999999,0
5,2206,3405,1,0,158.78899999999999,0
5,2207,3413,1,0,165.42400000000001,0
5,2208,3421,1,0,192.77099999999999,0
5,2209,3429,1,0,158.79300000000001,0
5,2210,3437,1,0,176.87799999999999,0
5,2211,3445,1,0,151.779,0
5,2212,3453,1,0,124.10299999999999,0
5,2213,3461,1,0,169.77099999999999,0
5,2214,3469,1,0,179.11699999999999,0
5,2215,3477,1,0,195.57499999999999,0
5,2216,3485,1,0,160.60400000000001,0
5,2217,3493,1,0,137.39699999999999,0
5,2218,3501,1,0,192.35599999999999,0
5,2219,3509,1,0,169.125,0
5,2220,3517,1,0,201.47,0
5,2221,3525,1,0,184.86500000000001,0
5,2222,3533,1,0,168.09200000000001,0
5,2223,3541,1,0,193.904,0
5,2224,3549,1,0,156.309,0
5,2225,3557,1,0,128.65899999999999,0
5,2226,3565,1,0,135.02199999999999,0
5,2227,3573,1,0,191.24199999999999,0
5,2228,3581,1,0,167.24199999999999,0
5,2229,3589,1,0,193.93700000000001,0
5,2230,3597,1,0,169.99799999999999,0
5,2231,3605,1,0,217.578,0
5,2232,3613,1,0,179.95099999999999,0
5,2233,3621,1,0,162.405,0
5,2234,3629,1,0,176.91200000000001,0
5,2235,3637,1,0,166.07300000000001,0
5,2236,3645,1,0,165.15700000000001,0
5,2237,3653,1,0,170.042,0
5,2238,3661,1,0,166.56399999999999,0
5,2239,3669,1,0,132.36600000000001,0
5,2240,3677,1,0,192.11000000000001,0
5,2241,3685,1,0,194.072,0
5,2242,3693,1,0,131.363,0
5,2243,3701,1,0,166.03800000000001,0
5,2244,3709,1,0,186.19499999999999,0
5,2245,3717,1,0,182.21100000000001,0
5,2246,3725,1,0,146.79499999999999,0
5,2247,3733,1,0,199.745,0
5,2248,3741,1,0,177.48099999999999,0
5,2249,3749,1,0,186.34999999999999,0
5,2250,3757,1,0,177.08099999999999,0
5,2251,3765,1,0,179.86199999999999,0
5,2252,3773,1,0,184.768,0
5,2253,3781,1,0,145.489,0
5,2254,3789,1,0,181.048,0
5,2255,3797,1,0,175.607,0
5,2256,3805,1,0,189.755,0
5,2257,3813,1,0,184.203,0
5,2258,3821,1,0,177.589,0
5,2259,3829,1,0,211.35900000000001,0
5,2260,3837,1,0,184.69999999999999,0
5,2261,3845,1,0,171.16999999999999,0
5,2262,3853,1,0,151.428,0
5,2263,3861,1,0,172.21600000000001,0
5,2264,3869,1,0,174.82599999999999,0
5,2265,3877,1,0,181.74299999999999,0
5,2266,3885,1,0,187.47399999999999,0
5,2267,3893,1,0,209.624,0
5,2268,3901,1,0,161.22499999999999,0
5,2269,3909,1,0,190.76900000000001,0
5,2270,3917,1,0,183.30000000000001,0
5,2271,3925,1,0,189.14599999999999,0
5,2272,3933,1,0,190.976,0
5,2273,3941,1,0,161.60300000000001,0
5,2274,3949,1,0,154.845,0
5,2275,3957,1,0,161.25800000000001,0
5,2276,3965,1,0,185.358,0
5,2277,3973,1,0,155.928,0
5,2278,3981,1,0,173.399,0
5,2279,3989,1,0,191.29300000000001,0
5,2280,3997,1,0,190.739,0
5,2281,4005,1,0,173.78999999999999,0
5,2282,4013,1,0,157.22,0
5,2283,4021,1,0,176.375,0
5,2284,4029,1,0,131.77099999999999,0
5,2285,4037,1,0,144.16,0
5,2286,4045,1,0,174.38499999999999,0
5,2287,4053,1,0,192.11699999999999,0
5,2288,4061,1,0,163.684,0
5,2289,4069,1,0,193.66900000000001,0
5,2290,4077,1,0,177.71199999999999,0
5,2291,4085,1,0,190.14500000000001,0
5,2292,4093,1,0,182.839,0
5,2293,4101,1,0,173.798,0
5,2294,4109,1,0,175.96799999999999,0
5,2295,4117,1,0,180.18600000000001,0
5,2296,4125,1,0,174.67500000000001,0
5,2297,4133,1,0,186.94999999999999,0
5,2298,4141,1,0,168.13999999999999,0
5,2299,4149,1,0,130.88300000000001,0
5,2300,4157,1,0,187.64400000000001,0
5,2301,4165,1,0,186.65100000000001,0
5,2302,4173,1,0,183.31399999999999,0
5,2303,4181,1,0,159.453,0
5,2304,4189,1,0,172.50999999999999,0
5,2305,4197,1,0,171.76300000000001,0
5,2306,4205,1,0,177.934,0
5,2307,4213,1,0,218.41,0
5,2308,4221,1,0,177.48400000000001,0
5,2309,4229,1,0,170.733,0
5,2310,4237,1,0,182.62100000000001,0
5,2311,4245,1,0,197.857,0
5,2312,4253,1,0,165.92500000000001,0
5,2313,4261,1,0,190.64500000000001,0
5,2314,4269,1,0,142.858,0
5,2315,4277,1,0,160.15799999999999,0
5,2316,4285,1,0,159.554,0
5,2317,4293,1,0,174.48099999999999,0
5,2318,4301,1,0,178.762,0
5,2319,4309,1,0,126.77,0
5,2320,4317,1,0,197.608,0
5,2321,4325,1,0,180.99000000000001,0
5,2322,4333,1,0,167.97800000000001,0
5,2323,4341,1,0,168.81700000000001,0
5,2324,4349,1,0,189.602,0
5,2325,4357,1,0,173.34999999999999,0
5,2326,4365,1,0,171.65600000000001,0
5,2327,4373,1,0,175.84100000000001,0
5,2328,4381,1,0,123.28,0
5,2329,4389,1,0,171.29499999999999,0
5,2330,4397,1,0,202.369,0
5,2331,4405,1,0,174.268,0
5,2332,4413,1,0,191.65700000000001,0
5,2333,4421,1,0,163.32499999999999,0
5,2334,4429,1,0,172.77500000000001,0
5,2335,4437,1,0,174.095,0
5,2336,4445,1,0,135.67599999999999,0
5,2337,4453,1,0,165.81800000000001,0
5,2338,4461,1,0,137.26400000000001,0
5,2339,4469,1,0,194.46199999999999,0
5,2340,4477,1,0,175.80199999999999,0
5,2341,4485,1,0,189.94399999999999,0
5,2342,4493,1,0,182.77500000000001,0
5,2343,4501,1,0,190.65299999999999,0
5,2344,4509,1,0,185.37899999999999,0
5,2345,4517,1,0,151.99199999999999,0
5,2346,4525,1,0,176.524,0
5,2347,4533,1,0,178.65000000000001,0
5,2348,4541,1,0,172.667,0
5,2349,4549,1,0,177.48099999999999,0
5,2350,4557,1,0,165.05500000000001,0
5,2351,4565,1,0,145.44,0
5,2352,4573,1,0,159.50200000000001,0
5,2353,4581,1,0,151.66,0
5,2354,4589,1,0,178.911,0
5,2355,4597,1,0,178.15199999999999,0
5,2356,4605,1,0,200.327,0
5,2357,4613,1,0,182.72800000000001,0
5,2358,4621,1,0,195.75399999999999,0
5,2359,4629,1,0,180.34200000000001,0
5,2360,4637,1,0,124.663,0
5,2361,4645,1,0,183.66900000000001,0
5,2362,4653,1,0,153.489,0
5,2363,4661,1,0,167.18899999999999,0
5,2364,4669,1,0,172.41200000000001,0
5,2365,4677,1,0,187.233,0
5,2366,4685,1,0,219.565,0
5,2367,4693,1,0,188.392,0
5,2368,4701,1,0,164.86699999999999,0
5,2369,4709,1,0,155.86699999999999,0
5,2370,4717,1,0,181.65299999999999,0
5,2371,4725,1,0,167.124,0
5,2372,4733,1,0,177.298,0
5,2373,4741,1,0,139.13399999999999,0
5,2374,4749,1,0,170.95699999999999,0
5,2375,4757,1,0,181.755,0
5,2376,4765,1,0,164.96700000000001,0
5,2377,4773,1,0,194.422,0
5,2378,4781,1,0,176.57599999999999,0
5,2379,4789,1,0,184.52199999999999,0
5,2380,4797,1,0,196.626,0
5,2381,4805,1,0,138.429,0
5,2382,4813,1,0,172.501,0
5,2383,4821,1,0,141.125,0
5,2384,4829,1,0,205.404,0
5,2385,4837,1,0,172.55000000000001,0
5,2386,4845,1,0,184.76900000000001,0
5,2387,4853,1,0,170.577,0
5,2388,4861,1,0,165.38399999999999,0
5,2389,4869,1,0,162.68799999999999,0
5,2390,4877,1,0,173.83799999999999,0
5,2391,4885,1,0,178.84,0
5,2392,4893,1,0,183.60499999999999,0
5,2393,4901,1,0,163.23599999999999,0
5,2394,4909,1,0,172.017,0
5,2395,4917,1,0,154.11600000000001,0
5,2396,4925,1,0,184.173,0
5,2397,4933,1,0,148.87200000000001,0
5,2398,4941,1,0,185.56700000000001,0
5,2399,4949,1,0,153.18700000000001,0
5,2400,4957,1,0,197.89699999999999,0
5,2401,4965,1,0,174.25399999999999,0
5,2402,4973,1,0,168.32400000000001,0
5,2403,4981,1,0,160.941,0
5,2404,4989,1,0,186.334,0
5,2405,4997,1,0,161.21000000000001,0
5,2406,5005,1,0,177.18899999999999,0
5,2407,5013,1,0,198.22300000000001,0
5,2408,5021,1,0,180.203,0
5,2409,5029,1,0,197.08699999999999,0
5,2410,5037,1,0,179.101,0
5,2411,5045,1,0,188.74799999999999,0
5,2412,5053,1,0,215.71000000000001,0
5,2413,5061,1,0,189.08600000000001,0
5,2414,5069,1,0,159.815,0
5,2415,5077,1,0,141.316,0
5,2416,5085,1,0,173.38399999999999,0
5,2417,5093,1,0,205.69999999999999,0
5,2418,5101,1,0,173.91900000000001,0
5,2419,5109,1,0,172.60900000000001,0
5,2420,5117,1,0,187.626,0
5,2421,5125,1,0,160.285,0
5,2422,5133,1,0,163.512,0
5,2423,5141,1,0,165.874,0
5,2424,5149,1,0,184.73699999999999,0
5,2425,5157,1,0,161.82300000000001,0
5,2426,5165,1,0,137.767,0
5,2427,5173,1,0,178.08699999999999,0
5,2428,5181,1,0,184.03299999999999,0
5,2429,5189,1,0,183.495,0
5,2430,5197,1,0,158.34399999999999,0
5,2431,5205,1,0,193.441,0
5,2432,5213,1,0,176.83199999999999,0
5,2433,5221,1,0,165.952,0
5,2434,5229,1,0,194.839,0
5,2435,5237,1,0,188.34399999999999,0
5,2436,5245,1,0,181.65600000000001,0
5,2437,5253,1,0,139.57300000000001,0
5,2438,5261,1,0,192.35400000000001,0
5,2439,5269,1,0,179.196,0
5,2440,5277,1,0,135.68700000000001,0
5,2441,5285,1,0,186.96000000000001,0
5,2442,5293,1,0,190.87799999999999,0
5,2443,5301,1,0,183.67500000000001,0
5,2444,5309,1,0,136.773,0
5,2445,5317,1,0,194.78700000000001,0
5,2446,5325,1,0,188.863,0
5,2447,5333,1,0,166.922,0
5,2448,5341,1,0,206.53100000000001,0
5,2449,5349,1,0,184.84899999999999,0
5,2450,5357,1,0,191.73099999999999,0
5,2451,5365,1,0,136.00899999999999,0
5,2452,5373,1,0,176.53800000000001,0
5,2453,5381,1,0,137.75800000000001,0
5,2454,5389,1,0,156.46100000000001,0
5,2455,5397,1,0,142.785,0
5,2456,5405,1,0,152.88800000000001,0
5,2457,5413,1,0,181.953,0
5,2458,5421,1,0,111.929,0
5,2459,5429,1,0,178.40199999999999,0
5,2460,5437,1,0,193.262,0
5,2461,5445,1,0,161.524,0
5,2462,5453,1,0,165.92599999999999,0
5,2463,5461,1,0,192.31299999999999,0
5,2464,5469,1,0,165.94999999999999,0
5,2465,5477,1,0,175.12200000000001,0
5,2466,5485,1,0,162.68799999999999,0
5,2467,5493,1,0,211.137,0
5,2468,5501,1,0,191.18799999999999,0
5,2469,5509,1,0,131.131,0
5,2470,5517,1,0,170.101,0
5,2471,5525,1,0,139.309,0
5,2472,5533,1,0,185.673,0
5,2473,5541,1,0,159.708,0
5,2474,5549,1,0,178.518,0
5,2475,5557,1,0,176.678,0
5,2476,5565,1,0,187.01400000000001,0
5,2477,5573,1,0,173.08199999999999,0
5,2478,5581,1,0,156.411,0
5,2479,5589,1,0,193.82400000000001,0
5,2480,5597,1,0,167.32499999999999,0
5,2481,5605,1,0,167.17099999999999,0
5,2482,5613,1,0,171.75999999999999,0
5,2483,5621,1,0,185.49700000000001,0
5,2484,5629,1,0,189.929,0
5,2485,5637,1,0,179.72,0
5,2486,5645,1,0,216.922,0
5,2487,5653,1,0,169.66200000000001,0
5,2488,5661,1,0,136.46000000000001,0
5,2489,5669,1,0,191.96600000000001,0
5,2490,5677,1,0,169.61600000000001,0
5,2491,5685,1,0,196.203,0
5,2492,5693,1,0,185,0
5,2493,5701,1,0,135.63399999999999,0
5,2494,5709,1,0,130.78,0
5,2495,5717,1,0,177.41999999999999,0
5,2496,5725,1,0,191.733,0
5,2497,5733,1,0,162.64599999999999,0
5,2498,5741,1,0,200.78299999999999,0
5,2499,5749,1,0,165.47999999999999,0
5,2500,5757,1,0,149.83000000000001,0
5,2501,5765,1,0,181.851,0
5,2502,5773,1,0,170.393,0
5,2503,5781,1,0,164.19999999999999,0
5,2504,5789,1,0,184.702,0
5,2505,5797,1,0,173.87700000000001,0
5,2506,5805,1,0,177.42500000000001,0
5,2507,5813,1,0,189.33099999999999,0
5,2508,5821,1,0,199.06800000000001,0
5,2509,5829,1,0,173.58099999999999,0
5,2510,5837,1,0,177.845,0
5,2511,5845,1,0,210.02099999999999,0
5,2512,5853,1,0,123.34399999999999,0
5,2513,5861,1,0,180.60900000000001,0
5,2514,5869,1,0,183.32400000000001,0
5,2515,5877,1,0,144.465,0
5,2516,5885,1,0,185.137,0
5,2517,5893,1,0,184.501,0
5,2518,5901,1,0,161.285,0
5,2519,5909,1,0,149.93899999999999,0
5,2520,5917,1,0,213.196,0
5,2521,5925,1,0,117.242,0
5,2522,5933,1,0,166.375,0
5,2523,5941,1,0,130.083,0
5,2524,5949,1,0,187.398,0
5,2525,5957,1,0,172.923,0
5,2526,5965,1,0,208.00399999999999,0
5,2527,5973,1,0,177.755,0
5,2528,5981,1,0,198.38300000000001,0
5,2529,5989,1,0,186.51400000000001,0
5,2530,5997,1,0,175.81200000000001,0
5,2531,6005,1,0,174.61199999999999,0
5,2532,6013,1,0,163.66999999999999,0
5,2533,6021,1,0,204.97,0
5,2534,6029,1,0,165.68299999999999,0
5,2535,6037,1,0,165.67099999999999,0
5,2536,6045,1,0,162.17699999999999,0
5,2537,6053,1,0,188.065,0
5,2538,6061,1,0,170.154,0
5,2539,6069,1,0,159.41,0
5,2540,6077,1,0,186.72999999999999,0
5,2541,6085,1,0,196.16300000000001,0
5,2542,6093,1,0,180.327,0
5,2543,6101,1,0,195.45699999999999,0
5,2544,6109,1,0,165.03800000000001,0
5,2545,6117,1,0,171.21199999999999,0
5,2546,6125,1,0,187.72,0
5,2547,6133,1,0,189.965,0
5,2548,6141,1,0,184.93100000000001,0
5,2549,6149,1,0,212.90600000000001,0
5,2550,6157,1,0,204.22399999999999,0
5,2551,6165,1,0,170.274,0
5,2552,6173,1,0,140.43600000000001,0
5,2553,6181,1,0,188.93299999999999,0
5,2554,6189,1,0,182.56399999999999,0
5,2555,6197,1,0,191.49100000000001,0
5,2556,6205,1,0,186.69399999999999,0
5,2557,6213,1,0,172.56299999999999,0
5,2558,6221,1,0,180.86199999999999,0
5,2559,6229,1,0,185.73500000000001,0
5,2560,6237,1,0,184.011,0
5,2561,6245,1,0,194.97,0
5,2562,6253,1,0,164.61600000000001,0
5,2563,6261,1,0,192.99700000000001,0
5,2564,6269,1,0,189.74199999999999,0
5,2565,6277,1,0,173.59800000000001,0
5,2566,6285,1,0,152.83600000000001,0
5,2567,6293,1,0,173.99000000000001,0
5,2568,6301,1,0,191.61500000000001,0
5,2569,6309,1,0,187.16999999999999,0
5,2570,6317,1,0,184.52199999999999,0
5,2571,6325,1,0,189.428,0
5,2572,6333,1,0,178.69,0
5,2573,6341,1,0,160.14400000000001,0
5,2574,6349,1,0,166.90100000000001,0
5,2575,6357,1,0,206.90700000000001,0
5,2576,6365,1,0,171.56,0
5,2577,6373,1,0,177.74199999999999,0
5,2578,6381,1,0,158.785,0
5,2579,6389,1,0,184.929,0
5,2580,6397,1,0,142.49000000000001,0
5,2581,6405,1,0,178.51499999999999,0
5,2582,6413,1,0,178.09899999999999,0
5,2583,6421,1,0,176.06100000000001,0
5,2584,6429,1,0,180.327,0
5,2585,6437,1,0,164.78899999999999,0
5,2586,6445,1,0,123.629,0
5,2587,6453,1,0,200.60499999999999,0
5,2588,6461,1,0,190.541,0
5,2589,6469,1,0,180.762,0
5,2590,6477,1,0,134.52000000000001,0
5,2591,6485,1,0,149.16499999999999,0
5,2592,6493,1,0,171.142,0
5,2593,6501,1,0,152.73699999999999,0
5,2594,6509,1,0,171.72999999999999,0
5,2595,6517,1,0,141.63800000000001,0
5,2596,6525,1,0,172.91,0
5,2597,6533,1,0,174.38399999999999,0
5,2598,6541,1,0,184.142,0
5,2599,6549,1,0,164.602,0
5,2600,6557,1,0,133.821,0
5,2601,6565,1,0,179.755,0
5,2602,6573,1,0,165.48599999999999,0
5,2603,6581,1,0,166.655,0
5,2604,6589,1,0,188.34100000000001,0
5,2605,6597,1,0,164.65199999999999,0
5,2606,6605,1,0,185.155,0
5,2607,6613,1,0,194.959,0
5,2608,6621,1,0,175.92500000000001,0
5,2609,6629,1,0,146.893,0
5,2610,6637,1,0,197.22300000000001,0
5,2611,6645,1,0,160.352,0
5,2612,6653,1,0,193.28100000000001,0
5,2613,6661,1,0,167.08000000000001,0
5,2614,6669,1,0,155.70099999999999,0
5,2615,6677,1,0,169.786,0
5,2616,6685,1,0,177.88300000000001,0
5,2617,6693,1,0,159.94200000000001,0
5,2618,6701,1,0,176.87799999999999,0
5,2619,6709,1,0,147.93600000000001,0
5,2620,6717,1,0,206.97200000000001,0
5,2621,6725,1,0,153.75899999999999,0
5,2622,6733,1,0,151.506,0
5,2623,6741,1,0,186.221,0
5,2624,6749,1,0,185.262,0
5,2625,6757,1,0,165.46799999999999,0
5,2626,6765,1,0,188.76400000000001,0
5,2627,6773,1,0,154.542,0
5,2628,6781,1,0,187.08000000000001,0
5,2629,6789,1,0,159.62799999999999,0
5,2630,6797,1,0,180.77500000000001,0
5,2631,6805,1,0,187.26900000000001,0
5,2632,6813,1,0,172.44800000000001,0
5,2633,6821,1,0,152.85499999999999,0
5,2634,6829,1,0,150.02600000000001,0
5,2635,6837,1,0,178.179,0
5,2636,6845,1,0,158.27600000000001,0
5,2637,6853,1,0,183.21000000000001,0
5,2638,6861,1,0,141.68600000000001,0
5,2639,6869,1,0,185.005,0
5,2640,6877,1,0,187.154,0
5,2641,6885,1,0,153.20400000000001,0
5,2642,6893,1,0,189.14599999999999,0
5,2643,6901,1,0,203.655,0
5,2644,6909,1,0,156.107,0
5,2645,6917,1,0,183.005,0
5,2646,6925,1,0,147.39699999999999,0
5,2647,6933,1,0,200.09700000000001,0
5,2648,6941,1,0,141.80699999999999,0
5,2649,6949,1,0,190.48699999999999,0
5,2650,6957,1,0,174.5,0
5,2651,6965,1,0,166.06100000000001,0
5,2652,6973,1,0,156.40000000000001,0
5,2653,6981,1,0,195.49299999999999,0
5,2654,6989,1,0,120.34,0
5,2655,6997,1,0,187.02099999999999,0
5,2656,7005,1,0,188.74799999999999,0
5,2657,7013,1,0,155.571,0
5,2658,7021,1,0,122.964,0
5,2659,7029,1,0,180.078,0
5,2660,7037,1,0,157.47399999999999,0
5,2661,7045,1,0,147.50700000000001,0
5,2662,7053,1,0,121.724,0
5,2663,7061,1,0,167.416,0
5,2664,7069,1,0,150.71700000000001,0
5,2665,7077,1,0,195.71000000000001,0
5,2666,7085,1,0,138.542,0
5,2667,7093,1,0,179.11600000000001,0
5,2668,7101,1,0,169.15600000000001,0
5,2669,7109,1,0,172.90600000000001,0
5,2670,7117,1,0,190.471,0
5,2671,7125,1,0,175.934,0
5,2672,7133,1,0,180.13800000000001,0
5,2673,7141,1,0,189.76900000000001,0
5,2674,7149,1,0,189.113,0
5,2675,7157,1,0,170.37,0
5,2676,7165,1,0,187.465,0
5,2677,7173,1,0,127.65300000000001,0
5,2678,7181,1,0,171.756,0
5,2679,7189,1,0,202.64099999999999,0
5,2680,7197,1,0,164.654,0
5,2681,7205,1,0,184.75299999999999,0
5,2682,7213,1,0,168.077,0
5,2683,7221,1,0,175.68700000000001,0
5,2684,7229,1,0,154.90799999999999,0
5,2685,7237,1,0,187.012,0
5,2686,7245,1,0,165.26300000000001,0
5,2687,7253,1,0,163.124,0
5,2688,7261,1,0,166.11799999999999,0
5,2689,7269,1,0,145.642,0
5,2690,7277,1,0,207.637,0
5,2691,7285,1,0,204.649,0
5,2692,7293,1,0,161.482,0
5,2693,7301,1,0,193.72399999999999,0
5,2694,7309,1,0,186.43299999999999,0
5,2695,7317,1,0,166.41300000000001,0
5,2696,7325,1,0,165.38999999999999,0
5,2697,7333,1,0,172.06800000000001,0
5,2698,7341,1,0,160.18799999999999,0
5,2699,7349,1,0,175.44900000000001,0
5,2700,7357,1,0,181.71600000000001,0
5,2701,7365,1,0,195.072,0
5,2702,7373,1,0,166.02699999999999,0
5,2703,7381,1,0,188.095,0
5,2704,7389,1,0,187.14099999999999,0
5,2705,7397,1,0,180.73400000000001,0
5,2706,7405,1,0,125.59999999999999,0
5,2707,7413,1,0,162.15799999999999,0
5,2708,7421,1,0,190.20699999999999,0
5,2709,7429,1,0,206.41399999999999,0
5,2710,7437,1,0,191.078,0
5,2711,7445,1,0,159.47200000000001,0
5,2712,7453,1,0,156.691,0
5,2713,7461,1,0,170.66200000000001,0
5,2714,7469,1,0,158.31399999999999,0
5,2715,7477,1,0,177.59100000000001,0
5,2716,7485,1,0,164.45699999999999,0
5,2717,7493,1,0,192.27199999999999,0
5,2718,7501,1,0,157.07599999999999,0
5,2719,7509,1,0,179.03899999999999,0
5,2720,7517,1,0,156.554,0
5,2721,7525,1,0,190.24100000000001,0
5,2722,7533,1,0,183.97,0
5,2723,7541,1,0,184.87899999999999,0
5,2724,7549,1,0,185.43600000000001,0
5,2725,7557,1,0,174.535,0
5,2726,7565,1,0,168.601,0
5,2727,7573,1,0,200.59700000000001,0
5,2728,7581,1,0,158.77500000000001,0
5,2729,7589,1,0,179.892,0
5,2730,7597,1,0,183.352,0
5,2731,7605,1,0,153.398,0
5,2732,7613,1,0,179.31899999999999,0
5,2733,7621,1,0,196.053,0
5,2734,7629,1,0,174.08500000000001,0
5,2735,7637,1,0,212.291,0
5,2736,7645,1,0,178.07400000000001,0
5,2737,7653,1,0,186.86000000000001,0
5,2738,7661,1,0,167.77000000000001,0
5,2739,7669,1,0,185.42099999999999,0
5,2740,7677,1,0,204.00800000000001,0
5,2741,7685,1,0,193.989,0
5,2742,7693,1,0,198.65799999999999,0
5,2743,7701,1,0,199.65899999999999,0
5,2744,7709,1,0,129.93100000000001,0
5,2745,7717,1,0,206.42599999999999,0
5,2746,7725,1,0,160.56,0
5,2747,7733,1,0,121.976,0
5,2748,7741,1,0,208.96299999999999,0
5,2749,7749,1,0,207.58699999999999,0
5,2750,7757,1,0,172.524,0
5,2751,7765,1,0,190.34299999999999,0
5,2752,7773,1,0,160.55099999999999,0
5,2753,7781,1,0,175.83199999999999,0
5,2754,7789,1,0,180.46299999999999,0
5,2755,7797,1,0,181.16999999999999,0
5,2756,7805,1,0,147.80199999999999,0
5,2757,7813,1,0,202.893,0
5,2758,7821,1,0,192.25,0
5,2759,7829,1,0,165.36699999999999,0
5,2760,7837,1,0,183.35499999999999,0
5,2761,7845,1,0,193.61699999999999,0
5,2762,7853,1,0,164.66399999999999,0
5,2763,7861,1,0,189.90600000000001,0
5,2764,7869,1,0,163.22999999999999,0
5,2765,7877,1,0,147.863,0
5,2766,7885,1,0,146.495,0
5,2767,7893,1,0,134.85400000000001,0
5,2768,7901,1,0,183.67599999999999,0
5,2769,7909,1,0,167.65199999999999,0
5,2770,7917,1,0,180.65600000000001,0
5,2771,7925,1,0,164.72900000000001,0
5,2772,7933,1,0,189.42099999999999,0
5,2773,7941,1,0,190.773,0
5,2774,7949,1,0,134.583,0
5,2775,7957,1,0,129.77000000000001,0
5,2776,7965,1,0,152.91900000000001,0
5,2777,7973,1,0,187.255,0
5,2778,7981,1,0,187.02500000000001,0
5,2779,7989,1,0,171.429,0
5,2780,7997,1,0,149.47900000000001,0
5,2781,8005,1,0,202.124,0
5,2782,8013,1,0,172.047,0
5,2783,8021,1,0,150.11000000000001,0
5,2784,8029,1,0,191.535,0
5,2785,8037,1,0,176.636,0
5,2786,8045,1,0,165.255,0
5,2787,8053,1,0,191.71100000000001,0
5,2788,8061,1,0,193.12100000000001,0
5,2789,8069,1,0,192.84100000000001,0
5,2790,8077,1,0,183.30199999999999,0
5,2791,8085,1,0,151.923,0
5,2792,8093,1,0,144.44399999999999,0
5,2793,8101,1,0,197.69900000000001,0
5,2794,8109,1,0,186.65799999999999,0
5,2795,8117,1,0,184.93299999999999,0
5,2796,8125,1,0,197.94900000000001,0
5,2797,8133,1,0,179.31899999999999,0
5,2798,8141,1,0,156.02099999999999,0
5,2799,8149,1,0,187.77500000000001,0
5,2800,8157,1,0,190.62799999999999,0
5,2801,8165,1,0,205.119,0
5,2802,8173,1,0,173.48099999999999,0
5,2803,8181,1,0,170.642,0
5,2804,8189,1,0,195.5,0
5,2805,8197,1,0,184.911,0
5,2806,8205,1,0,156.99799999999999,0
5,2807,8213,1,0,165.881,0
5,2808,8221,1,0,158.447,0
5,2809,8229,1,0,161.94300000000001,0
5,2810,8237,1,0,183.53999999999999,0
5,2811,8245,1,0,181.45099999999999,0
5,2812,8253,1,0,129.96600000000001,0
5,2813,8261,1,0,191.09399999999999,0
5,2814,8269,1,0,177.72200000000001,0
5,2815,8277,1,0,199.12899999999999,0
5,2816,8285,1,0,157.99000000000001,0
5,2817,8293,1,0,172.38399999999999,0
5,2818,8301,1,0,214.00999999999999,0
5,2819,8309,1,0,187.422,0
5,2820,8317,1,0,196.501,0
5,2821,8325,1,0,171.72800000000001,0
5,2822,8333,1,0,162.83799999999999,0
5,2823,8341,1,0,178.84899999999999,0
5,2824,8349,1,0,166.87899999999999,0
5,2825,8357,1,0,183.05000000000001,0
5,2826,8365,1,0,182.03800000000001,0
5,2827,8373,1,0,173.96199999999999,0
5,2828,8381,1,0,183.77600000000001,0
5,2829,8389,1,0,177.93199999999999,0
5,2830,8397,1,0,185.15899999999999,0
5,2831,8405,1,0,186.779,0
5,2832,8413,1,0,172.601,0
5,2833,8421,1,0,181.714,0
5,2834,8429,1,0,153.34299999999999,0
5,2835,8437,1,0,182.44900000000001,0
5,2836,8445,1,0,147.02799999999999,0
5,2837,8453,1,0,168.52799999999999,0
5,2838,8461,1,0,167.09700000000001,0
5,2839,8469,1,0,171.13999999999999,0
5,2840,8477,1,0,193.488,0
5,2841,8485,1,0,174.61199999999999,0
5,2842,8493,1,0,148.209,0
5,2843,8501,1,0,191.666,0
5,2844,8509,1,0,151.48699999999999,0
5,2845,8517,1,0,184.82900000000001,0
5,2846,8525,1,0,199.99100000000001,0
5,2847,8533,1,0,177.94,0
5,2848,8541,1,0,200.114,0
5,2849,8549,1,0,198.37,0
5,2850,8557,1,0,180.35599999999999,0
5,2851,8565,1,0,174.148,0
5,2852,8573,1,0,186.21100000000001,0
5,2853,8581,1,0,130.625,0
5,2854,8589,1,0,186.44399999999999,0
5,2855,8597,1,0,185.666,0
5,2856,8605,1,0,160.43199999999999,0
5,2857,8613,1,0,193.328,0
5,2858,8621,1,0,177.666,0
5,2859,8629,1,0,183.14500000000001,0
5,2860,8637,1,0,179.922,0
5,2861,8645,1,0,164.74299999999999,0
5,2862,8653,1,0,162.53800000000001,0
5,2863,8661,1,0,189.91999999999999,0
5,2864,8669,1,0,172.27000000000001,0
5,2865,8677,1,0,143.398,0
5,2866,8685,1,0,193.98699999999999,0
5,2867,8693,1,0,174.65700000000001,0
5,2868,8701,1,0,179.43899999999999,0
5,2869,8709,1,0,173.44,0
5,2870,8717,1,0,199.447,0
5,2871,8725,1,0,202.63399999999999,0
5,2872,8733,1,0,171.37700000000001,0
5,2873,8741,1,0,148.51499999999999,0
5,2874,8749,1,0,220.16300000000001,0
5,2875,8757,1,0,175.84299999999999,0
5,2876,8765,1,0,147.83600000000001,0
5,2877,8773,1,0,163.70599999999999,0
5,2878,8781,1,0,152.41300000000001,0
5,2879,8789,1,0,178.27199999999999,0
5,2880,8797,1,0,145.02099999999999,0
5,2881,8805,1,0,184.494,0
5,2882,8813,1,0,198.435,0
5,2883,8821,1,0,178.78899999999999,0
5,2884,8829,1,0,167.626,0
5,2885,8837,1,0,185.28,0
5,2886,8845,1,0,167.48699999999999,0
5,2887,8853,1,0,187.05000000000001,0
5,2888,8861,1,0,165.88300000000001,0
5,2889,8869,1,0,176.94499999999999,0
5,2890,8877,1,0,177.602,0
5,2891,8885,1,0,153.114,0
5,2892,8893,1,0,172.98699999999999,0
5,2893,8901,1,0,194.15299999999999,0
5,2894,8909,1,0,132.24600000000001,0
5,2895,8917,1,0,162.56999999999999,0
5,2896,8925,1,0,193.001,0
5,2897,8933,1,0,169.63499999999999,0
5,2898,8941,1,0,185.94800000000001,0
5,2899,8949,1,0,181.684,0
5,2900,8957,1,0,177.542,0
5,2901,8965,1,0,180.44999999999999,0
5,2902,8973,1,0,181.86199999999999,0
5,2903,8981,1,0,171.48500000000001,0
5,2904,8989,1,0,183.59700000000001,0
5,2905,8997,1,0,178.17500000000001,0
5,2906,9005,1,0,175.43299999999999,0
5,2907,9013,1,0,153.16300000000001,0
5,2908,9021,1,0,190.24199999999999,0
5,2909,9029,1,0,187.446,0
5,2910,9037,1,0,159.66499999999999,0
5,2911,9045,1,0,196.68799999999999,0
5,2912,9053,1,0,161.25399999999999,0
5,2913,9061,1,0,181.48400000000001,0
5,2914,9069,1,0,172.58500000000001,0
5,2915,9077,1,0,165.143,0
5,2916,9085,1,0,133.875,0
5,2917,9093,1,0,181.23699999999999,0
5,2918,9101,1,0,184.708,0
5,2919,9109,1,0,193.346,0
5,2920,9117,1,0,173.95500000000001,0
5,2921,9125,1,0,182.78899999999999,0
5,2922,9133,1,0,170.53999999999999,0
5,2923,9141,1,0,135.93199999999999,0
5,2924,9149,1,0,206.63900000000001,0
5,2925,9157,1,0,118.676,0
5,2926,9165,1,0,180.81899999999999,0
5,2927,9173,1,0,198.89400000000001,0
5,2928,9181,1,0,168.803,0
5,2929,9189,1,0,178.21000000000001,0
5,2930,9197,1,0,196.74100000000001,0
5,2931,9205,1,0,175.14400000000001,0
5,2932,9213,1,0,203.74299999999999,0
5,2933,9221,1,0,193.01499999999999,0
5,2934,9229,1,0,199.45099999999999,0
5,2935,9237,1,0,123.843,0
5,2936,9245,1,0,185.65299999999999,0
5,2937,9253,1,0,157.37899999999999,0
5,2938,9261,1,0,178.71600000000001,0
5,2939,9269,1,0,189.845,0
5,2940,9277,1,0,148.13900000000001,0
5,2941,9285,1,0,110.94499999999999,0
5,2942,9293,1,0,185.358,0
5,2943,9301,1,0,163.88900000000001,0
5,2944,9309,1,0,135.751,0
5,2945,9317,1,0,152.22499999999999,0
5,2946,9325,1,0,195.179,0
5,2947,9333,1,0,150.49799999999999,0
5,2948,9341,1,0,145.13499999999999,0
5,2949,9349,1,0,150.05199999999999,0
5,2950,9357,1,0,181.92500000000001,0
5,2951,9365,1,0,188.59299999999999,0
5,2952,9373,1,0,182.13800000000001,0
5,2953,9381,1,0,171.07400000000001,0
5,2954,9389,1,0,162.672,0
5,2955,9397,1,0,187.81,0
5,2956,9405,1,0,184.79499999999999,0
5,2957,9413,1,0,178.67500000000001,0
5,2958,9421,1,0,204.97399999999999,0
5,2959,9429,1,0,179.67599999999999,0
5,2960,9437,1,0,127.598,0
5,2961,9445,1,0,162.881,0
5,2962,9453,1,0,182.52000000000001,0
5,2963,9461,1,0,193.898,0
5,2964,9469,1,0,158.637,0
5,2965,9477,1,0,191.92400000000001,0
5,2966,9485,1,0,136.321,0
5,2967,9493,1,0,187.71100000000001,0
5,2968,9501,1,0,124.45999999999999,0
5,2969,9509,1,0,173.56100000000001,0
5,2970,9517,1,0,175.358,0
5,2971,9525,1,0,186.41999999999999,0
5,2972,9533,1,0,143.959,0
5,2973,9541,1,0,154.91499999999999,0
5,2974,9549,1,0,156.161,0
5,2975,9557,1,0,172.114,0
5,2976,9565,1,0,193.06100000000001,0
5,2977,9573,1,0,171.80600000000001,0
5,2978,9581,1,0,190.89099999999999,0
5,2979,9589,1,0,193.56899999999999,0
5,2980,9597,1,0,138.798,0
5,2981,9605,1,0,168.43799999999999,0
5,2982,9613,1,0,183.80199999999999,0
5,2983,9621,1,0,190.37700000000001,0
5,2984,9629,1,0,155.88499999999999,0
5,2985,9637,1,0,164.69,0
5,2986,9645,1,0,187.779,0
5,2987,9653,1,0,193.91999999999999,0
5,2988,9661,1,0,185.892,0
5,2989,9669,1,0,175.50200000000001,0
5,2990,9677,1,0,151.04599999999999,0
5,2991,9685,1,0,176.48500000000001,0
5,2992,9693,1,0,129.726,0
5,2993,9701,1,0,158.458,0
5,2994,9709,1,0,182.31399999999999,0
5,2995,9717,1,0,151.917,0
5,2996,9725,1,0,199.44499999999999,0
5,2997,9733,1,0,178.12700000000001,0
5,2998,9741,1,0,187.85499999999999,0
5,2999,9749,1,0,183.898,0
5,3000,9757,1,0,179.63999999999999,0
5,3001,9765,1,0,172.14599999999999,0
5,3002,9773,1,0,187.64400000000001,0
5,3003,9781,1,0,183.63,0
5,3004,9789,1,0,127.761,0
5,3005,9797,1,0,137.702,0
5,3006,9805,1,0,160.22300000000001,0
5,3007,9813,1,0,179.512,0
5,3008,9821,1,0,181.178,0
5,3009,9829,1,0,182.363,0
5,3010,9837,1,0,168.58699999999999,0
5,3011,9845,1,0,171.90000000000001,0
5,3012,9853,1,0,156.416,0
5,3013,9861,1,0,180.55799999999999,0
5,3014,9869,1,0,175.404,0
5,3015,9877,1,0,198.56200000000001,0
5,3016,9885,1,0,166.25399999999999,0
5,3017,9893,1,0,173.95699999999999,0
5,3018,9901,1,0,181.011,0
5,3019,9909,1,0,180.209,0
5,3020,9917,1,0,193.732,0
5,3021,9925,1,0,185.624,0
5,3022,9933,1,0,168.86099999999999,0
5,3023,9941,1,0,199.00800000000001,0
5,3024,9949,1,0,184.65000000000001,0
5,3025,9957,1,0,178.38399999999999,0
5,3026,9965,1,0,201.48500000000001,0
5,3027,9973,1,0,185.83500000000001,0
5,3028,9981,1,0,184.964,0
5,3029,9989,1,0,155.46100000000001,0
5,3030,9997,1,0,166.12799999999999,0
5,3031,10005,1,0,168.773,0
5,3032,10013,1,0,176.64099999999999,0
5,3033,10021,1,0,136.977,0
5,3034,10029,1,0,196.35400000000001,0
5,3035,10037,1,0,210.56899999999999,0
5,3036,10045,1,0,133.66800000000001,0
5,3037,10053,1,0,178.77199999999999,0
5,3038,10061,1,0,186.291,0
5,3039,10069,1,0,186.75399999999999,0
5,3040,10077,1,0,154.47399999999999,0
5,3041,10085,1,0,180.63399999999999,0
5,3042,10093,1,0,171.67500000000001,0
5,3043,10101,1,0,205.19200000000001,0
5,3044,10109,1,0,152.02500000000001,0
5,3045,10117,1,0,203.398,0
5,3046,10125,1,0,184.529,0
5,3047,10133,1,0,193.27799999999999,0
5,3048,10141,1,0,183.53999999999999,0
5,3049,10149,1,0,171.988,0
5,3050,10157,1,0,202.12,0
5,3051,10165,1,0,135.756,0
5,3052,10173,1,0,175.83799999999999,0
5,3053,10181,1,0,125.883,0
5,3054,10189,1,0,168.52500000000001,0
5,3055,10197,1,0,175.06399999999999,0
5,3056,10205,1,0,164.273,0
5,3057,10213,1,0,186.797,0
5,3058,10221,1,0,183.827,0
5,3059,10229,1,0,176.68000000000001,0
5,3060,10237,1,0,182.84700000000001,0
5,3061,10245,1,0,178.959,0
5,3062,10253,1,0,180.24799999999999,0
5,3063,10261,1,0,175.89500000000001,0
5,3064,10269,1,0,148.52600000000001,0
5,3065,10277,1,0,179.56700000000001,0
5,3066,10285,1,0,151.40299999999999,0
5,3067,10293,1,0,175.09,0
5,3068,10301,1,0,176.55000000000001,0
5,3069,10309,1,0,167.58799999999999,0
5,3070,10317,1,0,174.06200000000001,0
5,3071,10325,1,0,167.21799999999999,0
5,3072,10333,1,0,191.583,0
5,3073,10341,1,0,163.43199999999999,0
5,3074,10349,1,0,173.29499999999999,0
5,3075,10357,1,0,176.23699999999999,0
5,3076,10365,1,0,190.13900000000001,0
5,3077,10373,1,0,140.524,0
5,3078,10381,1,0,174.572,0
5,3079,10389,1,0,196.029,0
5,3080,10397,1,0,147.697,0
5,3081,10405,1,0,183.024,0
5,3082,10413,1,0,171.50200000000001,0
5,3083,10421,1,0,183.999,0
5,3084,10429,1,0,173.458,0
5,3085,10437,1,0,163.374,0
5,3086,10445,1,0,133.953,0
5,3087,10453,1,0,167.584,0
5,3088,10461,1,0,193.53,0
5,3089,10469,1,0,178.06800000000001,0
5,3090,10477,1,0,187.38399999999999,0
5,3091,10485,1,0,190.48500000000001,0
5,3092,10493,1,0,158.61199999999999,0
5,3093,10501,1,0,149.523,0
5,3094,10509,1,0,185.63999999999999,0
5,3095,10517,1,0,204.11500000000001,0
5,3096,10525,1,0,136.49199999999999,0
5,3097,10533,1,0,195.096,0
5,3098,10541,1,0,172.267,0
5,3099,10549,1,0,171.85300000000001,0
5,3100,10557,1,0,187.55199999999999,0
5,3101,10565,1,0,186.929,0
5,3102,10573,1,0,156.06999999999999,0
5,3103,10581,1,0,157.66,0
5,3104,10589,1,0,136.99700000000001,0
5,3105,10597,1,0,155.54300000000001,0
5,3106,10605,1,0,175.47499999999999,0
5,3107,10613,1,0,185.42400000000001,0
5,3108,10621,1,0,199.904,0
5,3109,10629,1,0,178.44800000000001,0
5,3110,10637,1,0,179.30099999999999,0
5,3111,10645,1,0,195.39699999999999,0
5,3112,10653,1,0,174.55600000000001,0
5,3113,10661,1,0,188.268,0
5,3114,10669,1,0,148.08000000000001,0
5,3115,10677,1,0,167.268,0
5,3116,10685,1,0,156.185,0
5,3117,10693,1,0,158.22300000000001,0
5,3118,10701,1,0,180.23699999999999,0
5,3119,10709,1,0,216.02600000000001,0
5,3120,10717,1,0,159.965,0
5,3121,10725,1,0,138.124,0
5,3122,10733,1,0,182.05799999999999,0
5,3123,10741,1,0,144.09800000000001,0
5,3124,10749,1,0,172.202,0
5,3125,10757,1,0,181.86600000000001,0
5,3126,10765,1,0,144.89699999999999,0
5,3127,10773,1,0,184.999,0
5,3128,10781,1,0,240.89400000000001,0
5,3129,10789,1,0,172.68700000000001,0
5,3130,10797,1,0,144.81,0
5,3131,10805,1,0,188.59100000000001,0
5,3132,10813,1,0,138.74700000000001,0
5,3133,10821,1,0,181.40199999999999,0
5,3134,10829,1,0,144.608,0
5,3135,10837,1,0,159.642,0
5,3136,10845,1,0,170.959,0
5,3137,10853,1,0,176.49000000000001,0
5,3138,10861,1,0,156.202,0
5,3139,10869,1,0,131.648,0
5,3140,10877,1,0,193.51300000000001,0
5,3141,10885,1,0,192.804,0
5,3142,10893,1,0,154.738,0
5,3143,10901,1,0,182.52500000000001,0
5,3144,10909,1,0,202.74299999999999,0
5,3145,10917,1,0,188.435,0
5,3146,10925,1,0,200.53700000000001,0
5,3147,10933,1,0,183.386,0
5,3148,10941,1,0,130.477,0
5,3149,10949,1,0,146.322,0
5,3150,10957,1,0,140.732,0
5,3151,10965,1,0,173.203,0
5,3152,10973,1,0,192.70099999999999,0
5,3153,10981,1,0,188.91499999999999,0
5,3154,10989,1,0,189.76300000000001,0
5,3155,10997,1,0,197.78899999999999,0
5,3156,11005,1,0,185.84100000000001,0
5,3157,11013,1,0,177.88900000000001,0
5,3158,11021,1,0,140,0
5,3159,11029,1,0,172.13300000000001,0
5,3160,11037,1,0,187.98599999999999,0
5,3161,11045,1,0,168.876,0
5,3162,11053,1,0,183.756,0
5,3163,11061,1,0,185.75800000000001,0
5,3164,11069,1,0,188.18000000000001,0
5,3165,11077,1,0,187.583,0
5,3166,11085,1,0,174.096,0
5,3167,11093,1,0,165.59299999999999,0
5,3168,11101,1,0,173.73400000000001,0
5,3169,11109,1,0,212.131,0
5,3170,11117,1,0,193.65100000000001,0
5,3171,11125,1,0,206.00399999999999,0
5,3172,11133,1,0,186.601,0
5,3173,11141,1,0,148.28899999999999,0
5,3174,11149,1,0,128.33799999999999,0
5,3175,11157,1,0,191.56800000000001,0
5,3176,11165,1,0,153.23099999999999,0
5,3177,11173,1,0,187.208,0
5,3178,11181,1,0,168.642,0
5,3179,11189,1,0,156.14500000000001,0
5,3180,11197,1,0,190.95500000000001,0
5,3181,11205,1,0,191.178,0
5,3182,11213,1,0,159.62799999999999,0
5,3183,11221,1,0,148.619,0
5,3184,11229,1,0,203.89599999999999,0
5,3185,11237,1,0,187.52000000000001,0
5,3186,11245,1,0,174.381,0
5,3187,11253,1,0,159.49199999999999,0
5,3188,11261,1,0,208.40799999999999,0
5,3189,11269,1,0,130.10900000000001,0
5,3190,11277,1,0,161.00899999999999,0
5,3191,11285,1,0,203.19200000000001,0
5,3192,11293,1,0,199.20099999999999,0
5,3193,11301,1,0,181.899,0
5,3194,11309,1,0,185.59200000000001,0
5,3195,11317,1,0,179.529,0
5,3196,11325,1,0,182.30600000000001,0
5,3197,11333,1,0,178.19200000000001,0
5,3198,11341,1,0,177.535,0
5,3199,11349,1,0,191.304,0
5,3200,11357,1,0,210.89599999999999,0
5,3201,11365,1,0,196.018,0
5,3202,11373,1,0,122.88200000000001,0
5,3203,11381,1,0,187.904,0
5,3204,11389,1,0,155.113,0
5,3205,11397,1,0,141.631,0
5,3206,11405,1,0,173.37700000000001,0
5,3207,11413,1,0,188.90799999999999,0
5,3208,11421,1,0,168.25999999999999,0
5,3209,11429,1,0,162.38900000000001,0
5,3210,11437,1,0,191.68100000000001,0
5,3211,11445,1,0,162.398,0
5,3212,11453,1,0,183.529,0
5,3213,11461,1,0,160.11199999999999,0
5,3214,11469,1,0,173.834,0
5,3215,11477,1,0,173.78899999999999,0
5,3216,11485,1,0,174.62,0
5,3217,11493,1,0,187.18700000000001,0
5,3218,11501,1,0,193.74199999999999,0
5,3219,11509,1,0,120.746,0
5,3220,11517,1,0,185.91499999999999,0
5,3221,11525,1,0,173.697,0
5,3222,11533,1,0,179.505,0
5,3223,11541,1,0,177.86799999999999,0
5,3224,11549,1,0,197.61799999999999,0
5,3225,11557,1,0,196.93299999999999,0
5,3226,11565,1,0,161.02500000000001,0
5,3227,11573,1,0,197.50899999999999,0
5,3228,11581,1,0,197.09700000000001,0
5,3229,11589,1,0,149.43100000000001,0
5,3230,11597,1,0,179.661,0
5,3231,11605,1,0,140.792,0
5,3232,11613,1,0,172.929,0
5,3233,11621,1,0,178.09299999999999,0
5,3234,11629,1,0,213.19499999999999,0
5,3235,11637,1,0,184.99299999999999,0
5,3236,11645,1,0,207.386,0
5,3237,11653,1,0,135.89699999999999,0
5,3238,11661,1,0,136.798,0
5,3239,11669,1,0,184,0
5,3240,11677,1,0,202.048,0
5,3241,11685,1,0,160.041,0
5,3242,11693,1,0,171.101,0
5,3243,11701,1,0,169.61699999999999,0
5,3244,11709,1,0,188.726,0
5,3245,11717,1,0,163.595,0
5,3246,11725,1,0,204.81,0
5,3247,11733,1,0,177.34399999999999,0
5,3248,11741,1,0,173.755,0
5,3249,11749,1,0,189.352,0
5,3250,11757,1,0,161.29599999999999,0
5,3251,11765,1,0,169.017,0
5,3252,11773,1,0,132.791,0
5,3253,11781,1,0,173.59,0
5,3254,11789,1,0,190.41499999999999,0
5,3255,11797,1,0,145.732,0
5,3256,11805,1,0,189.678,0
5,3257,11813,1,0,164.88900000000001,0
5,3258,11821,1,0,200.00399999999999,0
5,3259,11829,1,0,187.64699999999999,0
5,3260,11837,1,0,178.148,0
5,3261,11845,1,0,185.68299999999999,0
5,3262,11853,1,0,191.66,0
5,3263,11861,1,0,166.249,0
5,3264,11869,1,0,178.93199999999999,0
5,3265,11877,1,0,136.48099999999999,0
5,3266,11885,1,0,174.75700000000001,0
5,3267,11893,1,0,180.84,0
5,3268,11901,1,0,147.24100000000001,0
5,3269,11909,1,0,184.50399999999999,0
5,3270,11917,1,0,165.5,0
5,3271,11925,1,0,174.256,0
5,3272,11933,1,0,140.083,0
5,3273,11941,1,0,190.173,0
5,3274,11949,1,0,164.51900000000001,0
5,3275,11957,1,0,175.25700000000001,0
5,3276,11965,1,0,190.95400000000001,0
5,3277,11973,1,0,170.72,0
5,3278,11981,1,0,155.637,0
5,3279,11989,1,0,165.65700000000001,0
5,3280,11997,1,0,190.40299999999999,0
5,3281,12005,1,0,172.87799999999999,0
5,3282,12013,1,0,188.84299999999999,0
5,3283,12021,1,0,188.005,0
5,3284,12029,1,0,197.14699999999999,0
5,3285,12037,1,0,152.596,0
5,3286,12045,1,0,160.08000000000001,0
5,3287,12053,1,0,192.19499999999999,0
5,3288,12061,1,0,185.97999999999999,0
5,3289,12069,1,0,186.786,0
5,3290,12077,1,0,182.11500000000001,0
5,3291,12085,1,0,178.80799999999999,0
5,3292,12093,1,0,170.066,0
5,3293,12101,1,0,174.21199999999999,0
5,3294,12109,1,0,184.18199999999999,0
5,3295,12117,1,0,181.208,0
5,3296,12125,1,0,186.36000000000001,0
5,3297,12133,1,0,195.358,0
5,3298,12141,1,0,166.97800000000001,0
5,3299,12149,1,0,165.488,0
5,3300,12157,1,0,188.45599999999999,0
5,3301,12165,1,0,182.94300000000001,0
5,3302,12173,1,0,188.24299999999999,0
5,3303,12181,1,0,187.53999999999999,0
5,3304,12189,1,0,178.995,0
5,3305,12197,1,0,189.22800000000001,0
5,3306,12205,1,0,134.25800000000001,0
5,3307,12213,1,0,168.91399999999999,0
5,3308,12221,1,0,132.458,0
5,3309,12229,1,0,200.86600000000001,0
5,3310,12237,1,0,164.29400000000001,0
5,3311,12245,1,0,203.23699999999999,0
5,3312,12253,1,0,145.84,0
5,3313,12261,1,0,140.96299999999999,0
5,3314,12269,1,0,162.68100000000001,0
5,3315,12277,1,0,155.047,0
5,3316,12285,1,0,147.875,0
5,3317,12293,1,0,197.55500000000001,0
5,3318,12301,1,0,178.583,0
5,3319,12309,1,0,154.726,0
5,3320,12317,1,0,185.44999999999999,0
5,3321,12325,1,0,197.41499999999999,0
5,3322,12333,1,0,187.17500000000001,0
5,3323,12341,1,0,196.71700000000001,0
5,3324,12349,1,0,185.80600000000001,0
5,3325,12357,1,0,173.24799999999999,0
5,3326,12365,1,0,174.71700000000001,0
5,3327,12373,1,0,177.04599999999999,0
5,3328,12381,1,0,179.52500000000001,0
5,3329,12389,1,0,188.32400000000001,0
5,3330,12397,1,0,165.39500000000001,0
5,3331,12405,1,0,169.43299999999999,0
5,3332,12413,1,0,173.19200000000001,0
5,3333,12421,1,0,191.95400000000001,0
5,3334,12429,1,0,158.648,0
5,3335,12437,1,0,194.63499999999999,0
5,3336,12445,1,0,182.816,0
5,3337,12453,1,0,181.84299999999999,0
5,3338,12461,1,0,132.952,0
5,3339,12469,1,0,197.50299999999999,0
5,3340,12477,1,0,135.11600000000001,0
5,3341,12485,1,0,164.72200000000001,0
5,3342,12493,1,0,187.655,0
5,3343,12501,1,0,172.92699999999999,0
5,3344,12509,1,0,196.19300000000001,0
5,3345,12517,1,0,180.309,0
5,3346,12525,1,0,189.11099999999999,0
5,3347,12533,1,0,168.13499999999999,0
5,3348,12541,1,0,165.69800000000001,0
5,3349,12549,1,0,172.26300000000001,0
5,3350,12557,1,0,166.774,0
5,3351,12565,1,0,174.346,0
5,3352,12573,1,0,192.97200000000001,0
5,3353,12581,1,0,122.036,0
5,3354,12589,1,0,167.536,0
5,3355,12597,1,0,175.65899999999999,0
5,3356,12605,1,0,180.173,0
5,3357,12613,1,0,176.29900000000001,0
5,3358,12621,1,0,210.751,0
5,3359,12629,1,0,165.84700000000001,0
5,3360,12637,1,0,183.233,0
5,3361,12645,1,0,158.93000000000001,0
5,3362,12653,1,0,153.024,0
5,3363,12661,1,0,181.47499999999999,0
5,3364,12669,1,0,179.935,0
5,3365,12677,1,0,178.589,0
5,3366,12685,1,0,167.59100000000001,0
5,3367,12693,1,0,135.196,0
5,3368,12701,1,0,189.91800000000001,0
5,3369,12709,1,0,198.34700000000001,0
5,3370,12717,1,0,172.46299999999999,0
5,3371,12725,1,0,169.10499999999999,0
5,3372,12733,1,0,182.435,0
5,3373,12741,1,0,165.55799999999999,0
5,3374,12749,1,0,165.97399999999999,0
5,3375,12757,1,0,171.398,0
5,3376,12765,1,0,150.72300000000001,0
5,3377,12773,1,0,170.995,0
5,3378,12781,1,0,197.24000000000001,0
5,3379,12789,1,0,168.18899999999999,0
5,3380,12797,1,0,176.136,0
5,3381,12805,1,0,158.346,0
5,3382,12813,1,0,187.80099999999999,0
5,3383,12821,1,0,176.13399999999999,0
5,3384,12829,1,0,156.80000000000001,0
5,3385,12837,1,0,193.75200000000001,0
5,3386,12845,1,0,184.864,0
5,3387,12853,1,0,181.679,0
5,3388,12861,1,0,174.89599999999999,0
5,3389,12869,1,0,140.69300000000001,0
5,3390,12877,1,0,170.41200000000001,0
5,3391,12885,1,0,184.73400000000001,0
5,3392,12893,1,0,175.69999999999999,0
5,3393,12901,1,0,197.94999999999999,0
5,3394,12909,1,0,167.98699999999999,0
5,3395,12917,1,0,184.191,0
5,3396,12925,1,0,173.79499999999999,0
5,3397,12933,1,0,198.72399999999999,0
5,3398,12941,1,0,180.49299999999999,0
5,3399,12949,1,0,193.03800000000001,0
5,3400,12957,1,0,173.786,0
5,3401,12965,1,0,181.196,0
5,3402,12973,1,0,184.51599999999999,0
5,3403,12981,1,0,157.46199999999999,0
5,3404,12989,1,0,165.614,0
5,3405,12997,1,0,152.11500000000001,0
5,3406,13005,1,0,135.828,0
5,3407,13013,1,0,173.41399999999999,0
5,3408,13021,1,0,163.74100000000001,0
5,3409,13029,1,0,179.76499999999999,0
5,3410,13037,1,0,175.715,0
5,3411,13045,1,0,142.346,0
5,3412,13053,1,0,176.18899999999999,0
5,3413,13061,1,0,213.364,0
5,3414,13069,1,0,183.78,0
5,3415,13077,1,0,170.62200000000001,0
5,3416,13085,1,0,178.38800000000001,0
5,3417,13093,1,0,158.29599999999999,0
5,3418,13101,1,0,172.99799999999999,0
5,3419,13109,1,0,151.42500000000001,0
5,3420,13117,1,0,170.191,0
5,3421,13125,1,0,208.40799999999999,0
5,3422,13133,1,0,161.42599999999999,0
5,3423,13141,1,0,185.40000000000001,0
5,3424,13149,1,0,164.84800000000001,0
5,3425,13157,1,0,138.626,0
5,3426,13165,1,0,186.50800000000001,0
5,3427,13173,1,0,195.375,0
5,3428,13181,1,0,167.05600000000001,0
5,3429,13189,1,0,209.81999999999999,0
5,3430,13197,1,0,170.11600000000001,0
5,3431,13205,1,0,201.459,0
5,3432,13213,1,0,178.643,0
5,3433,13221,1,0,176.17099999999999,0
5,3434,13229,1,0,161.78999999999999,0
5,3435,13237,1,0,167.102,0
5,3436,13245,1,0,181.59200000000001,0
5,3437,13253,1,0,198.49799999999999,0
5,3438,13261,1,0,172.64699999999999,0
5,3439,13269,1,0,174.41800000000001,0
5,3440,13277,1,0,166.43299999999999,0
5,3441,13285,1,0,185.857,0
5,3442,13293,1,0,193.327,0
5,3443,13301,1,0,194.166,0
5,3444,13309,1,0,191.69800000000001,0
5,3445,13317,1,0,185.631,0
5,3446,13325,1,0,167.404,0
5,3447,13333,1,0,187.18899999999999,0
5,3448,13341,1,0,175.58000000000001,0
5,3449,13349,1,0,147.65199999999999,0
5,3450,13357,1,0,159.76400000000001,0
5,3451,13365,1,0,151.858,0
5,3452,13373,1,0,171.804,0
5,3453,13381,1,0,154.59800000000001,0
5,3454,13389,1,0,188.05099999999999,0
5,3455,13397,1,0,139.68199999999999,0
5,3456,13405,1,0,167.804,0
5,3457,13413,1,0,177.11799999999999,0
5,3458,13421,1,0,189.839,0
5,3459,13429,1,0,193.255,0
5,3460,13437,1,0,176.96199999999999,0
5,3461,13445,1,0,147.47300000000001,0
5,3462,13453,1,0,177.56,0
5,3463,13461,1,0,145.45099999999999,0
5,3464,13469,1,0,168.05699999999999,0
5,3465,13477,1,0,163.709,0
5,3466,13485,1,0,191.55099999999999,0
5,3467,13493,1,0,153.41200000000001,0
5,3468,13501,1,0,195.846,0
5,3469,13509,1,0,184.22800000000001,0
5,3470,13517,1,0,178.80199999999999,0
5,3471,13525,1,0,178.38900000000001,0
5,3472,13533,1,0,193.28700000000001,0
5,3473,13541,1,0,173.768,0
5,3474,13549,1,0,150.607,0
5,3475,13557,1,0,194.072,0
5,3476,13565,1,0,160.113,0
5,3477,13573,1,0,167.84899999999999,0
5,3478,13581,1,0,171.95599999999999,0
5,3479,13589,1,0,185.74700000000001,0
5,3480,13597,1,0,184.72999999999999,0
5,3481,13605,1,0,174.11500000000001,0
5,3482,13613,1,0,195.53700000000001,0
5,3483,13621,1,0,173.102,0
5,3484,13629,1,0,196.916,0
5,3485,13637,1,0,178.46299999999999,0
5,3486,13645,1,0,189.98599999999999,0
5,3487,13653,1,0,181.30099999999999,0
5,3488,13661,1,0,159.04300000000001,0
5,3489,13669,1,0,158.821,0
5,3490,13677,1,0,192.85400000000001,0
5,3491,13685,1,0,169.78399999999999,0
5,3492,13693,1,0,205.50399999999999,0
5,3493,13701,1,0,197.02099999999999,0
5,3494,13709,1,0,166.10900000000001,0
5,3495,13717,1,0,157.03399999999999,0
5,3496,13725,1,0,175.15100000000001,0
5,3497,13733,1,0,186.84,0
5,3498,13741,1,0,178.87700000000001,0
5,3499,13749,1,0,167.90299999999999,0
5,3500,13757,1,0,193.679,0
5,3501,13765,1,0,155.00999999999999,0
5,3502,13773,1,0,179.25,0
5,3503,13781,1,0,140.41499999999999,0
5,3504,13789,1,0,184.22999999999999,0
5,3505,13797,1,0,198.60599999999999,0
5,3506,13805,1,0,184.21299999999999,0
5,3507,13813,1,0,185.91900000000001,0
5,3508,13821,1,0,175.30099999999999,0
5,3509,13829,1,0,191.60599999999999,0
5,3510,13837,1,0,218.411,0
5,3511,13845,1,0,207.86099999999999,0
5,3512,13853,1,0,136.72999999999999,0
5,3513,13861,1,0,221.59700000000001,0
5,3514,13869,1,0,193.44999999999999,0
5,3515,13877,1,0,183.81999999999999,0
5,3516,13885,1,0,189.55799999999999,0
5,3517,13893,1,0,163.048,0
5,3518,13901,1,0,133.589,0
5,3519,13909,1,0,177.71100000000001,0
5,3520,13917,1,0,217.68899999999999,0
5,3521,13925,1,0,170.089,0
5,3522,13933,1,0,184.40100000000001,0
5,3523,13941,1,0,192.43100000000001,0
5,3524,13949,1,0,157.11799999999999,0
5,3525,13957,1,0,181.262,0
5,3526,13965,1,0,157.08600000000001,0
5,3527,13973,1,0,198.262,0
5,3528,13981,1,0,179.601,0
5,3529,13989,1,0,147.94300000000001,0
5,3530,13997,1,0,178.215,0
5,3531,14005,1,0,164.631,0
5,3532,14013,1,0,169.536,0
5,3533,14021,1,0,215.596,0
5,3534,14029,1,0,172.465,0
5,3535,14037,1,0,167.166,0
5,3536,14045,1,0,165.572,0
5,3537,14053,1,0,154.12200000000001,0
5,3538,14061,1,0,184.50800000000001,0
5,3539,14069,1,0,154.02000000000001,0
5,3540,14077,1,0,163.983,0
5,3541,14085,1,0,165.797,0
5,3542,14093,1,0,176.059,0
5,3543,14101,1,0,208.91800000000001,0
5,3544,14109,1,0,157.02500000000001,0
5,3545,14117,1,0,184.74100000000001,0
5,3546,14125,1,0,194.28,0
5,3547,14133,1,0,189.92699999999999,0
5,3548,14141,1,0,168.59899999999999,0
5,3549,14149,1,0,114.765,0
5,3550,14157,1,0,189.32400000000001,0
5,3551,14165,1,0,188.334,0
5,3552,14173,1,0,183.34100000000001,0
5,3553,14181,1,0,151.19399999999999,0
5,3554,14189,1,0,191.17400000000001,0
5,3555,14197,1,0,158.352,0
5,3556,14205,1,0,180.01599999999999,0
5,3557,14213,1,0,200.995,0
5,3558,14221,1,0,164.678,0
5,3559,14229,1,0,180.964,0
5,3560,14237,1,0,152.34100000000001,0
5,3561,14245,1,0,188.46700000000001,0
5,3562,5,2,0,166.892,0
5,3563,13,2,0,157.22499999999999,0
5,3564,21,2,0,178.666,0
5,3565,29,2,0,159.34100000000001,0
5,3566,37,2,0,158.434,0
5,3567,45,2,0,158.166,0
5,3568,53,2,0,176.905,0
5,3569,61,2,0,181.86799999999999,0
5,3570,69,2,0,176.97999999999999,0
5,3571,77,2,0,143.42500000000001,0
5,3572,85,2,0,196.065,0
5,3573,93,2,0,135.47399999999999,0
5,3574,101,2,0,184.47,0
5,3575,109,2,0,134.607,0
5,3576,117,2,0,152.81200000000001,0
5,3577,125,2,0,162.767,0
5,3578,133,2,0,196.64400000000001,0
5,3579,141,2,0,157.27000000000001,0
5,3580,149,2,0,184.578,0
5,3581,157,2,0,135.72800000000001,0
5,3582,165,2,0,168.74100000000001,0
5,3583,173,2,0,169.304,0
5,3584,181,2,0,157.233,0
5,3585,189,2,0,145.82400000000001,0
5,3586,197,2,0,186.91499999999999,0
5,3587,205,2,0,154.43700000000001,0
5,3588,213,2,0,201.191,0
5,3589,221,2,0,178.09100000000001,0
5,3590,229,2,0,179.56399999999999,0
5,3591,237,2,0,172.624,0
5,3592,245,2,0,196.35599999999999,0
5,3593,253,2,0,189.23699999999999,0
5,3594,261,2,0,122.642,0
5,3595,269,2,0,179.53399999999999,0
5,3596,277,2,0,151.04499999999999,0
5,3597,285,2,0,180.31899999999999,0
5,3598,293,2,0,194.36099999999999,0
5,3599,301,2,0,153.76499999999999,0
5,3600,309,2,0,186.27199999999999,0
5,3601,317,2,0,138.99600000000001,0
5,3602,325,2,0,169.85499999999999,0
5,3603,333,2,0,145.291,0
5,3604,341,2,0,194.67699999999999,0
5,3605,349,2,0,182.98400000000001,0
5,3606,357,2,0,183.42500000000001,0
5,3607,365,2,0,171.88,0
5,3608,373,2,0,192.61699999999999,0
5,3609,381,2,0,174.80699999999999,0
5,3610,389,2,0,178.70699999999999,0
5,3611,397,2,0,168.316,0
5,3612,405,2,0,211.58600000000001,0
5,3613,413,2,0,198.529,0
5,3614,421,2,0,185.30500000000001,0
5,3615,429,2,0,195.68600000000001,0
5,3616,437,2,0,169.76300000000001,0
5,3617,445,2,0,181.21299999999999,0
5,3618,453,2,0,186.952,0
5,3619,461,2,0,185.22399999999999,0
5,3620,469,2,0,194.166,0
5,3621,477,2,0,190.64099999999999,0
5,3622,485,2,0,196.47900000000001,0
5,3623,493,2,0,173.80799999999999,0
5,3624,501,2,0,180.73599999999999,0
5,3625,509,2,0,194.52500000000001,0
5,3626,517,2,0,186.364,0
5,3627,525,2,0,154.66300000000001,0
5,3628,533,2,0,162.631,0
5,3629,541,2,0,183.483,0
5,3630,549,2,0,143.32599999999999,0
5,3631,557,2,0,160.27699999999999,0
5,3632,565,2,0,172.51400000000001,0
5,3633,573,2,0,170.05099999999999,0
5,3634,581,2,0,175.76900000000001,0
5,3635,589,2,0,200.786,0
5,3636,597,2,0,221.36199999999999,0
5,3637,605,2,0,169.35599999999999,0
5,3638,613,2,0,169.08600000000001,0
5,3639,621,2,0,128.005,0
5,3640,629,2,0,168.792,0
5,3641,637,2,0,181.25700000000001,0
5,3642,645,2,0,165.542,0
5,3643,653,2,0,159.64400000000001,0
5,3644,661,2,0,174.35599999999999,0
5,3645,669,2,0,137.691,0
5,3646,677,2,0,150.80199999999999,0
5,3647,685,2,0,172.601,0
5,3648,693,2,0,189.333,0
5,3649,701,2,0,186.09999999999999,0
5,3650,709,2,0,163.44900000000001,0
5,3651,717,2,0,181.50700000000001,0
5,3652,725,2,0,187.61799999999999,0
5,3653,733,2,0,130.042,0
5,3654,741,2,0,147.27099999999999,0
5,3655,749,2,0,181.54400000000001,0
5,3656,757,2,0,157.13399999999999,0
5,3657,765,2,0,180.67599999999999,0
5,3658,773,2,0,177.66399999999999,0
5,3659,781,2,0,147.52699999999999,0
5,3660,789,2,0,160.87299999999999,0
5,3661,797,2,0,199.44200000000001,0
5,3662,805,2,0,127.005,0
5,3663,813,2,0,197.667,0
5,3664,821,2,0,153.29400000000001,0
5,3665,829,2,0,166.12899999999999,0
5,3666,837,2,0,117.779,0
5,3667,845,2,0,198.126,0
5,3668,853,2,0,182.416,0
5,3669,861,2,0,180.613,0
5,3670,869,2,0,166.095,0
5,3671,877,2,0,164.96299999999999,0
5,3672,885,2,0,154.452,0
5,3673,893,2,0,173.965,0
5,3674,901,2,0,210.83099999999999,0
5,3675,909,2,0,181.43299999999999,0
5,3676,917,2,0,168,0
5,3677,925,2,0,186.28999999999999,0
5,3678,933,2,0,180.102,0
5,3679,941,2,0,151.81,0
5,3680,949,2,0,181.34,0
5,3681,957,2,0,180.43000000000001,0
5,3682,965,2,0,175.96799999999999,0
5,3683,973,2,0,159.80099999999999,0
5,3684,981,2,0,185.17500000000001,0
5,3685,989,2,0,160.02199999999999,0
5,3686,997,2,0,185.96000000000001,0
5,3687,1005,2,0,194.86600000000001,0
5,3688,1013,2,0,173.773,0
5,3689,1021,2,0,141.172,0
5,3690,1029,2,0,190.53899999999999,0
5,3691,1037,2,0,180.893,0
5,3692,1045,2,0,155.88499999999999,0
5,3693,1053,2,0,196.36799999999999,0
5,3694,1061,2,0,147.98099999999999,0
5,3695,1069,2,0,186.62200000000001,0
5,3696,1077,2,0,192.42099999999999,0
5,3697,1085,2,0,158.22999999999999,0
5,3698,1093,2,0,184.51300000000001,0
5,3699,1101,2,0,193.03100000000001,0
5,3700,1109,2,0,153.27000000000001,0
5,3701,1117,2,0,175.09100000000001,0
5,3702,1125,2,0,221.27600000000001,0
5,3703,1133,2,0,195.82300000000001,0
5,3704,1141,2,0,191.67500000000001,0
5,3705,1149,2,0,174.946,0
5,3706,1157,2,0,191.44399999999999,0
5,3707,1165,2,0,191.17599999999999,0
5,3708,1173,2,0,179.40600000000001,0
5,3709,1181,2,0,173.31100000000001,0
5,3710,1189,2,0,183.62700000000001,0
5,3711,1197,2,0,172.51900000000001,0
5,3712,1205,2,0,178.666,0
5,3713,1213,2,0,153.96600000000001,0
5,3714,1221,2,0,164.089,0
5,3715,1229,2,0,190.19499999999999,0
5,3716,1237,2,0,172.77000000000001,0
5,3717,1245,2,0,187.59299999999999,0
5,3718,1253,2,0,196.88900000000001,0
5,3719,1261,2,0,161.99199999999999,0
5,3720,1269,2,0,210.66,0
5,3721,1277,2,0,190.51400000000001,0
5,3722,1285,2,0,150.09200000000001,0
5,3723,1293,2,0,181.11799999999999,0
5,3724,1301,2,0,155.30699999999999,0
5,3725,1309,2,0,180.12899999999999,0
5,3726,1317,2,0,174.43100000000001,0
5,3727,1325,2,0,168.601,0
5,3728,1333,2,0,171.261,0
5,3729,1341,2,0,181.79900000000001,0
5,3730,1349,2,0,140.42099999999999,0
5,3731,1357,2,0,183.38499999999999,0
5,3732,1365,2,0,176.63900000000001,0
5,3733,1373,2,0,190.28299999999999,0
5,3734,1381,2,0,171.59100000000001,0
5,3735,1389,2,0,169.684,0
5,3736,1397,2,0,180.309,0
5,3737,1405,2,0,186.274,0
5,3738,1413,2,0,235.339,0
5,3739,1421,2,0,115.508,0
5,3740,1429,2,0,197.03800000000001,0
5,3741,1437,2,0,154.62100000000001,0
5,3742,1445,2,0,155.47999999999999,0
5,3743,1453,2,0,178.09299999999999,0
5,3744,1461,2,0,153.38999999999999,0
5,3745,1469,2,0,145.48099999999999,0
5,3746,1477,2,0,180.626,0
5,3747,1485,2,0,173.655,0
5,3748,1493,2,0,180.75999999999999,0
5,3749,1501,2,0,176.60400000000001,0
5,3750,1509,2,0,187.791,0
5,3751,1517,2,0,202.31999999999999,0
5,3752,1525,2,0,204.102,0
5,3753,1533,2,0,142.87899999999999,0
5,3754,1541,2,0,159.30000000000001,0
5,3755,1549,2,0,121.319,0
5,3756,1557,2,0,193.98699999999999,0
5,3757,1565,2,0,197.55799999999999,0
5,3758,1573,2,0,165.26499999999999,0
5,3759,1581,2,0,191.792,0
5,3760,1589,2,0,175.82599999999999,0
5,3761,1597,2,0,166.05799999999999,0
5,3762,1605,2,0,186.30199999999999,0
5,3763,1613,2,0,167.196,0
5,3764,1621,2,0,156.59899999999999,0
5,3765,1629,2,0,190.964,0
5,3766,1637,2,0,190.41999999999999,0
5,3767,1645,2,0,182.643,0
5,3768,1653,2,0,191.77199999999999,0
5,3769,1661,2,0,190.792,0
5,3770,1669,2,0,184.16999999999999,0
5,3771,1677,2,0,181.03800000000001,0
5,3772,1685,2,0,159.18299999999999,0
5,3773,1693,2,0,194.452,0
5,3774,1701,2,0,145.91499999999999,0
5,3775,1709,2,0,171.31200000000001,0
5,3776,1717,2,0,184.44499999999999,0
5,3777,1725,2,0,177.37899999999999,0
5,3778,1733,2,0,157.66900000000001,0
5,3779,1741,2,0,186.28,0
5,3780,1749,2,0,141.042,0
5,3781,1757,2,0,196.28800000000001,0
5,3782,1765,2,0,182.03100000000001,0
5,3783,1773,2,0,149.87799999999999,0
5,3784,1781,2,0,173.03200000000001,0
5,3785,1789,2,0,168.346,0
5,3786,1797,2,0,193.19,0
5,3787,1805,2,0,187.50299999999999,0
5,3788,1813,2,0,194.65899999999999,0
5,3789,1821,2,0,125.783,0
5,3790,1829,2,0,176.624,0
5,3791,1837,2,0,173.42599999999999,0
5,3792,1845,2,0,118.768,0
5,3793,1853,2,0,140.071,0
5,3794,1861,2,0,155.81899999999999,0
5,3795,1869,2,0,181.24199999999999,0
5,3796,1877,2,0,157.036,0
5,3797,1885,2,0,170.15100000000001,0
5,3798,1893,2,0,158.83500000000001,0
5,3799,1901,2,0,109.66800000000001,0
5,3800,1909,2,0,181.489,0
5,3801,1917,2,0,162.161,0
5,3802,1925,2,0,170.84399999999999,0
5,3803,1933,2,0,183.761,0
5,3804,1941,2,0,221.29599999999999,0
5,3805,1949,2,0,188.90899999999999,0
5,3806,1957,2,0,173.441,0
5,3807,1965,2,0,190.96299999999999,0
5,3808,1973,2,0,129.57400000000001,0
5,3809,1981,2,0,181.167,0
5,3810,1989,2,0,182.19,0
5,3811,1997,2,0,184.83600000000001,0
5,3812,2005,2,0,165.726,0
5,3813,2013,2,0,143.22300000000001,0
5,3814,2021,2,0,159.666,0
5,3815,2029,2,0,160.20500000000001,0
5,3816,2037,2,0,188.85900000000001,0
5,3817,2045,2,0,161.001,0
5,3818,2053,2,0,190.42400000000001,0
5,3819,2061,2,0,178.14500000000001,0
5,3820,2069,2,0,224.66,0
5,3821,2077,2,0,208.756,0
5,3822,2085,2,0,186.166,0
5,3823,2093,2,0,174.39500000000001,0
5,3824,2101,2,0,178.32900000000001,0
5,3825,2109,2,0,174.35900000000001,0
5,3826,2117,2,0,176.49199999999999,0
5,3827,2125,2,0,188.52000000000001,0
5,3828,2133,2,0,183.26400000000001,0
5,3829,2141,2,0,181.93000000000001,0
5,3830,2149,2,0,188.672,0
5,3831,2157,2,0,179.91,0
5,3832,2165,2,0,191.30199999999999,0
5,3833,2173,2,0,138.464,0
5,3834,2181,2,0,151.75800000000001,0
5,3835,2189,2,0,161.52099999999999,0
5,3836,2197,2,0,173.28399999999999,0
5,3837,2205,2,0,195.57300000000001,0
5,3838,2213,2,0,194.13399999999999,0
5,3839,2221,2,0,176.23400000000001,0
5,3840,2229,2,0,197.054,0
5,3841,2237,2,0,189.304,0
5,3842,2245,2,0,200.625,0
5,3843,2253,2,0,131.964,0
5,3844,2261,2,0,191.136,0
5,3845,2269,2,0,162.00999999999999,0
5,3846,2277,2,0,195.251,0
5,3847,2285,2,0,190.721,0
5,3848,2293,2,0,182.374,0
5,3849,2301,2,0,185.58699999999999,0
5,3850,2309,2,0,160.74199999999999,0
5,3851,2317,2,0,183.98599999999999,0
5,3852,2325,2,0,178.654,0
5,3853,2333,2,0,157.46799999999999,0
5,3854,2341,2,0,184.12700000000001,0
5,3855,2349,2,0,171.892,0
5,3856,2357,2,0,174.262,0
5,3857,2365,2,0,185.05199999999999,0
5,3858,2373,2,0,169.857,0
5,3859,2381,2,0,139.28800000000001,0
5,3860,2389,2,0,196.828,0
5,3861,2397,2,0,184.83699999999999,0
5,3862,2405,2,0,191.57400000000001,0
5,3863,2413,2,0,179.11000000000001,0
5,3864,2421,2,0,125.95399999999999,0
5,3865,2429,2,0,179.768,0
5,3866,2437,2,0,208.887,0
5,3867,2445,2,0,171.524,0
5,3868,2453,2,0,169.62200000000001,0
5,3869,2461,2,0,150.14599999999999,0
5,3870,2469,2,0,196.30500000000001,0
5,3871,2477,2,0,190.88800000000001,0
5,3872,2485,2,0,141.46700000000001,0
5,3873,2493,2,0,177.05799999999999,0
5,3874,2501,2,0,170.01499999999999,0
5,3875,2509,2,0,193.934,0
5,3876,2517,2,0,157.31999999999999,0
5,3877,2525,2,0,136.566,0
5,3878,2533,2,0,148.80799999999999,0
5,3879,2541,2,0,166.72200000000001,0
5,3880,2549,2,0,159.25,0
5,3881,2557,2,0,165.42099999999999,0
5,3882,2565,2,0,174.22999999999999,0
5,3883,2573,2,0,154.714,0
5,3884,2581,2,0,168.46100000000001,0
5,3885,2589,2,0,177.16399999999999,0
5,3886,2597,2,0,160.172,0
5,3887,2605,2,0,183.214,0
5,3888,2613,2,0,176.785,0
5,3889,2621,2,0,184.36600000000001,0
5,3890,2629,2,0,161.46299999999999,0
5,3891,2637,2,0,186.41300000000001,0
5,3892,2645,2,0,175.84299999999999,0
5,3893,2653,2,0,174.797,0
5,3894,2661,2,0,191.226,0
5,3895,2669,2,0,150.09899999999999,0
5,3896,2677,2,0,174.42599999999999,0
5,3897,2685,2,0,155.58000000000001,0
5,3898,2693,2,0,163.22499999999999,0
5,3899,2701,2,0,171.99600000000001,0
5,3900,2709,2,0,134.23599999999999,0
5,3901,2717,2,0,187.941,0
5,3902,2725,2,0,188.96700000000001,0
5,3903,2733,2,0,183.02500000000001,0
5,3904,2741,2,0,163.82300000000001,0
5,3905,2749,2,0,157.81200000000001,0
5,3906,2757,2,0,164.63300000000001,0
5,3907,2765,2,0,155.56700000000001,0
5,3908,2773,2,0,135.48099999999999,0
5,3909,2781,2,0,201.80600000000001,0
5,3910,2789,2,0,183.136,0
5,3911,2797,2,0,232.47200000000001,0
5,3912,2805,2,0,196.66900000000001,0
5,3913,2813,2,0,172.923,0
5,3914,2821,2,0,177.08699999999999,0
5,3915,2829,2,0,166.39400000000001,0
5,3916,2837,2,0,107.259,0
5,3917,2845,2,0,146.97300000000001,0
5,3918,2853,2,0,174.351,0
5,3919,2861,2,0,137.22200000000001,0
5,3920,2869,2,0,195.41300000000001,0
5,3921,2877,2,0,177.07599999999999,0
5,3922,2885,2,0,132.83799999999999,0
5,3923,2893,2,0,173.22999999999999,0
5,3924,2901,2,0,191.03399999999999,0
5,3925,2909,2,0,166.49600000000001,0
5,3926,2917,2,0,185.071,0
5,3927,2925,2,0,200.179,0
5,3928,2933,2,0,165.22399999999999,0
5,3929,2941,2,0,180.72900000000001,0
5,3930,2949,2,0,202.762,0
5,3931,2957,2,0,142.24799999999999,0
5,3932,2965,2,0,171.87700000000001,0
5,3933,2973,2,0,127.117,0
5,3934,2981,2,0,186.93299999999999,0
5,3935,2989,2,0,177.21100000000001,0
5,3936,2997,2,0,154.44,0
5,3937,3005,2,0,154.89500000000001,0
5,3938,3013,2,0,189.845,0
5,3939,3021,2,0,126.13800000000001,0
5,3940,3029,2,0,171.69300000000001,0
5,3941,3037,2,0,155.072,0
5,3942,3045,2,0,184.83099999999999,0
5,3943,3053,2,0,187.947,0
5,3944,3061,2,0,187.31299999999999,0
5,3945,3069,2,0,179.113,0
5,3946,3077,2,0,146.02500000000001,0
5,3947,3085,2,0,193.56299999999999,0
5,3948,3093,2,0,173.13,0
5,3949,3101,2,0,155.316,0
5,3950,3109,2,0,188.941,0
5,3951,3117,2,0,175.303,0
5,3952,3125,2,0,156.965,0
5,3953,3133,2,0,166.45500000000001,0
5,3954,3141,2,0,194.63900000000001,0
5,3955,3149,2,0,148.56,0
5,3956,3157,2,0,127.05800000000001,0
5,3957,3165,2,0,139.351,0
5,3958,3173,2,0,183.31,0
5,3959,3181,2,0,180.392,0
5,3960,3189,2,0,136.81100000000001,0
5,3961,3197,2,0,170.34100000000001,0
5,3962,3205,2,0,136.542,0
5,3963,3213,2,0,155.31100000000001,0
5,3964,3221,2,0,175.404,0
5,3965,3229,2,0,197.255,0
5,3966,3237,2,0,178.10499999999999,0
5,3967,3245,2,0,177.273,0
5,3968,3253,2,0,152.863,0
5,3969,3261,2,0,165.399,0
5,3970,3269,2,0,178.40799999999999,0
5,3971,3277,2,0,179.58699999999999,0
5,3972,3285,2,0,200.85900000000001,0
5,3973,3293,2,0,126.777,0
5,3974,3301,2,0,211.36199999999999,0
5,3975,3309,2,0,197.471,0
5,3976,3317,2,0,131.40700000000001,0
5,3977,3325,2,0,183.97999999999999,0
5,3978,3333,2,0,140.26900000000001,0
5,3979,3341,2,0,170.80799999999999,0
5,3980,3349,2,0,181.84800000000001,0
5,3981,3357,2,0,165.42400000000001,0
5,3982,3365,2,0,161.71299999999999,0
5,3983,3373,2,0,153.536,0
5,3984,3381,2,0,171.12299999999999,0
5,3985,3389,2,0,163.27799999999999,0
5,3986,3397,2,0,142.64599999999999,0
5,3987,3405,2,0,159.78800000000001,0
5,3988,3413,2,0,164.535,0
5,3989,3421,2,0,193.41200000000001,0
5,3990,3429,2,0,151.28999999999999,0
5,3991,3437,2,0,178.34999999999999,0
5,3992,3445,2,0,151.87200000000001,0
5,3993,3453,2,0,126.8,0
5,3994,3461,2,0,168.78200000000001,0
5,3995,3469,2,0,177.64500000000001,0
5,3996,3477,2,0,193.39400000000001,0
5,3997,3485,2,0,162.34899999999999,0
5,3998,3493,2,0,137.863,0
5,3999,3501,2,0,192.917,0
5,4000,3509,2,0,171.57900000000001,0
5,4001,3517,2,0,199.517,0
5,4002,3525,2,0,185.732,0
5,4003,3533,2,0,166.78,0
5,4004,3541,2,0,197.01400000000001,0
5,4005,3549,2,0,158.78800000000001,0
5,4006,3557,2,0,128.018,0
5,4007,3565,2,0,131.14599999999999,0
5,4008,3573,2,0,190.68100000000001,0
5,4009,3581,2,0,165.30199999999999,0
5,4010,3589,2,0,194.577,0
5,4011,3597,2,0,169.245,0
5,4012,3605,2,0,218.30699999999999,0
5,4013,3613,2,0,178.792,0
5,4014,3621,2,0,161.17699999999999,0
5,4015,3629,2,0,174.10499999999999,0
5,4016,3637,2,0,165.858,0
5,4017,3645,2,0,164.17099999999999,0
5,4018,3653,2,0,171.80600000000001,0
5,4019,3661,2,0,163.971,0
5,4020,3669,2,0,132.744,0
5,4021,3677,2,0,192.74199999999999,0
5,4022,3685,2,0,196.82499999999999,0
5,4023,3693,2,0,129.774,0
5,4024,3701,2,0,162.33699999999999,0
5,4025,3709,2,0,191.48599999999999,0
5,4026,3717,2,0,184.59100000000001,0
5,4027,3725,2,0,146.59700000000001,0
5,4028,3733,2,0,203.255,0
5,4029,3741,2,0,172.92099999999999,0
5,4030,3749,2,0,186.18899999999999,0
5,4031,3757,2,0,176.53899999999999,0
5,4032,3765,2,0,181.065,0
5,4033,3773,2,0,181.53899999999999,0
5,4034,3781,2,0,146.00800000000001,0
5,4035,3789,2,0,179.59200000000001,0
5,4036,3797,2,0,178.89400000000001,0
5,4037,3805,2,0,188.80699999999999,0
5,4038,3813,2,0,188.65799999999999,0
5,4039,3821,2,0,176.86000000000001,0
5,4040,3829,2,0,211.90899999999999,0
5,4041,3837,2,0,184.721,0
5,4042,3845,2,0,171.60900000000001,0
5,4043,3853,2,0,152.43899999999999,0
5,4044,3861,2,0,171.607,0
5,4045,3869,2,0,178.71899999999999,0
5,4046,3877,2,0,179.70400000000001,0
5,4047,3885,2,0,189.12700000000001,0
5,4048,3893,2,0,204.93100000000001,0
5,4049,3901,2,0,161.703,0
5,4050,3909,2,0,185.75800000000001,0
5,4051,3917,2,0,183.773,0
5,4052,3925,2,0,186.28999999999999,0
5,4053,3933,2,0,191.155,0
5,4054,3941,2,0,162.02500000000001,0
5,4055,3949,2,0,155.41499999999999,0
5,4056,3957,2,0,161.49799999999999,0
5,4057,3965,2,0,182.43000000000001,0
5,4058,3973,2,0,153.98099999999999,0
5,4059,3981,2,0,201.29900000000001,0
5,4060,3989,2,0,186.86699999999999,0
5,4061,3997,2,0,189.59,0
5,4062,4005,2,0,141.40700000000001,0
5,4063,4013,2,0,159.50299999999999,0
5,4064,4021,2,0,174.376,0
5,4065,4029,2,0,134.30500000000001,0
5,4066,4037,2,0,145.155,0
5,4067,4045,2,0,176.25999999999999,0
5,4068,4053,2,0,190.71100000000001,0
5,4069,4061,2,0,163.702,0
5,4070,4069,2,0,192.80199999999999,0
5,4071,4077,2,0,178.608,0
5,4072,4085,2,0,191.88399999999999,0
5,4073,4093,2,0,186.095,0
5,4074,4101,2,0,175.517,0
5,4075,4109,2,0,177.36600000000001,0
5,4076,4117,2,0,178.98599999999999,0
5,4077,4125,2,0,174.69,0
5,4078,4133,2,0,190.81800000000001,0
5,4079,4141,2,0,166.738,0
5,4080,4149,2,0,129.12200000000001,0
5,4081,4157,2,0,187.97900000000001,0
5,4082,4165,2,0,181.15000000000001,0
5,4083,4173,2,0,185.178,0
5,4084,4181,2,0,159.08600000000001,0
5,4085,4189,2,0,175.52199999999999,0
5,4086,4197,2,0,168.761,0
5,4087,4205,2,0,177.05000000000001,0
5,4088,4213,2,0,210.565,0
5,4089,4221,2,0,173.005,0
5,4090,4229,2,0,169.78999999999999,0
5,4091,4237,2,0,180.63,0
5,4092,4245,2,0,198.09999999999999,0
5,4093,4253,2,0,159.82599999999999,0
5,4094,4261,2,0,197.953,0
5,4095,4269,2,0,141.977,0
5,4096,4277,2,0,166.30500000000001,0
5,4097,4285,2,0,159.78899999999999,0
5,4098,4293,2,0,178.19499999999999,0
5,4099,4301,2,0,180.56,0
5,4100,4309,2,0,129.84899999999999,0
5,4101,4317,2,0,196.50299999999999,0
5,4102,4325,2,0,180.49600000000001,0
5,4103,4333,2,0,173.94,0
5,4104,4341,2,0,169.25200000000001,0
5,4105,4349,2,0,194.10300000000001,0
5,4106,4357,2,0,185.41300000000001,0
5,4107,4365,2,0,171.345,0
5,4108,4373,2,0,178.881,0
5,4109,4381,2,0,128.09999999999999,0
5,4110,4389,2,0,166.45400000000001,0
5,4111,4397,2,0,203.001,0
5,4112,4405,2,0,177.96899999999999,0
5,4113,4413,2,0,189.99799999999999,0
5,4114,4421,2,0,160.095,0
5,4115,4429,2,0,173.72499999999999,0
5,4116,4437,2,0,174.71199999999999,0
5,4117,4445,2,0,134.809,0
5,4118,4453,2,0,167.983,0
5,4119,4461,2,0,139.90700000000001,0
5,4120,4469,2,0,194.53999999999999,0
5,4121,4477,2,0,175.63,0
5,4122,4485,2,0,191.291,0
5,4123,4493,2,0,184.91999999999999,0
5,4124,4501,2,0,193.827,0
5,4125,4509,2,0,189.34899999999999,0
5,4126,4517,2,0,152.51599999999999,0
5,4127,4525,2,0,180.77799999999999,0
5,4128,4533,2,0,179.786,0
5,4129,4541,2,0,173.822,0
5,4130,4549,2,0,181.33600000000001,0
5,4131,4557,2,0,165.51400000000001,0
5,4132,4565,2,0,149.61799999999999,0
5,4133,4573,2,0,153.429,0
5,4134,4581,2,0,157.404,0
5,4135,4589,2,0,174.93100000000001,0
5,4136,4597,2,0,180.64599999999999,0
5,4137,4605,2,0,202.65000000000001,0
5,4138,4613,2,0,187.24700000000001,0
5,4139,4621,2,0,194.58699999999999,0
5,4140,4629,2,0,178.935,0
5,4141,4637,2,0,125.56999999999999,0
5,4142,4645,2,0,185.762,0
5,4143,4653,2,0,153.86099999999999,0
5,4144,4661,2,0,195.684,0
5,4145,4669,2,0,173.86799999999999,0
5,4146,4677,2,0,184.38200000000001,0
5,4147,4685,2,0,187.328,0
5,4148,4693,2,0,188.79900000000001,0
5,4149,4701,2,0,170.542,0
5,4150,4709,2,0,156.45500000000001,0
5,4151,4717,2,0,178.096,0
5,4152,4725,2,0,168.464,0
5,4153,4733,2,0,172.76400000000001,0
5,4154,4741,2,0,134.08000000000001,0
5,4155,4749,2,0,172.56100000000001,0
5,4156,4757,2,0,173.03700000000001,0
5,4157,4765,2,0,159.84800000000001,0
5,4158,4773,2,0,192.60900000000001,0
5,4159,4781,2,0,175.34,0
5,4160,4789,2,0,184.49299999999999,0
5,4161,4797,2,0,192.13,0
5,4162,4805,2,0,139.03100000000001,0
5,4163,4813,2,0,169.90000000000001,0
5,4164,4821,2,0,138.50299999999999,0
5,4165,4829,2,0,209.572,0
5,4166,4837,2,0,172.02699999999999,0
5,4167,4845,2,0,183.33500000000001,0
5,4168,4853,2,0,179.505,0
5,4169,4861,2,0,162.511,0
5,4170,4869,2,0,163.994,0
5,4171,4877,2,0,175.11699999999999,0
5,4172,4885,2,0,174.846,0
5,4173,4893,2,0,184.69200000000001,0
5,4174,4901,2,0,161.32900000000001,0
5,4175,4909,2,0,172.95500000000001,0
5,4176,4917,2,0,155.316,0
5,4177,4925,2,0,183.429,0
5,4178,4933,2,0,148.232,0
5,4179,4941,2,0,185.31899999999999,0
5,4180,4949,2,0,151.31399999999999,0
5,4181,4957,2,0,199.59399999999999,0
5,4182,4965,2,0,172.98500000000001,0
5,4183,4973,2,0,169.09,0
5,4184,4981,2,0,161.227,0
5,4185,4989,2,0,188.30799999999999,0
5,4186,4997,2,0,164.536,0
5,4187,5005,2,0,178.381,0
5,4188,5013,2,0,198.93000000000001,0
5,4189,5021,2,0,177.40600000000001,0
5,4190,5029,2,0,195.001,0
5,4191,5037,2,0,177.274,0
5,4192,5045,2,0,189.251,0
5,4193,5053,2,0,218.75200000000001,0
5,4194,5061,2,0,191.57300000000001,0
5,4195,5069,2,0,161.40100000000001,0
5,4196,5077,2,0,133.36600000000001,0
5,4197,5085,2,0,171.37700000000001,0
5,4198,5093,2,0,205.232,0
5,4199,5101,2,0,174.185,0
5,4200,5109,2,0,175.839,0
5,4201,5117,2,0,188.58699999999999,0
5,4202,5125,2,0,157.851,0
5,4203,5133,2,0,163.95699999999999,0
5,4204,5141,2,0,164.55099999999999,0
5,4205,5149,2,0,184.886,0
5,4206,5157,2,0,160.46299999999999,0
5,4207,5165,2,0,136.73400000000001,0
5,4208,5173,2,0,178.28,0
5,4209,5181,2,0,179.25299999999999,0
5,4210,5189,2,0,184.029,0
5,4211,5197,2,0,156.315,0
5,4212,5205,2,0,190.624,0
5,4213,5213,2,0,173.33799999999999,0
5,4214,5221,2,0,166.505,0
5,4215,5229,2,0,191.82499999999999,0
5,4216,5237,2,0,192.25399999999999,0
5,4217,5245,2,0,181.54599999999999,0
5,4218,5253,2,0,138.96600000000001,0
5,4219,5261,2,0,191.59200000000001,0
5,4220,5269,2,0,178.44999999999999,0
5,4221,5277,2,0,140.666,0
5,4222,5285,2,0,186.976,0
5,4223,5293,2,0,185.43199999999999,0
5,4224,5301,2,0,186.49000000000001,0
5,4225,5309,2,0,133.64599999999999,0
5,4226,5317,2,0,198.08600000000001,0
5,4227,5325,2,0,190.732,0
5,4228,5333,2,0,198.21100000000001,0
5,4229,5341,2,0,204.339,0
5,4230,5349,2,0,181.32599999999999,0
5,4231,5357,2,0,159.30699999999999,0
5,4232,5365,2,0,126.819,0
5,4233,5373,2,0,175.262,0
5,4234,5381,2,0,138.864,0
5,4235,5389,2,0,155.42099999999999,0
5,4236,5397,2,0,142.685,0
5,4237,5405,2,0,152.47800000000001,0
5,4238,5413,2,0,183.72,0
5,4239,5421,2,0,119.024,0
5,4240,5429,2,0,179.898,0
5,4241,5437,2,0,194.02799999999999,0
5,4242,5445,2,0,161.922,0
5,4243,5453,2,0,168.31299999999999,0
5,4244,5461,2,0,193.899,0
5,4245,5469,2,0,166.41800000000001,0
5,4246,5477,2,0,181.995,0
5,4247,5485,2,0,173.863,0
5,4248,5493,2,0,210.422,0
5,4249,5501,2,0,188.648,0
5,4250,5509,2,0,129.08199999999999,0
5,4251,5517,2,0,172.13800000000001,0
5,4252,5525,2,0,138.63200000000001,0
5,4253,5533,2,0,185.02799999999999,0
5,4254,5541,2,0,156.96000000000001,0
5,4255,5549,2,0,175.636,0
5,4256,5557,2,0,178.34200000000001,0
5,4257,5565,2,0,187.65799999999999,0
5,4258,5573,2,0,171.11600000000001,0
5,4259,5581,2,0,155.041,0
5,4260,5589,2,0,196.565,0
5,4261,5597,2,0,177.946,0
5,4262,5605,2,0,167.249,0
5,4263,5613,2,0,172.35300000000001,0
5,4264,5621,2,0,186.85599999999999,0
5,4265,5629,2,0,191.71100000000001,0
5,4266,5637,2,0,179.88999999999999,0
5,4267,5645,2,0,206.334,0
5,4268,5653,2,0,170.066,0
5,4269,5661,2,0,134.01599999999999,0
5,4270,5669,2,0,185.16200000000001,0
5,4271,5677,2,0,170.35900000000001,0
5,4272,5685,2,0,198.06899999999999,0
5,4273,5693,2,0,184.50399999999999,0
5,4274,5701,2,0,137.577,0
5,4275,5709,2,0,132.25800000000001,0
5,4276,5717,2,0,177.68199999999999,0
5,4277,5725,2,0,187.26300000000001,0
5,4278,5733,2,0,156.596,0
5,4279,5741,2,0,203.452,0
5,4280,5749,2,0,168.49799999999999,0
5,4281,5757,2,0,150.62899999999999,0
5,4282,5765,2,0,181.279,0
5,4283,5773,2,0,164.274,0
5,4284,5781,2,0,164.66999999999999,0
5,4285,5789,2,0,185.80699999999999,0
5,4286,5797,2,0,174.00299999999999,0
5,4287,5805,2,0,182.31999999999999,0
5,4288,5813,2,0,194.56999999999999,0
5,4289,5821,2,0,201.83099999999999,0
5,4290,5829,2,0,178.41499999999999,0
5,4291,5837,2,0,175.124,0
5,4292,5845,2,0,208.90299999999999,0
5,4293,5853,2,0,124.89400000000001,0
5,4294,5861,2,0,180.65600000000001,0
5,4295,5869,2,0,183.071,0
5,4296,5877,2,0,148.14099999999999,0
5,4297,5885,2,0,184.53,0
5,4298,5893,2,0,185.33799999999999,0
5,4299,5901,2,0,162.80500000000001,0
5,4300,5909,2,0,149.39400000000001,0
5,4301,5917,2,0,208.72999999999999,0
5,4302,5925,2,0,114.624,0
5,4303,5933,2,0,162.90299999999999,0
5,4304,5941,2,0,128.05199999999999,0
5,4305,5949,2,0,187.15199999999999,0
5,4306,5957,2,0,169.43100000000001,0
5,4307,5965,2,0,209.41900000000001,0
5,4308,5973,2,0,179.066,0
5,4309,5981,2,0,204.815,0
5,4310,5989,2,0,189.30199999999999,0
5,4311,5997,2,0,175.96199999999999,0
5,4312,6005,2,0,176.77500000000001,0
5,4313,6013,2,0,191.197,0
5,4314,6021,2,0,203.798,0
5,4315,6029,2,0,164.38800000000001,0
5,4316,6037,2,0,133.02600000000001,0
5,4317,6045,2,0,161.07599999999999,0
5,4318,6053,2,0,188.511,0
5,4319,6061,2,0,170.27000000000001,0
5,4320,6069,2,0,160.48099999999999,0
5,4321,6077,2,0,185.774,0
5,4322,6085,2,0,192.637,0
5,4323,6093,2,0,178.999,0
5,4324,6101,2,0,199.178,0
5,4325,6109,2,0,169.084,0
5,4326,6117,2,0,172.691,0
5,4327,6125,2,0,189.584,0
5,4328,6133,2,0,187.98699999999999,0
5,4329,6141,2,0,182.06800000000001,0
5,4330,6149,2,0,214.48599999999999,0
5,4331,6157,2,0,205.71000000000001,0
5,4332,6165,2,0,166.48099999999999,0
5,4333,6173,2,0,141.762,0
5,4334,6181,2,0,188.739,0
5,4335,6189,2,0,181.006,0
5,4336,6197,2,0,189.483,0
5,4337,6205,2,0,184.22399999999999,0
5,4338,6213,2,0,175.81100000000001,0
5,4339,6221,2,0,181.86199999999999,0
5,4340,6229,2,0,186.239,0
5,4341,6237,2,0,186.05199999999999,0
5,4342,6245,2,0,197.27500000000001,0
5,4343,6253,2,0,165.494,0
5,4344,6261,2,0,191.744,0
5,4345,6269,2,0,187.54300000000001,0
5,4346,6277,2,0,173.30799999999999,0
5,4347,6285,2,0,152.74000000000001,0
5,4348,6293,2,0,174.673,0
5,4349,6301,2,0,193.90100000000001,0
5,4350,6309,2,0,186.02799999999999,0
5,4351,6317,2,0,181.739,0
5,4352,6325,2,0,187.56999999999999,0
5,4353,6333,2,0,176.011,0
5,4354,6341,2,0,161.90199999999999,0
5,4355,6349,2,0,165.471,0
5,4356,6357,2,0,204.38399999999999,0
5,4357,6365,2,0,170.06800000000001,0
5,4358,6373,2,0,177.81700000000001,0
5,4359,6381,2,0,157.423,0
5,4360,6389,2,0,184.923,0
5,4361,6397,2,0,140.286,0
5,4362,6405,2,0,180.81800000000001,0
5,4363,6413,2,0,179.096,0
5,4364,6421,2,0,178.65000000000001,0
5,4365,6429,2,0,181.023,0
5,4366,6437,2,0,164.30000000000001,0
5,4367,6445,2,0,123.959,0
5,4368,6453,2,0,198.78399999999999,0
5,4369,6461,2,0,198.78100000000001,0
5,4370,6469,2,0,180.09399999999999,0
5,4371,6477,2,0,140.19300000000001,0
5,4372,6485,2,0,149.05600000000001,0
5,4373,6493,2,0,171.77199999999999,0
5,4374,6501,2,0,153.41,0
5,4375,6509,2,0,174.512,0
5,4376,6517,2,0,139.29400000000001,0
5,4377,6525,2,0,170.48500000000001,0
5,4378,6533,2,0,179.36600000000001,0
5,4379,6541,2,0,180.31100000000001,0
5,4380,6549,2,0,166.72300000000001,0
5,4381,6557,2,0,133.32300000000001,0
5,4382,6565,2,0,182.11699999999999,0
5,4383,6573,2,0,165.21100000000001,0
5,4384,6581,2,0,166.49799999999999,0
5,4385,6589,2,0,189.41399999999999,0
5,4386,6597,2,0,163.29599999999999,0
5,4387,6605,2,0,182.21600000000001,0
5,4388,6613,2,0,196.239,0
5,4389,6621,2,0,175.59700000000001,0
5,4390,6629,2,0,148.298,0
5,4391,6637,2,0,199.09700000000001,0
5,4392,6645,2,0,164.50999999999999,0
5,4393,6653,2,0,189.50399999999999,0
5,4394,6661,2,0,168.672,0
5,4395,6669,2,0,155.33099999999999,0
5,4396,6677,2,0,170.48699999999999,0
5,4397,6685,2,0,181.40899999999999,0
5,4398,6693,2,0,188.178,0
5,4399,6701,2,0,177.72,0
5,4400,6709,2,0,145.91399999999999,0
5,4401,6717,2,0,175.54900000000001,0
5,4402,6725,2,0,161.542,0
5,4403,6733,2,0,149.35499999999999,0
5,4404,6741,2,0,186.62700000000001,0
5,4405,6749,2,0,184.44300000000001,0
5,4406,6757,2,0,167.958,0
5,4407,6765,2,0,186.49799999999999,0
5,4408,6773,2,0,154.5,0
5,4409,6781,2,0,187.86799999999999,0
5,4410,6789,2,0,160.26499999999999,0
5,4411,6797,2,0,182.69200000000001,0
5,4412,6805,2,0,187.143,0
5,4413,6813,2,0,174.27799999999999,0
5,4414,6821,2,0,151.72,0
5,4415,6829,2,0,146.34700000000001,0
5,4416,6837,2,0,175.95599999999999,0
5,4417,6845,2,0,156.59200000000001,0
5,4418,6853,2,0,183.709,0
5,4419,6861,2,0,140.798,0
5,4420,6869,2,0,189.06899999999999,0
5,4421,6877,2,0,193.65000000000001,0
5,4422,6885,2,0,159.83000000000001,0
5,4423,6893,2,0,191.81,0
5,4424,6901,2,0,200.79400000000001,0
5,4425,6909,2,0,157.04499999999999,0
5,4426,6917,2,0,183.41,0
5,4427,6925,2,0,150.55000000000001,0
5,4428,6933,2,0,195.946,0
5,4429,6941,2,0,143.70400000000001,0
5,4430,6949,2,0,189.86099999999999,0
5,4431,6957,2,0,183.97499999999999,0
5,4432,6965,2,0,163.17599999999999,0
5,4433,6973,2,0,159.25700000000001,0
5,4434,6981,2,0,200.61000000000001,0
5,4435,6989,2,0,120.265,0
5,4436,6997,2,0,186.495,0
5,4437,7005,2,0,189.101,0
5,4438,7013,2,0,155.40700000000001,0
5,4439,7021,2,0,125.89100000000001,0
5,4440,7029,2,0,177.41900000000001,0
5,4441,7037,2,0,156.68600000000001,0
5,4442,7045,2,0,149.161,0
5,4443,7053,2,0,121.054,0
5,4444,7061,2,0,168.86600000000001,0
5,4445,7069,2,0,149.28899999999999,0
5,4446,7077,2,0,194.82300000000001,0
5,4447,7085,2,0,140.405,0
5,4448,7093,2,0,179.17400000000001,0
5,4449,7101,2,0,171.273,0
5,4450,7109,2,0,173.63800000000001,0
5,4451,7117,2,0,193.64400000000001,0
5,4452,7125,2,0,170.322,0
5,4453,7133,2,0,180.85900000000001,0
5,4454,7141,2,0,190.83799999999999,0
5,4455,7149,2,0,187.44399999999999,0
5,4456,7157,2,0,169.44300000000001,0
5,4457,7165,2,0,179.149,0
5,4458,7173,2,0,132.18199999999999,0
5,4459,7181,2,0,171.65899999999999,0
5,4460,7189,2,0,201.84399999999999,0
5,4461,7197,2,0,165.458,0
5,4462,7205,2,0,186.09200000000001,0
5,4463,7213,2,0,165.40100000000001,0
5,4464,7221,2,0,173.267,0
5,4465,7229,2,0,154.28200000000001,0
5,4466,7237,2,0,184.90700000000001,0
5,4467,7245,2,0,163.08199999999999,0
5,4468,7253,2,0,162.35300000000001,0
5,4469,7261,2,0,163.226,0
5,4470,7269,2,0,143.26900000000001,0
5,4471,7277,2,0,208.816,0
5,4472,7285,2,0,209.48699999999999,0
5,4473,7293,2,0,162.40299999999999,0
5,4474,7301,2,0,191.172,0
5,4475,7309,2,0,187.40000000000001,0
5,4476,7317,2,0,166.78899999999999,0
5,4477,7325,2,0,167.24799999999999,0
5,4478,7333,2,0,180.79300000000001,0
5,4479,7341,2,0,167.36099999999999,0
5,4480,7349,2,0,180.71799999999999,0
5,4481,7357,2,0,183.63900000000001,0
5,4482,7365,2,0,233.851,0
5,4483,7373,2,0,164.28,0
5,4484,7381,2,0,187.173,0
5,4485,7389,2,0,159.215,0
5,4486,7397,2,0,180.88499999999999,0
5,4487,7405,2,0,129.017,0
5,4488,7413,2,0,162.31700000000001,0
5,4489,7421,2,0,191.45400000000001,0
5,4490,7429,2,0,199.56999999999999,0
5,4491,7437,2,0,189.35400000000001,0
5,4492,7445,2,0,161.66499999999999,0
5,4493,7453,2,0,159.35499999999999,0
5,4494,7461,2,0,170.43600000000001,0
5,4495,7469,2,0,157.54599999999999,0
5,4496,7477,2,0,178.02500000000001,0
5,4497,7485,2,0,166.26599999999999,0
5,4498,7493,2,0,188.72300000000001,0
5,4499,7501,2,0,156.661,0
5,4500,7509,2,0,183.548,0
5,4501,7517,2,0,156.81700000000001,0
5,4502,7525,2,0,193.88,0
5,4503,7533,2,0,187.91999999999999,0
5,4504,7541,2,0,183.672,0
5,4505,7549,2,0,183.14699999999999,0
5,4506,7557,2,0,177.136,0
5,4507,7565,2,0,171.66499999999999,0
5,4508,7573,2,0,204.636,0
5,4509,7581,2,0,153.858,0
5,4510,7589,2,0,178.64500000000001,0
5,4511,7597,2,0,180.56299999999999,0
5,4512,7605,2,0,157.601,0
5,4513,7613,2,0,178.506,0
5,4514,7621,2,0,186.75399999999999,0
5,4515,7629,2,0,173.79499999999999,0
5,4516,7637,2,0,211.291,0
5,4517,7645,2,0,174.721,0
5,4518,7653,2,0,185.494,0
5,4519,7661,2,0,171.65600000000001,0
5,4520,7669,2,0,185.596,0
5,4521,7677,2,0,202.07300000000001,0
5,4522,7685,2,0,195.792,0
5,4523,7693,2,0,196.773,0
5,4524,7701,2,0,198.84399999999999,0
5,4525,7709,2,0,130.60599999999999,0
5,4526,7717,2,0,202.762,0
5,4527,7725,2,0,161.35599999999999,0
5,4528,7733,2,0,123.55200000000001,0
5,4529,7741,2,0,209.15100000000001,0
5,4530,7749,2,0,211.16300000000001,0
5,4531,7757,2,0,170.673,0
5,4532,7765,2,0,189.75399999999999,0
5,4533,7773,2,0,164.982,0
5,4534,7781,2,0,179.06,0
5,4535,7789,2,0,180.279,0
5,4536,7797,2,0,180.137,0
5,4537,7805,2,0,140.90199999999999,0
5,4538,7813,2,0,199.84399999999999,0
5,4539,7821,2,0,189.97800000000001,0
5,4540,7829,2,0,164.87700000000001,0
5,4541,7837,2,0,184.30099999999999,0
5,4542,7845,2,0,192.892,0
5,4543,7853,2,0,164.059,0
5,4544,7861,2,0,195.267,0
5,4545,7869,2,0,159.422,0
5,4546,7877,2,0,154.541,0
5,4547,7885,2,0,149.52000000000001,0
5,4548,7893,2,0,137.00800000000001,0
5,4549,7901,2,0,179.23500000000001,0
5,4550,7909,2,0,168.71899999999999,0
5,4551,7917,2,0,181.839,0
5,4552,7925,2,0,164.637,0
5,4553,7933,2,0,190.589,0
5,4554,7941,2,0,187.80199999999999,0
5,4555,7949,2,0,130.14699999999999,0
5,4556,7957,2,0,130.07400000000001,0
5,4557,7965,2,0,146.08500000000001,0
5,4558,7973,2,0,188.08000000000001,0
5,4559,7981,2,0,185.06299999999999,0
5,4560,7989,2,0,173.892,0
5,4561,7997,2,0,147.95699999999999,0
5,4562,8005,2,0,205.71299999999999,0
5,4563,8013,2,0,182.691,0
5,4564,8021,2,0,147.29300000000001,0
5,4565,8029,2,0,195.827,0
5,4566,8037,2,0,173.94800000000001,0
5,4567,8045,2,0,196.56399999999999,0
5,4568,8053,2,0,192.227,0
5,4569,8061,2,0,187.41999999999999,0
5,4570,8069,2,0,163.91399999999999,0
5,4571,8077,2,0,186.83699999999999,0
5,4572,8085,2,0,149.952,0
5,4573,8093,2,0,149.97499999999999,0
5,4574,8101,2,0,197.221,0
5,4575,8109,2,0,187.739,0
5,4576,8117,2,0,192.119,0
5,4577,8125,2,0,189.94,0
5,4578,8133,2,0,179.83199999999999,0
5,4579,8141,2,0,156.68100000000001,0
5,4580,8149,2,0,191.81100000000001,0
5,4581,8157,2,0,192.46100000000001,0
5,4582,8165,2,0,203.309,0
5,4583,8173,2,0,172.66,0
5,4584,8181,2,0,170.261,0
5,4585,8189,2,0,190.20099999999999,0
5,4586,8197,2,0,186.96799999999999,0
5,4587,8205,2,0,161.09999999999999,0
5,4588,8213,2,0,163.279,0
5,4589,8221,2,0,157.96600000000001,0
5,4590,8229,2,0,159.09700000000001,0
5,4591,8237,2,0,181.523,0
5,4592,8245,2,0,185.244,0
5,4593,8253,2,0,129.93600000000001,0
5,4594,8261,2,0,186.59399999999999,0
5,4595,8269,2,0,181.18799999999999,0
5,4596,8277,2,0,196.518,0
5,4597,8285,2,0,157.62899999999999,0
5,4598,8293,2,0,170.25899999999999,0
5,4599,8301,2,0,211.30500000000001,0
5,4600,8309,2,0,184.41499999999999,0
5,4601,8317,2,0,193.79900000000001,0
5,4602,8325,2,0,171.79499999999999,0
5,4603,8333,2,0,160.05799999999999,0
5,4604,8341,2,0,176.83500000000001,0
5,4605,8349,2,0,164.91200000000001,0
5,4606,8357,2,0,179.702,0
5,4607,8365,2,0,182.01900000000001,0
5,4608,8373,2,0,165.62700000000001,0
5,4609,8381,2,0,183.46299999999999,0
5,4610,8389,2,0,185.428,0
5,4611,8397,2,0,180.37,0
5,4612,8405,2,0,189.37799999999999,0
5,4613,8413,2,0,171.29499999999999,0
5,4614,8421,2,0,187.02799999999999,0
5,4615,8429,2,0,152.43799999999999,0
5,4616,8437,2,0,177.232,0
5,4617,8445,2,0,143.83500000000001,0
5,4618,8453,2,0,170.89099999999999,0
5,4619,8461,2,0,166.18600000000001,0
5,4620,8469,2,0,169.452,0
5,4621,8477,2,0,190.18899999999999,0
5,4622,8485,2,0,175.11699999999999,0
5,4623,8493,2,0,150.03399999999999,0
5,4624,8501,2,0,190.18000000000001,0
5,4625,8509,2,0,150.44800000000001,0
5,4626,8517,2,0,184.738,0
5,4627,8525,2,0,197.40299999999999,0
5,4628,8533,2,0,177.447,0
5,4629,8541,2,0,200.48599999999999,0
5,4630,8549,2,0,193,0
5,4631,8557,2,0,178.88499999999999,0
5,4632,8565,2,0,177.34,0
5,4633,8573,2,0,186.89599999999999,0
5,4634,8581,2,0,138.99299999999999,0
5,4635,8589,2,0,184.63300000000001,0
5,4636,8597,2,0,184.453,0
5,4637,8605,2,0,157.066,0
5,4638,8613,2,0,192.98099999999999,0
5,4639,8621,2,0,180.25299999999999,0
5,4640,8629,2,0,184.566,0
5,4641,8637,2,0,180.65299999999999,0
5,4642,8645,2,0,159.524,0
5,4643,8653,2,0,159.24299999999999,0
5,4644,8661,2,0,193.55799999999999,0
5,4645,8669,2,0,171.53,0
5,4646,8677,2,0,148.39099999999999,0
5,4647,8685,2,0,200.251,0
5,4648,8693,2,0,173.93799999999999,0
5,4649,8701,2,0,177.399,0
5,4650,8709,2,0,175.464,0
5,4651,8717,2,0,201.36699999999999,0
5,4652,8725,2,0,231.476,0
5,4653,8733,2,0,171.64500000000001,0
5,4654,8741,2,0,148.26400000000001,0
5,4655,8749,2,0,192.566,0
5,4656,8757,2,0,169.65799999999999,0
5,4657,8765,2,0,148.37899999999999,0
5,4658,8773,2,0,164.88499999999999,0
5,4659,8781,2,0,152.50299999999999,0
5,4660,8789,2,0,179.73699999999999,0
5,4661,8797,2,0,145.48400000000001,0
5,4662,8805,2,0,186.61699999999999,0
5,4663,8813,2,0,199.86000000000001,0
5,4664,8821,2,0,175.36099999999999,0
5,4665,8829,2,0,169.732,0
5,4666,8837,2,0,197.97999999999999,0
5,4667,8845,2,0,172.58699999999999,0
5,4668,8853,2,0,198.92500000000001,0
5,4669,8861,2,0,166.26900000000001,0
5,4670,8869,2,0,175.05199999999999,0
5,4671,8877,2,0,176.36799999999999,0
5,4672,8885,2,0,147.58699999999999,0
5,4673,8893,2,0,174.16200000000001,0
5,4674,8901,2,0,194.16999999999999,0
5,4675,8909,2,0,131.167,0
5,4676,8917,2,0,164.625,0
5,4677,8925,2,0,194.46199999999999,0
5,4678,8933,2,0,167.26400000000001,0
5,4679,8941,2,0,178.916,0
5,4680,8949,2,0,179.72499999999999,0
5,4681,8957,2,0,174.785,0
5,4682,8965,2,0,179.66800000000001,0
5,4683,8973,2,0,178.965,0
5,4684,8981,2,0,179.79900000000001,0
5,4685,8989,2,0,177.19200000000001,0
5,4686,8997,2,0,180.608,0
5,4687,9005,2,0,174.56299999999999,0
5,4688,9013,2,0,152.303,0
5,4689,9021,2,0,189.94499999999999,0
5,4690,9029,2,0,190.00999999999999,0
5,4691,9037,2,0,160.416,0
5,4692,9045,2,0,194.45099999999999,0
5,4693,9053,2,0,164.583,0
5,4694,9061,2,0,186.30799999999999,0
5,4695,9069,2,0,176.04400000000001,0
5,4696,9077,2,0,160.744,0
5,4697,9085,2,0,136.49199999999999,0
5,4698,9093,2,0,183.36600000000001,0
5,4699,9101,2,0,190.65299999999999,0
5,4700,9109,2,0,195.02699999999999,0
5,4701,9117,2,0,177.96700000000001,0
5,4702,9125,2,0,180.28,0
5,4703,9133,2,0,171.12100000000001,0
5,4704,9141,2,0,136.00200000000001,0
5,4705,9149,2,0,197.72499999999999,0
5,4706,9157,2,0,120.646,0
5,4707,9165,2,0,185.405,0
5,4708,9173,2,0,197.16800000000001,0
5,4709,9181,2,0,172.214,0
5,4710,9189,2,0,179.87700000000001,0
5,4711,9197,2,0,194.874,0
5,4712,9205,2,0,178.381,0
5,4713,9213,2,0,203.066,0
5,4714,9221,2,0,195.315,0
5,4715,9229,2,0,201.965,0
5,4716,9237,2,0,123.64700000000001,0
5,4717,9245,2,0,185.53800000000001,0
5,4718,9253,2,0,163.35300000000001,0
5,4719,9261,2,0,168.96100000000001,0
5,4720,9269,2,0,189.05799999999999,0
5,4721,9277,2,0,147.07300000000001,0
5,4722,9285,2,0,109.203,0
5,4723,9293,2,0,184.52000000000001,0
5,4724,9301,2,0,168.27199999999999,0
5,4725,9309,2,0,136.29499999999999,0
5,4726,9317,2,0,156.762,0
5,4727,9325,2,0,187.18600000000001,0
5,4728,9333,2,0,145.54400000000001,0
5,4729,9341,2,0,140.364,0
5,4730,9349,2,0,137.36000000000001,0
5,4731,9357,2,0,180.227,0
5,4732,9365,2,0,188.83199999999999,0
5,4733,9373,2,0,186.392,0
5,4734,9381,2,0,169.46600000000001,0
5,4735,9389,2,0,158.624,0
5,4736,9397,2,0,219.791,0
5,4737,9405,2,0,177.56399999999999,0
5,4738,9413,2,0,179.15899999999999,0
5,4739,9421,2,0,171.74199999999999,0
5,4740,9429,2,0,183.41800000000001,0
5,4741,9437,2,0,129.55600000000001,0
5,4742,9445,2,0,169.78899999999999,0
5,4743,9453,2,0,179.15100000000001,0
5,4744,9461,2,0,199.44399999999999,0
5,4745,9469,2,0,160.982,0
5,4746,9477,2,0,191.904,0
5,4747,9485,2,0,138.012,0
5,4748,9493,2,0,185.88900000000001,0
5,4749,9501,2,0,126.627,0
5,4750,9509,2,0,175.18299999999999,0
5,4751,9517,2,0,173.79400000000001,0
5,4752,9525,2,0,190.19399999999999,0
5,4753,9533,2,0,144.452,0
5,4754,9541,2,0,157.739,0
5,4755,9549,2,0,156.09200000000001,0
5,4756,9557,2,0,169.471,0
5,4757,9565,2,0,193.886,0
5,4758,9573,2,0,179.89099999999999,0
5,4759,9581,2,0,188.26300000000001,0
5,4760,9589,2,0,192.672,0
5,4761,9597,2,0,141.87200000000001,0
5,4762,9605,2,0,166.69800000000001,0
5,4763,9613,2,0,186.626,0
5,4764,9621,2,0,187.608,0
5,4765,9629,2,0,154.459,0
5,4766,9637,2,0,166.47200000000001,0
5,4767,9645,2,0,186.27000000000001,0
5,4768,9653,2,0,193.108,0
5,4769,9661,2,0,182.21799999999999,0
5,4770,9669,2,0,173.381,0
5,4771,9677,2,0,155.751,0
5,4772,9685,2,0,175.75899999999999,0
5,4773,9693,2,0,131.33000000000001,0
5,4774,9701,2,0,156.29599999999999,0
5,4775,9709,2,0,177.18100000000001,0
5,4776,9717,2,0,150.995,0
5,4777,9725,2,0,204.17599999999999,0
5,4778,9733,2,0,174.27099999999999,0
5,4779,9741,2,0,187.279,0
5,4780,9749,2,0,182.22499999999999,0
5,4781,9757,2,0,179.28999999999999,0
5,4782,9765,2,0,176.345,0
5,4783,9773,2,0,189.37299999999999,0
5,4784,9781,2,0,181.864,0
5,4785,9789,2,0,129.29499999999999,0
5,4786,9797,2,0,140.99799999999999,0
5,4787,9805,2,0,166.751,0
5,4788,9813,2,0,182.71000000000001,0
5,4789,9821,2,0,175.60400000000001,0
5,4790,9829,2,0,184.601,0
5,4791,9837,2,0,172.179,0
5,4792,9845,2,0,176.167,0
5,4793,9853,2,0,153.25299999999999,0
5,4794,9861,2,0,178.02199999999999,0
5,4795,9869,2,0,175.506,0
5,4796,9877,2,0,194.79300000000001,0
5,4797,9885,2,0,172.92599999999999,0
5,4798,9893,2,0,171.37,0
5,4799,9901,2,0,182.84299999999999,0
5,4800,9909,2,0,181.70099999999999,0
5,4801,9917,2,0,194.959,0
5,4802,9925,2,0,186.04599999999999,0
5,4803,9933,2,0,169.46199999999999,0
5,4804,9941,2,0,202.24700000000001,0
5,4805,9949,2,0,182.49700000000001,0
5,4806,9957,2,0,178.816,0
5,4807,9965,2,0,198.376,0
5,4808,9973,2,0,187.851,0
5,4809,9981,2,0,185.06299999999999,0
5,4810,9989,2,0,153.375,0
5,4811,9997,2,0,168.12899999999999,0
5,4812,10005,2,0,163.428,0
5,4813,10013,2,0,179.37,0
5,4814,10021,2,0,134.036,0
5,4815,10029,2,0,196.30799999999999,0
5,4816,10037,2,0,211.363,0
5,4817,10045,2,0,137.21199999999999,0
5,4818,10053,2,0,178.113,0
5,4819,10061,2,0,184.178,0
5,4820,10069,2,0,185.999,0
5,4821,10077,2,0,183.35400000000001,0
5,4822,10085,2,0,180.25200000000001,0
5,4823,10093,2,0,174.55500000000001,0
5,4824,10101,2,0,175.624,0
5,4825,10109,2,0,151.863,0
5,4826,10117,2,0,209.36799999999999,0
5,4827,10125,2,0,184.76499999999999,0
5,4828,10133,2,0,200.578,0
5,4829,10141,2,0,179.124,0
5,4830,10149,2,0,173.22900000000001,0
5,4831,10157,2,0,203.11000000000001,0
5,4832,10165,2,0,137.74299999999999,0
5,4833,10173,2,0,176.667,0
5,4834,10181,2,0,128.53700000000001,0
5,4835,10189,2,0,163.709,0
5,4836,10197,2,0,173.82300000000001,0
5,4837,10205,2,0,172.38800000000001,0
5,4838,10213,2,0,187.19200000000001,0
5,4839,10221,2,0,184.255,0
5,4840,10229,2,0,173.09999999999999,0
5,4841,10237,2,0,184.03800000000001,0
5,4842,10245,2,0,179.12299999999999,0
5,4843,10253,2,0,180.04900000000001,0
5,4844,10261,2,0,175.726,0
5,4845,10269,2,0,149.31399999999999,0
5,4846,10277,2,0,176.96600000000001,0
5,4847,10285,2,0,150.04400000000001,0
5,4848,10293,2,0,171.59200000000001,0
5,4849,10301,2,0,176.49799999999999,0
5,4850,10309,2,0,166.01499999999999,0
5,4851,10317,2,0,178.42500000000001,0
5,4852,10325,2,0,162.52000000000001,0
5,4853,10333,2,0,187.19200000000001,0
5,4854,10341,2,0,161.64400000000001,0
5,4855,10349,2,0,171.58600000000001,0
5,4856,10357,2,0,178.62200000000001,0
5,4857,10365,2,0,200.56399999999999,0
5,4858,10373,2,0,138.46299999999999,0
5,4859,10381,2,0,182.02799999999999,0
5,4860,10389,2,0,199.33000000000001,0
5,4861,10397,2,0,148.08000000000001,0
5,4862,10405,2,0,184.239,0
5,4863,10413,2,0,174.316,0
5,4864,10421,2,0,182.202,0
5,4865,10429,2,0,173.803,0
5,4866,10437,2,0,162.114,0
5,4867,10445,2,0,135.55600000000001,0
5,4868,10453,2,0,168.084,0
5,4869,10461,2,0,192.09899999999999,0
5,4870,10469,2,0,177.91399999999999,0
5,4871,10477,2,0,183.334,0
5,4872,10485,2,0,189.399,0
5,4873,10493,2,0,157.08000000000001,0
5,4874,10501,2,0,150.607,0
5,4875,10509,2,0,181.54499999999999,0
5,4876,10517,2,0,204.61500000000001,0
5,4877,10525,2,0,135.327,0
5,4878,10533,2,0,197.114,0
5,4879,10541,2,0,172.06999999999999,0
5,4880,10549,2,0,171.65000000000001,0
5,4881,10557,2,0,186.358,0
5,4882,10565,2,0,185.52699999999999,0
5,4883,10573,2,0,157.14500000000001,0
5,4884,10581,2,0,154.148,0
5,4885,10589,2,0,138.81899999999999,0
5,4886,10597,2,0,160.22499999999999,0
5,4887,10605,2,0,172.071,0
5,4888,10613,2,0,187.64400000000001,0
5,4889,10621,2,0,201.34299999999999,0
5,4890,10629,2,0,179.28700000000001,0
5,4891,10637,2,0,181.50999999999999,0
5,4892,10645,2,0,198.137,0
5,4893,10653,2,0,174.28999999999999,0
5,4894,10661,2,0,184.34100000000001,0
5,4895,10669,2,0,155.185,0
5,4896,10677,2,0,167.952,0
5,4897,10685,2,0,158.05600000000001,0
5,4898,10693,2,0,160.649,0
5,4899,10701,2,0,177.86699999999999,0
5,4900,10709,2,0,219.36600000000001,0
5,4901,10717,2,0,160.047,0
5,4902,10725,2,0,141.75399999999999,0
5,4903,10733,2,0,187.74799999999999,0
5,4904,10741,2,0,142.88399999999999,0
5,4905,10749,2,0,171.94900000000001,0
5,4906,10757,2,0,209.137,0
5,4907,10765,2,0,144.46199999999999,0
5,4908,10773,2,0,183.03299999999999,0
5,4909,10781,2,0,219.274,0
5,4910,10789,2,0,169.82499999999999,0
5,4911,10797,2,0,145.44300000000001,0
5,4912,10805,2,0,187.48099999999999,0
5,4913,10813,2,0,139.423,0
5,4914,10821,2,0,191.19900000000001,0
5,4915,10829,2,0,146.54300000000001,0
5,4916,10837,2,0,153.98400000000001,0
5,4917,10845,2,0,173.19300000000001,0
5,4918,10853,2,0,178.411,0
5,4919,10861,2,0,154.06999999999999,0
5,4920,10869,2,0,130.65299999999999,0
5,4921,10877,2,0,189.17099999999999,0
5,4922,10885,2,0,186.404,0
5,4923,10893,2,0,151.33600000000001,0
5,4924,10901,2,0,175.57400000000001,0
5,4925,10909,2,0,199.673,0
5,4926,10917,2,0,185.69499999999999,0
5,4927,10925,2,0,197.97300000000001,0
5,4928,10933,2,0,181.12200000000001,0
5,4929,10941,2,0,127.38,0
5,4930,10949,2,0,145.69900000000001,0
5,4931,10957,2,0,138.94900000000001,0
5,4932,10965,2,0,174.40899999999999,0
5,4933,10973,2,0,194.839,0
5,4934,10981,2,0,189.42099999999999,0
5,4935,10989,2,0,189.59399999999999,0
5,4936,10997,2,0,196.25200000000001,0
5,4937,11005,2,0,184.88399999999999,0
5,4938,11013,2,0,180.82599999999999,0
5,4939,11021,2,0,136.35400000000001,0
5,4940,11029,2,0,173.261,0
5,4941,11037,2,0,188.447,0
5,4942,11045,2,0,168.886,0
5,4943,11053,2,0,182.245,0
5,4944,11061,2,0,188.75200000000001,0
5,4945,11069,2,0,187.404,0
5,4946,11077,2,0,185.24600000000001,0
5,4947,11085,2,0,172.41900000000001,0
5,4948,11093,2,0,166.881,0
5,4949,11101,2,0,169.36099999999999,0
5,4950,11109,2,0,209.90299999999999,0
5,4951,11117,2,0,195.5,0
5,4952,11125,2,0,201.304,0
5,4953,11133,2,0,184.708,0
5,4954,11141,2,0,142.732,0
5,4955,11149,2,0,134.52799999999999,0
5,4956,11157,2,0,186.74799999999999,0
5,4957,11165,2,0,154.822,0
5,4958,11173,2,0,187.68100000000001,0
5,4959,11181,2,0,168.173,0
5,4960,11189,2,0,157.50700000000001,0
5,4961,11197,2,0,184.97,0
5,4962,11205,2,0,189.05500000000001,0
5,4963,11213,2,0,160.27199999999999,0
5,4964,11221,2,0,148.18299999999999,0
5,4965,11229,2,0,205.13800000000001,0
5,4966,11237,2,0,187.70400000000001,0
5,4967,11245,2,0,177.83199999999999,0
5,4968,11253,2,0,159.93899999999999,0
5,4969,11261,2,0,198.893,0
5,4970,11269,2,0,131.34299999999999,0
5,4971,11277,2,0,162.702,0
5,4972,11285,2,0,205.458,0
5,4973,11293,2,0,191.327,0
5,4974,11301,2,0,179.99100000000001,0
5,4975,11309,2,0,183.70699999999999,0
5,4976,11317,2,0,181.90100000000001,0
5,4977,11325,2,0,180.00700000000001,0
5,4978,11333,2,0,179.31399999999999,0
5,4979,11341,2,0,177.50299999999999,0
5,4980,11349,2,0,190.524,0
5,4981,11357,2,0,209.44300000000001,0
5,4982,11365,2,0,187.249,0
5,4983,11373,2,0,125.88800000000001,0
5,4984,11381,2,0,180.87899999999999,0
5,4985,11389,2,0,155.78999999999999,0
5,4986,11397,2,0,141.869,0
5,4987,11405,2,0,172.679,0
5,4988,11413,2,0,186.01499999999999,0
5,4989,11421,2,0,169.92599999999999,0
5,4990,11429,2,0,188.59800000000001,0
5,4991,11437,2,0,193.851,0
5,4992,11445,2,0,160.61199999999999,0
5,4993,11453,2,0,151.43199999999999,0
5,4994,11461,2,0,156.00800000000001,0
5,4995,11469,2,0,174.19200000000001,0
5,4996,11477,2,0,177.73400000000001,0
5,4997,11485,2,0,176.602,0
5,4998,11493,2,0,191.40799999999999,0
5,4999,11501,2,0,192.19999999999999,0
5,5000,11509,2,0,122.16800000000001,0
5,5001,11517,2,0,184.90700000000001,0
5,5002,11525,2,0,169.56899999999999,0
5,5003,11533,2,0,182.75299999999999,0
5,5004,11541,2,0,179.55799999999999,0
5,5005,11549,2,0,194.971,0
5,5006,11557,2,0,191.47300000000001,0
5,5007,11565,2,0,159.339,0
5,5008,11573,2,0,197.886,0
5,5009,11581,2,0,196.81700000000001,0
5,5010,11589,2,0,145.53299999999999,0
5,5011,11597,2,0,179.10499999999999,0
5,5012,11605,2,0,145.51599999999999,0
5,5013,11613,2,0,175.97200000000001,0
5,5014,11621,2,0,176.75899999999999,0
5,5015,11629,2,0,214.124,0
5,5016,11637,2,0,184.19900000000001,0
5,5017,11645,2,0,203.12899999999999,0
5,5018,11653,2,0,136.011,0
5,5019,11661,2,0,140.67599999999999,0
5,5020,11669,2,0,182.52600000000001,0
5,5021,11677,2,0,202.292,0
5,5022,11685,2,0,159.916,0
5,5023,11693,2,0,167.84,0
5,5024,11701,2,0,168.52799999999999,0
5,5025,11709,2,0,184.011,0
5,5026,11717,2,0,161.28,0
5,5027,11725,2,0,202.83699999999999,0
5,5028,11733,2,0,177.17599999999999,0
5,5029,11741,2,0,174.15799999999999,0
5,5030,11749,2,0,179.417,0
5,5031,11757,2,0,160.64599999999999,0
5,5032,11765,2,0,170.98099999999999,0
5,5033,11773,2,0,133.285,0
5,5034,11781,2,0,172.071,0
5,5035,11789,2,0,187.85499999999999,0
5,5036,11797,2,0,144.87200000000001,0
5,5037,11805,2,0,189.102,0
5,5038,11813,2,0,160.684,0
5,5039,11821,2,0,192.37299999999999,0
5,5040,11829,2,0,192.732,0
5,5041,11837,2,0,172.029,0
5,5042,11845,2,0,186.28899999999999,0
5,5043,11853,2,0,191.57900000000001,0
5,5044,11861,2,0,162.59200000000001,0
5,5045,11869,2,0,180.12100000000001,0
5,5046,11877,2,0,132.304,0
5,5047,11885,2,0,174.36000000000001,0
5,5048,11893,2,0,181.459,0
5,5049,11901,2,0,145.596,0
5,5050,11909,2,0,194.44399999999999,0
5,5051,11917,2,0,169.90899999999999,0
5,5052,11925,2,0,166.208,0
5,5053,11933,2,0,138.149,0
5,5054,11941,2,0,189.47200000000001,0
5,5055,11949,2,0,163.15299999999999,0
5,5056,11957,2,0,176.779,0
5,5057,11965,2,0,192.19,0
5,5058,11973,2,0,173.703,0
5,5059,11981,2,0,159.00200000000001,0
5,5060,11989,2,0,160.82900000000001,0
5,5061,11997,2,0,192.55099999999999,0
5,5062,12005,2,0,172.922,0
5,5063,12013,2,0,189.75700000000001,0
5,5064,12021,2,0,189.315,0
5,5065,12029,2,0,199.03100000000001,0
5,5066,12037,2,0,152.34899999999999,0
5,5067,12045,2,0,158.43799999999999,0
5,5068,12053,2,0,190.33000000000001,0
5,5069,12061,2,0,180.215,0
5,5070,12069,2,0,185.83600000000001,0
5,5071,12077,2,0,182.40299999999999,0
5,5072,12085,2,0,177.13399999999999,0
5,5073,12093,2,0,172.02000000000001,0
5,5074,12101,2,0,176.93799999999999,0
5,5075,12109,2,0,220.512,0
5,5076,12117,2,0,181.36600000000001,0
5,5077,12125,2,0,184.34100000000001,0
5,5078,12133,2,0,167.02199999999999,0
5,5079,12141,2,0,163.91300000000001,0
5,5080,12149,2,0,166.678,0
5,5081,12157,2,0,189.31299999999999,0
5,5082,12165,2,0,184.042,0
5,5083,12173,2,0,186.666,0
5,5084,12181,2,0,187.65799999999999,0
5,5085,12189,2,0,179.614,0
5,5086,12197,2,0,189.75999999999999,0
5,5087,12205,2,0,134.50399999999999,0
5,5088,12213,2,0,165.60499999999999,0
5,5089,12221,2,0,128.71299999999999,0
5,5090,12229,2,0,201.10599999999999,0
5,5091,12237,2,0,162.09700000000001,0
5,5092,12245,2,0,198.62899999999999,0
5,5093,12253,2,0,148.23400000000001,0
5,5094,12261,2,0,143.06999999999999,0
5,5095,12269,2,0,163.65700000000001,0
5,5096,12277,2,0,155.881,0
5,5097,12285,2,0,145.12799999999999,0
5,5098,12293,2,0,194.88499999999999,0
5,5099,12301,2,0,178.51300000000001,0
5,5100,12309,2,0,157.35499999999999,0
5,5101,12317,2,0,186.15600000000001,0
5,5102,12325,2,0,197.59200000000001,0
5,5103,12333,2,0,191.25899999999999,0
5,5104,12341,2,0,198.15700000000001,0
5,5105,12349,2,0,185.47,0
5,5106,12357,2,0,171.61099999999999,0
5,5107,12365,2,0,175.22499999999999,0
5,5108,12373,2,0,182.67699999999999,0
5,5109,12381,2,0,175.80000000000001,0
5,5110,12389,2,0,182.90299999999999,0
5,5111,12397,2,0,161.709,0
5,5112,12405,2,0,170.506,0
5,5113,12413,2,0,174.85400000000001,0
5,5114,12421,2,0,187.351,0
5,5115,12429,2,0,154.34299999999999,0
5,5116,12437,2,0,191.70699999999999,0
5,5117,12445,2,0,184.863,0
5,5118,12453,2,0,179.68100000000001,0
5,5119,12461,2,0,132.40600000000001,0
5,5120,12469,2,0,198.126,0
5,5121,12477,2,0,134.553,0
5,5122,12485,2,0,164.35599999999999,0
5,5123,12493,2,0,184.51400000000001,0
5,5124,12501,2,0,172.566,0
5,5125,12509,2,0,195.78999999999999,0
5,5126,12517,2,0,178.29499999999999,0
5,5127,12525,2,0,190.215,0
5,5128,12533,2,0,165.601,0
5,5129,12541,2,0,162.703,0
5,5130,12549,2,0,173.86500000000001,0
5,5131,12557,2,0,164.27699999999999,0
5,5132,12565,2,0,160.45099999999999,0
5,5133,12573,2,0,195.40000000000001,0
5,5134,12581,2,0,120.898,0
5,5135,12589,2,0,165.40000000000001,0
5,5136,12597,2,0,174.267,0
5,5137,12605,2,0,178.649,0
5,5138,12613,2,0,170.804,0
5,5139,12621,2,0,210.77699999999999,0
5,5140,12629,2,0,165.571,0
5,5141,12637,2,0,181.50999999999999,0
5,5142,12645,2,0,158.73400000000001,0
5,5143,12653,2,0,152.09100000000001,0
5,5144,12661,2,0,183.684,0
5,5145,12669,2,0,177.22800000000001,0
5,5146,12677,2,0,177.946,0
5,5147,12685,2,0,166.45699999999999,0
5,5148,12693,2,0,135.595,0
5,5149,12701,2,0,192.62,0
5,5150,12709,2,0,201.25800000000001,0
5,5151,12717,2,0,173.05699999999999,0
5,5152,12725,2,0,170.744,0
5,5153,12733,2,0,180.709,0
5,5154,12741,2,0,165.84899999999999,0
5,5155,12749,2,0,161.87700000000001,0
5,5156,12757,2,0,172.73099999999999,0
5,5157,12765,2,0,151.089,0
5,5158,12773,2,0,169.745,0
5,5159,12781,2,0,197.518,0
5,5160,12789,2,0,200.13499999999999,0
5,5161,12797,2,0,175.42699999999999,0
5,5162,12805,2,0,157.92699999999999,0
5,5163,12813,2,0,159.93100000000001,0
5,5164,12821,2,0,176.55199999999999,0
5,5165,12829,2,0,154.18100000000001,0
5,5166,12837,2,0,196.57599999999999,0
5,5167,12845,2,0,184.56999999999999,0
5,5168,12853,2,0,184.30699999999999,0
5,5169,12861,2,0,173.90100000000001,0
5,5170,12869,2,0,137.94800000000001,0
5,5171,12877,2,0,170.85599999999999,0
5,5172,12885,2,0,178.59700000000001,0
5,5173,12893,2,0,174.18799999999999,0
5,5174,12901,2,0,201.09200000000001,0
5,5175,12909,2,0,166.91399999999999,0
5,5176,12917,2,0,178.06399999999999,0
5,5177,12925,2,0,164.756,0
5,5178,12933,2,0,194.93199999999999,0
5,5179,12941,2,0,187.23699999999999,0
5,5180,12949,2,0,195.29400000000001,0
5,5181,12957,2,0,173.999,0
5,5182,12965,2,0,180.255,0
5,5183,12973,2,0,183.548,0
5,5184,12981,2,0,152.703,0
5,5185,12989,2,0,164.28700000000001,0
5,5186,12997,2,0,153.75800000000001,0
5,5187,13005,2,0,135.85599999999999,0
5,5188,13013,2,0,169.25999999999999,0
5,5189,13021,2,0,164.077,0
5,5190,13029,2,0,183.46899999999999,0
5,5191,13037,2,0,172.79400000000001,0
5,5192,13045,2,0,145.21700000000001,0
5,5193,13053,2,0,173.17500000000001,0
5,5194,13061,2,0,208.779,0
5,5195,13069,2,0,192.59100000000001,0
5,5196,13077,2,0,179.62200000000001,0
5,5197,13085,2,0,178.017,0
5,5198,13093,2,0,157.917,0
5,5199,13101,2,0,172.215,0
5,5200,13109,2,0,153.178,0
5,5201,13117,2,0,167.471,0
5,5202,13125,2,0,206.76599999999999,0
5,5203,13133,2,0,161.92099999999999,0
5,5204,13141,2,0,187.32499999999999,0
5,5205,13149,2,0,163.869,0
5,5206,13157,2,0,138.703,0
5,5207,13165,2,0,183.06299999999999,0
5,5208,13173,2,0,200.43799999999999,0
5,5209,13181,2,0,170.874,0
5,5210,13189,2,0,212.90000000000001,0
5,5211,13197,2,0,168.27799999999999,0
5,5212,13205,2,0,192.34999999999999,0
5,5213,13213,2,0,179.346,0
5,5214,13221,2,0,182.02500000000001,0
5,5215,13229,2,0,163.536,0
5,5216,13237,2,0,166.262,0
5,5217,13245,2,0,180.965,0
5,5218,13253,2,0,196.934,0
5,5219,13261,2,0,179.79400000000001,0
5,5220,13269,2,0,173.03200000000001,0
5,5221,13277,2,0,159.78100000000001,0
5,5222,13285,2,0,187.005,0
5,5223,13293,2,0,188.13900000000001,0
5,5224,13301,2,0,193.94999999999999,0
5,5225,13309,2,0,194.56399999999999,0
5,5226,13317,2,0,184.821,0
5,5227,13325,2,0,165.184,0
5,5228,13333,2,0,183.148,0
5,5229,13341,2,0,173.726,0
5,5230,13349,2,0,150.041,0
5,5231,13357,2,0,159.69200000000001,0
5,5232,13365,2,0,152.67099999999999,0
5,5233,13373,2,0,174.065,0
5,5234,13381,2,0,151.21899999999999,0
5,5235,13389,2,0,188.21799999999999,0
5,5236,13397,2,0,146.63800000000001,0
5,5237,13405,2,0,166.767,0
5,5238,13413,2,0,174.55699999999999,0
5,5239,13421,2,0,189.16,0
5,5240,13429,2,0,198.119,0
5,5241,13437,2,0,188.35400000000001,0
5,5242,13445,2,0,149.34800000000001,0
5,5243,13453,2,0,180.82300000000001,0
5,5244,13461,2,0,177.88499999999999,0
5,5245,13469,2,0,167.607,0
5,5246,13477,2,0,159.31999999999999,0
5,5247,13485,2,0,155.71700000000001,0
5,5248,13493,2,0,156.50399999999999,0
5,5249,13501,2,0,198.95099999999999,0
5,5250,13509,2,0,185.417,0
5,5251,13517,2,0,183.52600000000001,0
5,5252,13525,2,0,190.292,0
5,5253,13533,2,0,198.096,0
5,5254,13541,2,0,174.5,0
5,5255,13549,2,0,149.86799999999999,0
5,5256,13557,2,0,196.827,0
5,5257,13565,2,0,156.958,0
5,5258,13573,2,0,167.28100000000001,0
5,5259,13581,2,0,170.27699999999999,0
5,5260,13589,2,0,185.97,0
5,5261,13597,2,0,188.447,0
5,5262,13605,2,0,175.68600000000001,0
5,5263,13613,2,0,193.50399999999999,0
5,5264,13621,2,0,169.614,0
5,5265,13629,2,0,195.732,0
5,5266,13637,2,0,178.33699999999999,0
5,5267,13645,2,0,187.03999999999999,0
5,5268,13653,2,0,182.82300000000001,0
5,5269,13661,2,0,156.358,0
5,5270,13669,2,0,161.59899999999999,0
5,5271,13677,2,0,190.73400000000001,0
5,5272,13685,2,0,168.97,0
5,5273,13693,2,0,201.67699999999999,0
5,5274,13701,2,0,196.81299999999999,0
5,5275,13709,2,0,160.20500000000001,0
5,5276,13717,2,0,158.06399999999999,0
5,5277,13725,2,0,176.27799999999999,0
5,5278,13733,2,0,184.47300000000001,0
5,5279,13741,2,0,189.33500000000001,0
5,5280,13749,2,0,166.79499999999999,0
5,5281,13757,2,0,196.54900000000001,0
5,5282,13765,2,0,154.13300000000001,0
5,5283,13773,2,0,187.09,0
5,5284,13781,2,0,139.19499999999999,0
5,5285,13789,2,0,186.482,0
5,5286,13797,2,0,197.15600000000001,0
5,5287,13805,2,0,184.631,0
5,5288,13813,2,0,185.80600000000001,0
5,5289,13821,2,0,176.04300000000001,0
5,5290,13829,2,0,191.78999999999999,0
5,5291,13837,2,0,208.91999999999999,0
5,5292,13845,2,0,195.74600000000001,0
5,5293,13853,2,0,135.80600000000001,0
5,5294,13861,2,0,220.161,0
5,5295,13869,2,0,193.57400000000001,0
5,5296,13877,2,0,181.97,0
5,5297,13885,2,0,187.89099999999999,0
5,5298,13893,2,0,165.19800000000001,0
5,5299,13901,2,0,128.86099999999999,0
5,5300,13909,2,0,173.37200000000001,0
5,5301,13917,2,0,218.80500000000001,0
5,5302,13925,2,0,162.85599999999999,0
5,5303,13933,2,0,182.428,0
5,5304,13941,2,0,190.393,0
5,5305,13949,2,0,146.41999999999999,0
5,5306,13957,2,0,180.369,0
5,5307,13965,2,0,155.68899999999999,0
5,5308,13973,2,0,192.22399999999999,0
5,5309,13981,2,0,185.29499999999999,0
5,5310,13989,2,0,146.184,0
5,5311,13997,2,0,175.90600000000001,0
5,5312,14005,2,0,165.33000000000001,0
5,5313,14013,2,0,167.774,0
5,5314,14021,2,0,208.745,0
5,5315,14029,2,0,176.054,0
5,5316,14037,2,0,168.96600000000001,0
5,5317,14045,2,0,167.26599999999999,0
5,5318,14053,2,0,153.36199999999999,0
5,5319,14061,2,0,183.14500000000001,0
5,5320,14069,2,0,149.566,0
5,5321,14077,2,0,165.04599999999999,0
5,5322,14085,2,0,163.898,0
5,5323,14093,2,0,175.709,0
5,5324,14101,2,0,207.489,0
5,5325,14109,2,0,157.70500000000001,0
5,5326,14117,2,0,187.09999999999999,0
5,5327,14125,2,0,192.39699999999999,0
5,5328,14133,2,0,186.71600000000001,0
5,5329,14141,2,0,197.48400000000001,0
5,5330,14149,2,0,116.11199999999999,0
5,5331,14157,2,0,187.68299999999999,0
5,5332,14165,2,0,156.60499999999999,0
5,5333,14173,2,0,180.011,0
5,5334,14181,2,0,152.39400000000001,0
5,5335,14189,2,0,191.29900000000001,0
5,5336,14197,2,0,159.09700000000001,0
5,5337,14205,2,0,174.81100000000001,0
5,5338,14213,2,0,200.23500000000001,0
5,5339,14221,2,0,166.977,0
5,5340,14229,2,0,182.02199999999999,0
5,5341,14237,2,0,149.08000000000001,0
5,5342,14245,2,0,187.38399999999999,0
5,5343,5,3,0,163.77699999999999,0
5,5344,13,3,0,155.77099999999999,0
5,5345,21,3,0,176.94999999999999,0
5,5346,29,3,0,159.13300000000001,0
5,5347,37,3,0,155.65700000000001,0
5,5348,45,3,0,160.54300000000001,0
5,5349,53,3,0,170.17099999999999,0
5,5350,61,3,0,186.20599999999999,0
5,5351,69,3,0,178.84399999999999,0
5,5352,77,3,0,140.44999999999999,0
5,5353,85,3,0,195.43899999999999,0
5,5354,93,3,0,135.851,0
5,5355,101,3,0,182.27199999999999,0
5,5356,109,3,0,136.184,0
5,5357,117,3,0,155.55500000000001,0
5,5358,125,3,0,162.30799999999999,0
5,5359,133,3,0,192.94999999999999,0
5,5360,141,3,0,154.16,0
5,5361,149,3,0,182.441,0
5,5362,157,3,0,136.91,0
5,5363,165,3,0,167.28299999999999,0
5,5364,173,3,0,170.38499999999999,0
5,5365,181,3,0,156.08099999999999,0
5,5366,189,3,0,146.20599999999999,0
5,5367,197,3,0,180.85300000000001,0
5,5368,205,3,0,156.76599999999999,0
5,5369,213,3,0,197.708,0
5,5370,221,3,0,178.446,0
5,5371,229,3,0,181.381,0
5,5372,237,3,0,172.035,0
5,5373,245,3,0,190.381,0
5,5374,253,3,0,195.80099999999999,0
5,5375,261,3,0,122.005,0
5,5376,269,3,0,177.82300000000001,0
5,5377,277,3,0,153.494,0
5,5378,285,3,0,177.26900000000001,0
5,5379,293,3,0,194.60499999999999,0
5,5380,301,3,0,155.59100000000001,0
5,5381,309,3,0,189.08000000000001,0
5,5382,317,3,0,138.78299999999999,0
5,5383,325,3,0,175.25299999999999,0
5,5384,333,3,0,145.02000000000001,0
5,5385,341,3,0,197.86099999999999,0
5,5386,349,3,0,183.16499999999999,0
5,5387,357,3,0,188.33199999999999,0
5,5388,365,3,0,178.19,0
5,5389,373,3,0,195.90199999999999,0
5,5390,381,3,0,170.726,0
5,5391,389,3,0,182.93100000000001,0
5,5392,397,3,0,169.85599999999999,0
5,5393,405,3,0,211.63300000000001,0
5,5394,413,3,0,197.81999999999999,0
5,5395,421,3,0,186.721,0
5,5396,429,3,0,189.74799999999999,0
5,5397,437,3,0,171.18000000000001,0
5,5398,445,3,0,180.65199999999999,0
5,5399,453,3,0,183.94900000000001,0
5,5400,461,3,0,183.756,0
5,5401,469,3,0,189.518,0
5,5402,477,3,0,194.31700000000001,0
5,5403,485,3,0,198.90199999999999,0
5,5404,493,3,0,175.09800000000001,0
5,5405,501,3,0,181.71299999999999,0
5,5406,509,3,0,191.61500000000001,0
5,5407,517,3,0,189.81,0
5,5408,525,3,0,151.22499999999999,0
5,5409,533,3,0,161.096,0
5,5410,541,3,0,182.55500000000001,0
5,5411,549,3,0,143.386,0
5,5412,557,3,0,157.52099999999999,0
5,5413,565,3,0,174.804,0
5,5414,573,3,0,200.33199999999999,0
5,5415,581,3,0,170.255,0
5,5416,589,3,0,201.46799999999999,0
5,5417,597,3,0,190.78299999999999,0
5,5418,605,3,0,167.12799999999999,0
5,5419,613,3,0,172.94900000000001,0
5,5420,621,3,0,128.47800000000001,0
5,5421,629,3,0,171.589,0
5,5422,637,3,0,182.66399999999999,0
5,5423,645,3,0,166.578,0
5,5424,653,3,0,161.333,0
5,5425,661,3,0,176.21100000000001,0
5,5426,669,3,0,136.25,0
5,5427,677,3,0,149.00800000000001,0
5,5428,685,3,0,171.06299999999999,0
5,5429,693,3,0,187.761,0
5,5430,701,3,0,191.05500000000001,0
5,5431,709,3,0,170.84800000000001,0
5,5432,717,3,0,185.779,0
5,5433,725,3,0,189.75299999999999,0
5,5434,733,3,0,130.72,0
5,5435,741,3,0,145.256,0
5,5436,749,3,0,181.35599999999999,0
5,5437,757,3,0,156.886,0
5,5438,765,3,0,183.09,0
5,5439,773,3,0,178.11199999999999,0
5,5440,781,3,0,148.67599999999999,0
5,5441,789,3,0,166.66399999999999,0
5,5442,797,3,0,198.59899999999999,0
5,5443,805,3,0,125.539,0
5,5444,813,3,0,197.12100000000001,0
5,5445,821,3,0,152.14699999999999,0
5,5446,829,3,0,168.53399999999999,0
5,5447,837,3,0,114.65300000000001,0
5,5448,845,3,0,200.637,0
5,5449,853,3,0,185.66499999999999,0
5,5450,861,3,0,179.46199999999999,0
5,5451,869,3,0,165.60400000000001,0
5,5452,877,3,0,166.25,0
5,5453,885,3,0,159.392,0
5,5454,893,3,0,170.857,0
5,5455,901,3,0,215.571,0
5,5456,909,3,0,181.185,0
5,5457,917,3,0,170.078,0
5,5458,925,3,0,185.173,0
5,5459,933,3,0,175.56999999999999,0
5,5460,941,3,0,154.459,0
5,5461,949,3,0,180.60599999999999,0
5,5462,957,3,0,176.59999999999999,0
5,5463,965,3,0,177.85900000000001,0
5,5464,973,3,0,161.22800000000001,0
5,5465,981,3,0,191.71899999999999,0
5,5466,989,3,0,155.97200000000001,0
5,5467,997,3,0,184.935,0
5,5468,1005,3,0,196.57499999999999,0
5,5469,1013,3,0,170.626,0
5,5470,1021,3,0,140.73599999999999,0
5,5471,1029,3,0,192.72399999999999,0
5,5472,1037,3,0,171.60599999999999,0
5,5473,1045,3,0,153.80099999999999,0
5,5474,1053,3,0,197.51900000000001,0
5,5475,1061,3,0,149.96199999999999,0
5,5476,1069,3,0,174.90199999999999,0
5,5477,1077,3,0,191.74799999999999,0
5,5478,1085,3,0,157.239,0
5,5479,1093,3,0,190.376,0
5,5480,1101,3,0,193.87299999999999,0
5,5481,1109,3,0,150.47999999999999,0
5,5482,1117,3,0,170.446,0
5,5483,1125,3,0,222.535,0
5,5484,1133,3,0,195.63,0
5,5485,1141,3,0,189.75200000000001,0
5,5486,1149,3,0,176.21100000000001,0
5,5487,1157,3,0,187.255,0
5,5488,1165,3,0,197.52099999999999,0
5,5489,1173,3,0,181.82499999999999,0
5,5490,1181,3,0,171.46199999999999,0
5,5491,1189,3,0,180.494,0
5,5492,1197,3,0,165.03999999999999,0
5,5493,1205,3,0,176.209,0
5,5494,1213,3,0,155.10400000000001,0
5,5495,1221,3,0,168.28800000000001,0
5,5496,1229,3,0,193.40199999999999,0
5,5497,1237,3,0,175.47499999999999,0
5,5498,1245,3,0,218.297,0
5,5499,1253,3,0,197.59700000000001,0
5,5500,1261,3,0,158.24799999999999,0
5,5501,1269,3,0,177.37100000000001,0
5,5502,1277,3,0,193.48599999999999,0
5,5503,1285,3,0,151.994,0
5,5504,1293,3,0,174.84299999999999,0
5,5505,1301,3,0,159.982,0
5,5506,1309,3,0,179.572,0
5,5507,1317,3,0,175.477,0
5,5508,1325,3,0,171.59200000000001,0
5,5509,1333,3,0,170.84399999999999,0
5,5510,1341,3,0,184.499,0
5,5511,1349,3,0,138.58600000000001,0
5,5512,1357,3,0,183.483,0
5,5513,1365,3,0,177.40799999999999,0
5,5514,1373,3,0,188.36600000000001,0
5,5515,1381,3,0,173.46199999999999,0
5,5516,1389,3,0,167.846,0
5,5517,1397,3,0,173.435,0
5,5518,1405,3,0,185.71000000000001,0
5,5519,1413,3,0,235.41800000000001,0
5,5520,1421,3,0,116.696,0
5,5521,1429,3,0,193.524,0
5,5522,1437,3,0,151.70699999999999,0
5,5523,1445,3,0,158.28,0
5,5524,1453,3,0,177.00200000000001,0
5,5525,1461,3,0,147.44800000000001,0
5,5526,1469,3,0,145.31899999999999,0
5,5527,1477,3,0,183.62299999999999,0
5,5528,1485,3,0,176.50800000000001,0
5,5529,1493,3,0,172.273,0
5,5530,1501,3,0,175.13999999999999,0
5,5531,1509,3,0,188.34700000000001,0
5,5532,1517,3,0,204.11600000000001,0
5,5533,1525,3,0,200.45099999999999,0
5,5534,1533,3,0,144.536,0
5,5535,1541,3,0,159.16,0
5,5536,1549,3,0,120.22799999999999,0
5,5537,1557,3,0,191.70699999999999,0
5,5538,1565,3,0,194.46000000000001,0
5,5539,1573,3,0,164.13,0
5,5540,1581,3,0,192.51300000000001,0
5,5541,1589,3,0,175.77699999999999,0
5,5542,1597,3,0,156.16399999999999,0
5,5543,1605,3,0,187.08000000000001,0
5,5544,1613,3,0,163.452,0
5,5545,1621,3,0,167.16300000000001,0
5,5546,1629,3,0,190.92699999999999,0
5,5547,1637,3,0,188.137,0
5,5548,1645,3,0,180.67500000000001,0
5,5549,1653,3,0,192.56200000000001,0
5,5550,1661,3,0,182.874,0
5,5551,1669,3,0,186.91999999999999,0
5,5552,1677,3,0,183.059,0
5,5553,1685,3,0,156.12200000000001,0
5,5554,1693,3,0,194.208,0
5,5555,1701,3,0,143.613,0
5,5556,1709,3,0,172.66300000000001,0
5,5557,1717,3,0,181.79400000000001,0
5,5558,1725,3,0,177.25,0
5,5559,1733,3,0,159.44300000000001,0
5,5560,1741,3,0,186.43700000000001,0
5,5561,1749,3,0,139.83199999999999,0
5,5562,1757,3,0,202.578,0
5,5563,1765,3,0,182.012,0
5,5564,1773,3,0,150.27600000000001,0
5,5565,1781,3,0,172.553,0
5,5566,1789,3,0,165.97800000000001,0
5,5567,1797,3,0,190.43899999999999,0
5,5568,1805,3,0,188.63300000000001,0
5,5569,1813,3,0,193.96700000000001,0
5,5570,1821,3,0,129.90899999999999,0
5,5571,1829,3,0,175.76499999999999,0
5,5572,1837,3,0,171.28200000000001,0
5,5573,1845,3,0,113.983,0
5,5574,1853,3,0,141.06999999999999,0
5,5575,1861,3,0,153.85599999999999,0
5,5576,1869,3,0,180.38300000000001,0
5,5577,1877,3,0,157.36600000000001,0
5,5578,1885,3,0,168.40600000000001,0
5,5579,1893,3,0,151.30199999999999,0
5,5580,1901,3,0,111.23,0
5,5581,1909,3,0,181.643,0
5,5582,1917,3,0,165.28800000000001,0
5,5583,1925,3,0,198.214,0
5,5584,1933,3,0,184.30000000000001,0
5,5585,1941,3,0,209.08099999999999,0
5,5586,1949,3,0,159.68299999999999,0
5,5587,1957,3,0,174.59200000000001,0
5,5588,1965,3,0,188.72900000000001,0
5,5589,1973,3,0,131.905,0
5,5590,1981,3,0,178.30199999999999,0
5,5591,1989,3,0,178.53,0
5,5592,1997,3,0,191.31,0
5,5593,2005,3,0,165.935,0
5,5594,2013,3,0,145.27699999999999,0
5,5595,2021,3,0,165.80099999999999,0
5,5596,2029,3,0,160.08799999999999,0
5,5597,2037,3,0,182.727,0
5,5598,2045,3,0,168.535,0
5,5599,2053,3,0,190.83500000000001,0
5,5600,2061,3,0,177.935,0
5,5601,2069,3,0,228.584,0
5,5602,2077,3,0,211.126,0
5,5603,2085,3,0,190.72800000000001,0
5,5604,2093,3,0,176.26599999999999,0
5,5605,2101,3,0,177.95400000000001,0
5,5606,2109,3,0,176.655,0
5,5607,2117,3,0,174.70599999999999,0
5,5608,2125,3,0,183.798,0
5,5609,2133,3,0,187.81,0
5,5610,2141,3,0,179.565,0
5,5611,2149,3,0,191.07599999999999,0
5,5612,2157,3,0,180.44900000000001,0
5,5613,2165,3,0,186.012,0
5,5614,2173,3,0,142.56399999999999,0
5,5615,2181,3,0,153.02099999999999,0
5,5616,2189,3,0,163.76900000000001,0
5,5617,2197,3,0,174.946,0
5,5618,2205,3,0,194.667,0
5,5619,2213,3,0,190.5,0
5,5620,2221,3,0,178.541,0
5,5621,2229,3,0,199.773,0
5,5622,2237,3,0,191.834,0
5,5623,2245,3,0,205.00299999999999,0
5,5624,2253,3,0,130.01300000000001,0
5,5625,2261,3,0,183.85499999999999,0
5,5626,2269,3,0,162.238,0
5,5627,2277,3,0,195.44800000000001,0
5,5628,2285,3,0,191.542,0
5,5629,2293,3,0,182.76599999999999,0
5,5630,2301,3,0,184.52500000000001,0
5,5631,2309,3,0,167.01499999999999,0
5,5632,2317,3,0,185.63900000000001,0
5,5633,2325,3,0,182.27199999999999,0
5,5634,2333,3,0,160.08500000000001,0
5,5635,2341,3,0,186.11699999999999,0
5,5636,2349,3,0,169.16399999999999,0
5,5637,2357,3,0,178.09399999999999,0
5,5638,2365,3,0,184.62700000000001,0
5,5639,2373,3,0,172.023,0
5,5640,2381,3,0,133.66300000000001,0
5,5641,2389,3,0,197.83799999999999,0
5,5642,2397,3,0,184.774,0
5,5643,2405,3,0,188.892,0
5,5644,2413,3,0,181.44200000000001,0
5,5645,2421,3,0,124.154,0
5,5646,2429,3,0,181.245,0
5,5647,2437,3,0,207.08500000000001,0
5,5648,2445,3,0,177.471,0
5,5649,2453,3,0,174.59899999999999,0
5,5650,2461,3,0,156.458,0
5,5651,2469,3,0,196.125,0
5,5652,2477,3,0,193.82599999999999,0
5,5653,2485,3,0,136.57900000000001,0
5,5654,2493,3,0,178.619,0
5,5655,2501,3,0,173.114,0
5,5656,2509,3,0,174.79400000000001,0
5,5657,2517,3,0,157.18799999999999,0
5,5658,2525,3,0,136.36799999999999,0
5,5659,2533,3,0,144.99000000000001,0
5,5660,2541,3,0,169.88900000000001,0
5,5661,2549,3,0,157.46299999999999,0
5,5662,2557,3,0,165.30000000000001,0
5,5663,2565,3,0,170.708,0
5,5664,2573,3,0,156.63999999999999,0
5,5665,2581,3,0,165.21000000000001,0
5,5666,2589,3,0,178.262,0
5,5667,2597,3,0,157.15199999999999,0
5,5668,2605,3,0,211.898,0
5,5669,2613,3,0,172.46299999999999,0
5,5670,2621,3,0,186.392,0
5,5671,2629,3,0,126.47,0
5,5672,2637,3,0,190.54400000000001,0
5,5673,2645,3,0,178.47399999999999,0
5,5674,2653,3,0,176.523,0
5,5675,2661,3,0,185.33500000000001,0
5,5676,2669,3,0,150.041,0
5,5677,2677,3,0,177.46299999999999,0
5,5678,2685,3,0,155.51499999999999,0
5,5679,2693,3,0,165.98400000000001,0
5,5680,2701,3,0,173.96899999999999,0
5,5681,2709,3,0,137.84399999999999,0
5,5682,2717,3,0,188.535,0
5,5683,2725,3,0,184.03999999999999,0
5,5684,2733,3,0,177.61600000000001,0
5,5685,2741,3,0,167.512,0
5,5686,2749,3,0,154.16399999999999,0
5,5687,2757,3,0,161.58799999999999,0
5,5688,2765,3,0,157.227,0
5,5689,2773,3,0,133.81100000000001,0
5,5690,2781,3,0,205.69999999999999,0
5,5691,2789,3,0,189.82300000000001,0
5,5692,2797,3,0,221.70599999999999,0
5,5693,2805,3,0,197.22999999999999,0
5,5694,2813,3,0,164.41499999999999,0
5,5695,2821,3,0,179.62200000000001,0
5,5696,2829,3,0,170.499,0
5,5697,2837,3,0,111.608,0
5,5698,2845,3,0,150.78399999999999,0
5,5699,2853,3,0,174.01599999999999,0
5,5700,2861,3,0,130.708,0
5,5701,2869,3,0,197.84399999999999,0
5,5702,2877,3,0,176.66,0
5,5703,2885,3,0,134.90000000000001,0
5,5704,2893,3,0,170.71899999999999,0
5,5705,2901,3,0,184.34899999999999,0
5,5706,2909,3,0,160.90000000000001,0
5,5707,2917,3,0,183.12700000000001,0
5,5708,2925,3,0,200.78299999999999,0
5,5709,2933,3,0,168.81800000000001,0
5,5710,2941,3,0,185.624,0
5,5711,2949,3,0,200.96600000000001,0
5,5712,2957,3,0,137.333,0
5,5713,2965,3,0,178.298,0
5,5714,2973,3,0,125.666,0
5,5715,2981,3,0,186.715,0
5,5716,2989,3,0,173.102,0
5,5717,2997,3,0,157.01599999999999,0
5,5718,3005,3,0,152.11199999999999,0
5,5719,3013,3,0,191.595,0
5,5720,3021,3,0,127.876,0
5,5721,3029,3,0,172.34299999999999,0
5,5722,3037,3,0,151.96000000000001,0
5,5723,3045,3,0,181.42699999999999,0
5,5724,3053,3,0,184.34,0
5,5725,3061,3,0,190.23599999999999,0
5,5726,3069,3,0,178.84200000000001,0
5,5727,3077,3,0,151.00999999999999,0
5,5728,3085,3,0,191.636,0
5,5729,3093,3,0,171.61600000000001,0
5,5730,3101,3,0,149.214,0
5,5731,3109,3,0,194.31999999999999,0
5,5732,3117,3,0,175.99199999999999,0
5,5733,3125,3,0,153.81399999999999,0
5,5734,3133,3,0,169.56700000000001,0
5,5735,3141,3,0,190.63800000000001,0
5,5736,3149,3,0,155.16999999999999,0
5,5737,3157,3,0,126.331,0
5,5738,3165,3,0,134.714,0
5,5739,3173,3,0,182.37100000000001,0
5,5740,3181,3,0,184.03,0
5,5741,3189,3,0,134.191,0
5,5742,3197,3,0,165.73400000000001,0
5,5743,3205,3,0,139.84399999999999,0
5,5744,3213,3,0,153.858,0
5,5745,3221,3,0,178.578,0
5,5746,3229,3,0,195.93600000000001,0
5,5747,3237,3,0,179.87,0
5,5748,3245,3,0,177.02199999999999,0
5,5749,3253,3,0,153.99700000000001,0
5,5750,3261,3,0,163.52199999999999,0
5,5751,3269,3,0,177.56,0
5,5752,3277,3,0,208.12799999999999,0
5,5753,3285,3,0,193.941,0
5,5754,3293,3,0,128.113,0
5,5755,3301,3,0,177.09200000000001,0
5,5756,3309,3,0,200.62100000000001,0
5,5757,3317,3,0,129.41300000000001,0
5,5758,3325,3,0,192.047,0
5,5759,3333,3,0,137.80699999999999,0
5,5760,3341,3,0,176.958,0
5,5761,3349,3,0,182.96000000000001,0
5,5762,3357,3,0,165.17699999999999,0
5,5763,3365,3,0,161.87700000000001,0
5,5764,3373,3,0,153.91399999999999,0
5,5765,3381,3,0,169.68299999999999,0
5,5766,3389,3,0,170.49600000000001,0
5,5767,3397,3,0,141.56700000000001,0
5,5768,3405,3,0,161.80099999999999,0
5,5769,3413,3,0,164.31100000000001,0
5,5770,3421,3,0,195.102,0
5,5771,3429,3,0,152.97800000000001,0
5,5772,3437,3,0,182.15199999999999,0
5,5773,3445,3,0,153.82900000000001,0
5,5774,3453,3,0,124.423,0
5,5775,3461,3,0,167.63300000000001,0
5,5776,3469,3,0,178.61799999999999,0
5,5777,3477,3,0,193.27099999999999,0
5,5778,3485,3,0,161.48400000000001,0
5,5779,3493,3,0,135.48699999999999,0
5,5780,3501,3,0,191.73599999999999,0
5,5781,3509,3,0,168.83799999999999,0
5,5782,3517,3,0,198.203,0
5,5783,3525,3,0,181.369,0
5,5784,3533,3,0,171.83799999999999,0
5,5785,3541,3,0,194.601,0
5,5786,3549,3,0,155.80099999999999,0
5,5787,3557,3,0,128.697,0
5,5788,3565,3,0,129.71000000000001,0
5,5789,3573,3,0,192.10499999999999,0
5,5790,3581,3,0,174.65000000000001,0
5,5791,3589,3,0,195.93899999999999,0
5,5792,3597,3,0,167.685,0
5,5793,3605,3,0,218.38399999999999,0
5,5794,3613,3,0,178.66999999999999,0
5,5795,3621,3,0,157.17500000000001,0
5,5796,3629,3,0,177.92500000000001,0
5,5797,3637,3,0,164.435,0
5,5798,3645,3,0,168.22499999999999,0
5,5799,3653,3,0,171.22999999999999,0
5,5800,3661,3,0,166.50999999999999,0
5,5801,3669,3,0,125.964,0
5,5802,3677,3,0,194.97300000000001,0
5,5803,3685,3,0,196.11500000000001,0
5,5804,3693,3,0,130.25399999999999,0
5,5805,3701,3,0,164.82300000000001,0
5,5806,3709,3,0,183.71299999999999,0
5,5807,3717,3,0,180.053,0
5,5808,3725,3,0,148.61199999999999,0
5,5809,3733,3,0,201.75299999999999,0
5,5810,3741,3,0,174.91499999999999,0
5,5811,3749,3,0,187.73599999999999,0
5,5812,3757,3,0,179.256,0
5,5813,3765,3,0,185.49000000000001,0
5,5814,3773,3,0,183.06899999999999,0
5,5815,3781,3,0,148.477,0
5,5816,3789,3,0,183.392,0
5,5817,3797,3,0,179.767,0
5,5818,3805,3,0,187.898,0
5,5819,3813,3,0,193.35499999999999,0
5,5820,3821,3,0,177.33000000000001,0
5,5821,3829,3,0,212.74799999999999,0
5,5822,3837,3,0,196.54300000000001,0
5,5823,3845,3,0,168.15100000000001,0
5,5824,3853,3,0,155.17599999999999,0
5,5825,3861,3,0,173.70599999999999,0
5,5826,3869,3,0,177.834,0
5,5827,3877,3,0,182.386,0
5,5828,3885,3,0,193.279,0
5,5829,3893,3,0,209.30500000000001,0
5,5830,3901,3,0,163.41300000000001,0
5,5831,3909,3,0,187.50399999999999,0
5,5832,3917,3,0,183.81999999999999,0
5,5833,3925,3,0,189.95699999999999,0
5,5834,3933,3,0,188.048,0
5,5835,3941,3,0,167.464,0
5,5836,3949,3,0,155.52500000000001,0
5,5837,3957,3,0,189.934,0
5,5838,3965,3,0,180.92500000000001,0
5,5839,3973,3,0,153.869,0
5,5840,3981,3,0,168.68299999999999,0
5,5841,3989,3,0,189.76599999999999,0
5,5842,3997,3,0,187.95400000000001,0
5,5843,4005,3,0,140.483,0
5,5844,4013,3,0,162.28299999999999,0
5,5845,4021,3,0,172.04599999999999,0
5,5846,4029,3,0,128.69200000000001,0
5,5847,4037,3,0,149.43700000000001,0
5,5848,4045,3,0,176.99600000000001,0
5,5849,4053,3,0,195.179,0
5,5850,4061,3,0,165.58099999999999,0
5,5851,4069,3,0,194.50800000000001,0
5,5852,4077,3,0,176.316,0
5,5853,4085,3,0,194.13499999999999,0
5,5854,4093,3,0,185.29499999999999,0
5,5855,4101,3,0,178.69200000000001,0
5,5856,4109,3,0,175.17500000000001,0
5,5857,4117,3,0,180.66499999999999,0
5,5858,4125,3,0,176.45099999999999,0
5,5859,4133,3,0,189.29300000000001,0
5,5860,4141,3,0,167.24100000000001,0
5,5861,4149,3,0,130.25999999999999,0
5,5862,4157,3,0,189.227,0
5,5863,4165,3,0,182.24600000000001,0
5,5864,4173,3,0,185.32599999999999,0
5,5865,4181,3,0,155.78200000000001,0
5,5866,4189,3,0,174.46299999999999,0
5,5867,4197,3,0,171.33500000000001,0
5,5868,4205,3,0,179.14099999999999,0
5,5869,4213,3,0,206.23500000000001,0
5,5870,4221,3,0,176.464,0
5,5871,4229,3,0,171.57499999999999,0
5,5872,4237,3,0,182.04400000000001,0
5,5873,4245,3,0,197.00899999999999,0
5,5874,4253,3,0,159.78399999999999,0
5,5875,4261,3,0,195.80799999999999,0
5,5876,4269,3,0,141.31200000000001,0
5,5877,4277,3,0,159.30699999999999,0
5,5878,4285,3,0,162.37700000000001,0
5,5879,4293,3,0,173.72,0
5,5880,4301,3,0,173.40799999999999,0
5,5881,4309,3,0,129.13999999999999,0
5,5882,4317,3,0,195.45599999999999,0
5,5883,4325,3,0,176.643,0
5,5884,4333,3,0,170.095,0
5,5885,4341,3,0,170.166,0
5,5886,4349,3,0,186.227,0
5,5887,4357,3,0,178.21600000000001,0
5,5888,4365,3,0,169.17599999999999,0
5,5889,4373,3,0,179.80500000000001,0
5,5890,4381,3,0,123.878,0
5,5891,4389,3,0,165.821,0
5,5892,4397,3,0,198.41900000000001,0
5,5893,4405,3,0,178.285,0
5,5894,4413,3,0,190.12899999999999,0
5,5895,4421,3,0,164.078,0
5,5896,4429,3,0,173.28700000000001,0
5,5897,4437,3,0,173.72499999999999,0
5,5898,4445,3,0,134.69999999999999,0
5,5899,4453,3,0,172.36600000000001,0
5,5900,4461,3,0,139.583,0
5,5901,4469,3,0,195.01900000000001,0
5,5902,4477,3,0,176.96799999999999,0
5,5903,4485,3,0,194.06999999999999,0
5,5904,4493,3,0,180.49600000000001,0
5,5905,4501,3,0,197.64699999999999,0
5,5906,4509,3,0,188.167,0
5,5907,4517,3,0,152.33600000000001,0
5,5908,4525,3,0,180.05000000000001,0
5,5909,4533,3,0,171.827,0
5,5910,4541,3,0,177.51900000000001,0
5,5911,4549,3,0,180.59800000000001,0
5,5912,4557,3,0,165.53899999999999,0
5,5913,4565,3,0,147.744,0
5,5914,4573,3,0,157.61099999999999,0
5,5915,4581,3,0,150.42500000000001,0
5,5916,4589,3,0,177.29900000000001,0
5,5917,4597,3,0,177.86099999999999,0
5,5918,4605,3,0,200.483,0
5,5919,4613,3,0,186.785,0
5,5920,4621,3,0,194.416,0
5,5921,4629,3,0,174.05099999999999,0
5,5922,4637,3,0,160.673,0
5,5923,4645,3,0,183.57400000000001,0
5,5924,4653,3,0,155.30000000000001,0
5,5925,4661,3,0,163.892,0
5,5926,4669,3,0,173.46100000000001,0
5,5927,4677,3,0,181.47,0
5,5928,4685,3,0,192.876,0
5,5929,4693,3,0,189.489,0
5,5930,4701,3,0,171.238,0
5,5931,4709,3,0,156.69399999999999,0
5,5932,4717,3,0,181.167,0
5,5933,4725,3,0,174.684,0
5,5934,4733,3,0,174.41800000000001,0
5,5935,4741,3,0,133.83600000000001,0
5,5936,4749,3,0,167.685,0
5,5937,4757,3,0,173.42500000000001,0
5,5938,4765,3,0,156.989,0
5,5939,4773,3,0,203.381,0
5,5940,4781,3,0,173.97999999999999,0
5,5941,4789,3,0,185.65299999999999,0
5,5942,4797,3,0,193.66200000000001,0
5,5943,4805,3,0,139.90100000000001,0
5,5944,4813,3,0,174.63499999999999,0
5,5945,4821,3,0,141.81200000000001,0
5,5946,4829,3,0,206.25399999999999,0
5,5947,4837,3,0,171.38300000000001,0
5,5948,4845,3,0,186.03999999999999,0
5,5949,4853,3,0,173.398,0
5,5950,4861,3,0,157.721,0
5,5951,4869,3,0,165.429,0
5,5952,4877,3,0,171.75,0
5,5953,4885,3,0,178.38999999999999,0
5,5954,4893,3,0,185.63499999999999,0
5,5955,4901,3,0,161.18899999999999,0
5,5956,4909,3,0,173.26499999999999,0
5,5957,4917,3,0,158.33500000000001,0
5,5958,4925,3,0,180.328,0
5,5959,4933,3,0,147.36099999999999,0
5,5960,4941,3,0,185.006,0
5,5961,4949,3,0,152.989,0
5,5962,4957,3,0,197.922,0
5,5963,4965,3,0,175,0
5,5964,4973,3,0,169.53100000000001,0
5,5965,4981,3,0,159.32499999999999,0
5,5966,4989,3,0,187.22999999999999,0
5,5967,4997,3,0,159.535,0
5,5968,5005,3,0,180.06299999999999,0
5,5969,5013,3,0,199.73699999999999,0
5,5970,5021,3,0,179.18899999999999,0
5,5971,5029,3,0,198.24000000000001,0
5,5972,5037,3,0,175.96600000000001,0
5,5973,5045,3,0,187.94,0
5,5974,5053,3,0,219.15299999999999,0
5,5975,5061,3,0,189.43700000000001,0
5,5976,5069,3,0,161.489,0
5,5977,5077,3,0,136.46299999999999,0
5,5978,5085,3,0,165.62299999999999,0
5,5979,5093,3,0,208.43299999999999,0
5,5980,5101,3,0,172.959,0
5,5981,5109,3,0,173.19300000000001,0
5,5982,5117,3,0,184.87,0
5,5983,5125,3,0,157.43700000000001,0
5,5984,5133,3,0,161.28100000000001,0
5,5985,5141,3,0,165.89699999999999,0
5,5986,5149,3,0,186.90899999999999,0
5,5987,5157,3,0,161.483,0
5,5988,5165,3,0,139.85300000000001,0
5,5989,5173,3,0,178.12799999999999,0
5,5990,5181,3,0,179.08699999999999,0
5,5991,5189,3,0,187.94499999999999,0
5,5992,5197,3,0,160.05699999999999,0
5,5993,5205,3,0,193.05799999999999,0
5,5994,5213,3,0,173.935,0
5,5995,5221,3,0,169.34399999999999,0
5,5996,5229,3,0,188.78800000000001,0
5,5997,5237,3,0,186.52699999999999,0
5,5998,5245,3,0,184.47300000000001,0
5,5999,5253,3,0,146.00899999999999,0
5,6000,5261,3,0,203.61799999999999,0
5,6001,5269,3,0,177.82599999999999,0
5,6002,5277,3,0,143.505,0
5,6003,5285,3,0,189.995,0
5,6004,5293,3,0,189.25399999999999,0
5,6005,5301,3,0,190.208,0
5,6006,5309,3,0,167.32400000000001,0
5,6007,5317,3,0,187.27500000000001,0
5,6008,5325,3,0,191.637,0
5,6009,5333,3,0,165.00399999999999,0
5,6010,5341,3,0,206.21299999999999,0
5,6011,5349,3,0,181.04400000000001,0
5,6012,5357,3,0,157.441,0
5,6013,5365,3,0,133.715,0
5,6014,5373,3,0,174.643,0
5,6015,5381,3,0,140.90000000000001,0
5,6016,5389,3,0,159.435,0
5,6017,5397,3,0,140.833,0
5,6018,5405,3,0,151.452,0
5,6019,5413,3,0,181.21199999999999,0
5,6020,5421,3,0,125.074,0
5,6021,5429,3,0,181.11699999999999,0
5,6022,5437,3,0,190.553,0
5,6023,5445,3,0,160.084,0
5,6024,5453,3,0,165.917,0
5,6025,5461,3,0,190.38900000000001,0
5,6026,5469,3,0,168.02600000000001,0
5,6027,5477,3,0,173.12799999999999,0
5,6028,5485,3,0,162.40899999999999,0
5,6029,5493,3,0,208.18299999999999,0
5,6030,5501,3,0,186.75299999999999,0
5,6031,5509,3,0,133.739,0
5,6032,5517,3,0,174.01300000000001,0
5,6033,5525,3,0,137.179,0
5,6034,5533,3,0,183.58699999999999,0
5,6035,5541,3,0,154.88499999999999,0
5,6036,5549,3,0,176.45500000000001,0
5,6037,5557,3,0,170.58600000000001,0
5,6038,5565,3,0,186.93600000000001,0
5,6039,5573,3,0,170.643,0
5,6040,5581,3,0,157.05099999999999,0
5,6041,5589,3,0,191.99700000000001,0
5,6042,5597,3,0,171.98400000000001,0
5,6043,5605,3,0,173.43799999999999,0
5,6044,5613,3,0,171.30500000000001,0
5,6045,5621,3,0,180.708,0
5,6046,5629,3,0,189.512,0
5,6047,5637,3,0,181.137,0
5,6048,5645,3,0,210.78200000000001,0
5,6049,5653,3,0,169.94,0
5,6050,5661,3,0,136.06999999999999,0
5,6051,5669,3,0,185.20500000000001,0
5,6052,5677,3,0,166.97200000000001,0
5,6053,5685,3,0,194.03999999999999,0
5,6054,5693,3,0,181.631,0
5,6055,5701,3,0,135,0
5,6056,5709,3,0,131.27000000000001,0
5,6057,5717,3,0,180.09100000000001,0
5,6058,5725,3,0,187.33699999999999,0
5,6059,5733,3,0,158.417,0
5,6060,5741,3,0,206.58199999999999,0
5,6061,5749,3,0,168.751,0
5,6062,5757,3,0,150.602,0
5,6063,5765,3,0,182.292,0
5,6064,5773,3,0,161.62700000000001,0
5,6065,5781,3,0,160.673,0
5,6066,5789,3,0,186.33600000000001,0
5,6067,5797,3,0,173.69200000000001,0
5,6068,5805,3,0,179.05099999999999,0
5,6069,5813,3,0,196.18799999999999,0
5,6070,5821,3,0,195.36199999999999,0
5,6071,5829,3,0,173.18100000000001,0
5,6072,5837,3,0,177.68100000000001,0
5,6073,5845,3,0,209.02600000000001,0
5,6074,5853,3,0,124.761,0
5,6075,5861,3,0,181.09999999999999,0
5,6076,5869,3,0,179.99199999999999,0
5,6077,5877,3,0,143.59,0
5,6078,5885,3,0,187.05600000000001,0
5,6079,5893,3,0,183.566,0
5,6080,5901,3,0,162.42699999999999,0
5,6081,5909,3,0,152.62299999999999,0
5,6082,5917,3,0,207.59399999999999,0
5,6083,5925,3,0,123.473,0
5,6084,5933,3,0,167.767,0
5,6085,5941,3,0,132.11799999999999,0
5,6086,5949,3,0,178.851,0
5,6087,5957,3,0,171.75299999999999,0
5,6088,5965,3,0,204.399,0
5,6089,5973,3,0,184.32400000000001,0
5,6090,5981,3,0,200.39699999999999,0
5,6091,5989,3,0,218.32900000000001,0
5,6092,5997,3,0,176.934,0
5,6093,6005,3,0,177.50399999999999,0
5,6094,6013,3,0,159.13900000000001,0
5,6095,6021,3,0,207.67500000000001,0
5,6096,6029,3,0,165.93799999999999,0
5,6097,6037,3,0,131.892,0
5,6098,6045,3,0,160.869,0
5,6099,6053,3,0,188.19399999999999,0
5,6100,6061,3,0,172.608,0
5,6101,6069,3,0,159.66200000000001,0
5,6102,6077,3,0,186.03100000000001,0
5,6103,6085,3,0,195.214,0
5,6104,6093,3,0,177.92699999999999,0
5,6105,6101,3,0,195.40199999999999,0
5,6106,6109,3,0,174.357,0
5,6107,6117,3,0,173.005,0
5,6108,6125,3,0,188.23400000000001,0
5,6109,6133,3,0,189.065,0
5,6110,6141,3,0,181.92599999999999,0
5,6111,6149,3,0,212.11600000000001,0
5,6112,6157,3,0,207.09800000000001,0
5,6113,6165,3,0,167.08600000000001,0
5,6114,6173,3,0,136.40000000000001,0
5,6115,6181,3,0,189.77500000000001,0
5,6116,6189,3,0,177.09899999999999,0
5,6117,6197,3,0,193.81399999999999,0
5,6118,6205,3,0,189.56399999999999,0
5,6119,6213,3,0,176.047,0
5,6120,6221,3,0,180.00399999999999,0
5,6121,6229,3,0,182.66300000000001,0
5,6122,6237,3,0,186.74799999999999,0
5,6123,6245,3,0,197.41999999999999,0
5,6124,6253,3,0,162.94300000000001,0
5,6125,6261,3,0,191.346,0
5,6126,6269,3,0,188.535,0
5,6127,6277,3,0,168.03200000000001,0
5,6128,6285,3,0,155.61199999999999,0
5,6129,6293,3,0,175.88300000000001,0
5,6130,6301,3,0,191.239,0
5,6131,6309,3,0,186.22800000000001,0
5,6132,6317,3,0,182.178,0
5,6133,6325,3,0,185.59200000000001,0
5,6134,6333,3,0,177.762,0
5,6135,6341,3,0,162.965,0
5,6136,6349,3,0,165.80000000000001,0
5,6137,6357,3,0,205.471,0
5,6138,6365,3,0,166.036,0
5,6139,6373,3,0,181.86500000000001,0
5,6140,6381,3,0,155.97900000000001,0
5,6141,6389,3,0,184.346,0
5,6142,6397,3,0,138.90100000000001,0
5,6143,6405,3,0,181.35400000000001,0
5,6144,6413,3,0,172.88200000000001,0
5,6145,6421,3,0,178.00299999999999,0
5,6146,6429,3,0,181.12100000000001,0
5,6147,6437,3,0,165.154,0
5,6148,6445,3,0,123.90600000000001,0
5,6149,6453,3,0,195.43700000000001,0
5,6150,6461,3,0,185.22800000000001,0
5,6151,6469,3,0,188.917,0
5,6152,6477,3,0,133.68700000000001,0
5,6153,6485,3,0,150.059,0
5,6154,6493,3,0,171.18600000000001,0
5,6155,6501,3,0,155.899,0
5,6156,6509,3,0,170.816,0
5,6157,6517,3,0,140.601,0
5,6158,6525,3,0,170.70500000000001,0
5,6159,6533,3,0,179.48500000000001,0
5,6160,6541,3,0,180.51300000000001,0
5,6161,6549,3,0,164.548,0
5,6162,6557,3,0,129.59,0
5,6163,6565,3,0,184.739,0
5,6164,6573,3,0,162.01400000000001,0
5,6165,6581,3,0,166.613,0
5,6166,6589,3,0,189.239,0
5,6167,6597,3,0,164.322,0
5,6168,6605,3,0,174.94,0
5,6169,6613,3,0,194.55199999999999,0
5,6170,6621,3,0,176.41800000000001,0
5,6171,6629,3,0,146.215,0
5,6172,6637,3,0,198.23099999999999,0
5,6173,6645,3,0,160.21700000000001,0
5,6174,6653,3,0,186.75399999999999,0
5,6175,6661,3,0,168.95599999999999,0
5,6176,6669,3,0,183.40799999999999,0
5,6177,6677,3,0,170.50299999999999,0
5,6178,6685,3,0,177.941,0
5,6179,6693,3,0,155.76900000000001,0
5,6180,6701,3,0,179.732,0
5,6181,6709,3,0,150.31100000000001,0
5,6182,6717,3,0,178.34999999999999,0
5,6183,6725,3,0,154.26400000000001,0
5,6184,6733,3,0,151.327,0
5,6185,6741,3,0,180.285,0
5,6186,6749,3,0,200.62799999999999,0
5,6187,6757,3,0,167.983,0
5,6188,6765,3,0,188.83099999999999,0
5,6189,6773,3,0,152.81399999999999,0
5,6190,6781,3,0,187.881,0
5,6191,6789,3,0,154.79400000000001,0
5,6192,6797,3,0,192.17599999999999,0
5,6193,6805,3,0,192.15799999999999,0
5,6194,6813,3,0,178.61500000000001,0
5,6195,6821,3,0,152.136,0
5,6196,6829,3,0,149.19900000000001,0
5,6197,6837,3,0,174.036,0
5,6198,6845,3,0,161.649,0
5,6199,6853,3,0,183.56299999999999,0
5,6200,6861,3,0,142.06700000000001,0
5,6201,6869,3,0,180.346,0
5,6202,6877,3,0,188.012,0
5,6203,6885,3,0,154.01300000000001,0
5,6204,6893,3,0,197.93199999999999,0
5,6205,6901,3,0,201.268,0
5,6206,6909,3,0,155.17599999999999,0
5,6207,6917,3,0,183.35599999999999,0
5,6208,6925,3,0,147.11199999999999,0
5,6209,6933,3,0,199.46899999999999,0
5,6210,6941,3,0,144.255,0
5,6211,6949,3,0,186.702,0
5,6212,6957,3,0,177.262,0
5,6213,6965,3,0,167.46299999999999,0
5,6214,6973,3,0,154.09299999999999,0
5,6215,6981,3,0,198.666,0
5,6216,6989,3,0,121.265,0
5,6217,6997,3,0,185.43100000000001,0
5,6218,7005,3,0,191.49700000000001,0
5,6219,7013,3,0,157.721,0
5,6220,7021,3,0,122.639,0
5,6221,7029,3,0,180.68000000000001,0
5,6222,7037,3,0,160.69900000000001,0
5,6223,7045,3,0,150.977,0
5,6224,7053,3,0,121.82899999999999,0
5,6225,7061,3,0,169.87,0
5,6226,7069,3,0,149.977,0
5,6227,7077,3,0,191.892,0
5,6228,7085,3,0,142.405,0
5,6229,7093,3,0,177.959,0
5,6230,7101,3,0,168.93600000000001,0
5,6231,7109,3,0,171.12700000000001,0
5,6232,7117,3,0,189.11699999999999,0
5,6233,7125,3,0,172.29499999999999,0
5,6234,7133,3,0,187.38499999999999,0
5,6235,7141,3,0,190.84200000000001,0
5,6236,7149,3,0,191.167,0
5,6237,7157,3,0,167.02000000000001,0
5,6238,7165,3,0,176.96700000000001,0
5,6239,7173,3,0,134.113,0
5,6240,7181,3,0,174.697,0
5,6241,7189,3,0,200.17099999999999,0
5,6242,7197,3,0,171.006,0
5,6243,7205,3,0,185.75899999999999,0
5,6244,7213,3,0,162.68600000000001,0
5,6245,7221,3,0,176.54400000000001,0
5,6246,7229,3,0,153.34399999999999,0
5,6247,7237,3,0,187.64599999999999,0
5,6248,7245,3,0,164.91300000000001,0
5,6249,7253,3,0,171.38300000000001,0
5,6250,7261,3,0,157.625,0
5,6251,7269,3,0,147.596,0
5,6252,7277,3,0,209.422,0
5,6253,7285,3,0,204.965,0
5,6254,7293,3,0,159.28299999999999,0
5,6255,7301,3,0,189.137,0
5,6256,7309,3,0,188.798,0
5,6257,7317,3,0,165.11500000000001,0
5,6258,7325,3,0,164.089,0
5,6259,7333,3,0,173.08199999999999,0
5,6260,7341,3,0,187.59999999999999,0
5,6261,7349,3,0,173.958,0
5,6262,7357,3,0,181.935,0
5,6263,7365,3,0,194.703,0
5,6264,7373,3,0,160.82300000000001,0
5,6265,7381,3,0,185.73699999999999,0
5,6266,7389,3,0,153.499,0
5,6267,7397,3,0,179.61099999999999,0
5,6268,7405,3,0,131.45500000000001,0
5,6269,7413,3,0,162.02199999999999,0
5,6270,7421,3,0,188.41900000000001,0
5,6271,7429,3,0,202.83099999999999,0
5,6272,7437,3,0,187.89500000000001,0
5,6273,7445,3,0,171.16200000000001,0
5,6274,7453,3,0,162.24299999999999,0
5,6275,7461,3,0,171.56299999999999,0
5,6276,7469,3,0,161.02500000000001,0
5,6277,7477,3,0,175.61500000000001,0
5,6278,7485,3,0,166.26300000000001,0
5,6279,7493,3,0,191.114,0
5,6280,7501,3,0,160.864,0
5,6281,7509,3,0,184.65299999999999,0
5,6282,7517,3,0,156.721,0
5,6283,7525,3,0,191.83600000000001,0
5,6284,7533,3,0,182.321,0
5,6285,7541,3,0,191.36500000000001,0
5,6286,7549,3,0,183.511,0
5,6287,7557,3,0,177.03999999999999,0
5,6288,7565,3,0,168.34,0
5,6289,7573,3,0,205.13399999999999,0
5,6290,7581,3,0,154.821,0
5,6291,7589,3,0,179.54599999999999,0
5,6292,7597,3,0,180.381,0
5,6293,7605,3,0,153.56399999999999,0
5,6294,7613,3,0,177.88800000000001,0
5,6295,7621,3,0,180.369,0
5,6296,7629,3,0,175.846,0
5,6297,7637,3,0,213.77000000000001,0
5,6298,7645,3,0,173.27199999999999,0
5,6299,7653,3,0,187.84899999999999,0
5,6300,7661,3,0,166.44900000000001,0
5,6301,7669,3,0,187.71899999999999,0
5,6302,7677,3,0,202.54900000000001,0
5,6303,7685,3,0,195.23599999999999,0
5,6304,7693,3,0,199.96100000000001,0
5,6305,7701,3,0,200.99299999999999,0
5,6306,7709,3,0,127.56100000000001,0
5,6307,7717,3,0,204.69499999999999,0
5,6308,7725,3,0,165.68199999999999,0
5,6309,7733,3,0,129.273,0
5,6310,7741,3,0,214.04300000000001,0
5,6311,7749,3,0,207.779,0
5,6312,7757,3,0,168.905,0
5,6313,7765,3,0,195.84100000000001,0
5,6314,7773,3,0,170.05600000000001,0
5,6315,7781,3,0,176.768,0
5,6316,7789,3,0,177.40899999999999,0
5,6317,7797,3,0,177.381,0
5,6318,7805,3,0,145.51499999999999,0
5,6319,7813,3,0,192.84299999999999,0
5,6320,7821,3,0,191.12100000000001,0
5,6321,7829,3,0,164.13300000000001,0
5,6322,7837,3,0,183.15799999999999,0
5,6323,7845,3,0,189.858,0
5,6324,7853,3,0,168.42599999999999,0
5,6325,7861,3,0,189.779,0
5,6326,7869,3,0,161.41499999999999,0
5,6327,7877,3,0,147.35499999999999,0
5,6328,7885,3,0,151.05600000000001,0
5,6329,7893,3,0,129.898,0
5,6330,7901,3,0,190.499,0
5,6331,7909,3,0,169.142,0
5,6332,7917,3,0,186.136,0
5,6333,7925,3,0,167.73400000000001,0
5,6334,7933,3,0,191.57599999999999,0
5,6335,7941,3,0,186.94999999999999,0
5,6336,7949,3,0,131.42599999999999,0
5,6337,7957,3,0,139.77500000000001,0
5,6338,7965,3,0,144.024,0
5,6339,7973,3,0,189.93600000000001,0
5,6340,7981,3,0,185.83600000000001,0
5,6341,7989,3,0,173.31700000000001,0
5,6342,7997,3,0,152.18199999999999,0
5,6343,8005,3,0,203.41900000000001,0
5,6344,8013,3,0,175.63499999999999,0
5,6345,8021,3,0,182.88200000000001,0
5,6346,8029,3,0,190.56899999999999,0
5,6347,8037,3,0,180.67599999999999,0
5,6348,8045,3,0,164.28,0
5,6349,8053,3,0,191.477,0
5,6350,8061,3,0,190.78399999999999,0
5,6351,8069,3,0,164.46299999999999,0
5,6352,8077,3,0,183.15799999999999,0
5,6353,8085,3,0,154.69,0
5,6354,8093,3,0,147.88499999999999,0
5,6355,8101,3,0,198.56399999999999,0
5,6356,8109,3,0,185.58199999999999,0
5,6357,8117,3,0,187.63900000000001,0
5,6358,8125,3,0,199.33000000000001,0
5,6359,8133,3,0,185.46199999999999,0
5,6360,8141,3,0,155.178,0
5,6361,8149,3,0,187.35599999999999,0
5,6362,8157,3,0,203.71899999999999,0
5,6363,8165,3,0,202.26499999999999,0
5,6364,8173,3,0,175.58600000000001,0
5,6365,8181,3,0,177.90799999999999,0
5,6366,8189,3,0,191.52600000000001,0
5,6367,8197,3,0,188.34700000000001,0
5,6368,8205,3,0,158.167,0
5,6369,8213,3,0,163.28399999999999,0
5,6370,8221,3,0,157.97200000000001,0
5,6371,8229,3,0,168.24000000000001,0
5,6372,8237,3,0,186.04499999999999,0
5,6373,8245,3,0,187.53899999999999,0
5,6374,8253,3,0,127.97,0
5,6375,8261,3,0,188.29499999999999,0
5,6376,8269,3,0,179.999,0
5,6377,8277,3,0,196.52099999999999,0
5,6378,8285,3,0,159.476,0
5,6379,8293,3,0,173.68600000000001,0
5,6380,8301,3,0,211.197,0
5,6381,8309,3,0,199.39599999999999,0
5,6382,8317,3,0,210.67400000000001,0
5,6383,8325,3,0,177.792,0
5,6384,8333,3,0,164.268,0
5,6385,8341,3,0,179.06100000000001,0
5,6386,8349,3,0,168.28100000000001,0
5,6387,8357,3,0,181.261,0
5,6388,8365,3,0,190.09899999999999,0
5,6389,8373,3,0,166.55000000000001,0
5,6390,8381,3,0,194.39699999999999,0
5,6391,8389,3,0,184.19800000000001,0
5,6392,8397,3,0,188.649,0
5,6393,8405,3,0,191.79900000000001,0
5,6394,8413,3,0,171.96199999999999,0
5,6395,8421,3,0,183.86799999999999,0
5,6396,8429,3,0,151.386,0
5,6397,8437,3,0,182.45099999999999,0
5,6398,8445,3,0,145.00899999999999,0
5,6399,8453,3,0,170.858,0
5,6400,8461,3,0,169.018,0
5,6401,8469,3,0,172.61500000000001,0
5,6402,8477,3,0,194.762,0
5,6403,8485,3,0,175.42500000000001,0
5,6404,8493,3,0,150.16200000000001,0
5,6405,8501,3,0,191.642,0
5,6406,8509,3,0,151.857,0
5,6407,8517,3,0,188.363,0
5,6408,8525,3,0,201.68799999999999,0
5,6409,8533,3,0,177.279,0
5,6410,8541,3,0,204.84399999999999,0
5,6411,8549,3,0,193.70500000000001,0
5,6412,8557,3,0,181.97399999999999,0
5,6413,8565,3,0,177.911,0
5,6414,8573,3,0,194.51400000000001,0
5,6415,8581,3,0,139.64099999999999,0
5,6416,8589,3,0,185.85400000000001,0
5,6417,8597,3,0,185.07400000000001,0
5,6418,8605,3,0,159.32599999999999,0
5,6419,8613,3,0,193.49299999999999,0
5,6420,8621,3,0,178.03899999999999,0
5,6421,8629,3,0,185.25200000000001,0
5,6422,8637,3,0,178.77699999999999,0
5,6423,8645,3,0,161.92400000000001,0
5,6424,8653,3,0,159.03,0
5,6425,8661,3,0,201.61500000000001,0
5,6426,8669,3,0,170.85499999999999,0
5,6427,8677,3,0,139.11199999999999,0
5,6428,8685,3,0,202.77799999999999,0
5,6429,8693,3,0,169.86600000000001,0
5,6430,8701,3,0,206.90000000000001,0
5,6431,8709,3,0,173.613,0
5,6432,8717,3,0,199.91399999999999,0
5,6433,8725,3,0,204.369,0
5,6434,8733,3,0,171.35300000000001,0
5,6435,8741,3,0,148.20400000000001,0
5,6436,8749,3,0,192.13300000000001,0
5,6437,8757,3,0,175.596,0
5,6438,8765,3,0,149.399,0
5,6439,8773,3,0,161.41999999999999,0
5,6440,8781,3,0,157.19999999999999,0
5,6441,8789,3,0,177.523,0
5,6442,8797,3,0,147.267,0
5,6443,8805,3,0,186.15600000000001,0
5,6444,8813,3,0,203.53200000000001,0
5,6445,8821,3,0,181.08799999999999,0
5,6446,8829,3,0,169.649,0
5,6447,8837,3,0,184.09100000000001,0
5,6448,8845,3,0,169.35300000000001,0
5,6449,8853,3,0,186.22200000000001,0
5,6450,8861,3,0,166.08600000000001,0
5,6451,8869,3,0,175.95500000000001,0
5,6452,8877,3,0,174.88,0
5,6453,8885,3,0,146.65000000000001,0
5,6454,8893,3,0,173.83099999999999,0
5,6455,8901,3,0,196.33600000000001,0
5,6456,8909,3,0,132.83600000000001,0
5,6457,8917,3,0,160.40799999999999,0
5,6458,8925,3,0,193.077,0
5,6459,8933,3,0,168.89699999999999,0
5,6460,8941,3,0,178.59899999999999,0
5,6461,8949,3,0,177.059,0
5,6462,8957,3,0,181.57400000000001,0
5,6463,8965,3,0,179.24700000000001,0
5,6464,8973,3,0,180.63800000000001,0
5,6465,8981,3,0,173.59899999999999,0
5,6466,8989,3,0,177.005,0
5,6467,8997,3,0,180.74299999999999,0
5,6468,9005,3,0,174.80600000000001,0
5,6469,9013,3,0,150.78999999999999,0
5,6470,9021,3,0,185.76900000000001,0
5,6471,9029,3,0,193.24799999999999,0
5,6472,9037,3,0,163.57499999999999,0
5,6473,9045,3,0,197.84700000000001,0
5,6474,9053,3,0,164.012,0
5,6475,9061,3,0,180.92500000000001,0
5,6476,9069,3,0,171.489,0
5,6477,9077,3,0,161.16,0
5,6478,9085,3,0,135.506,0
5,6479,9093,3,0,184.25999999999999,0
5,6480,9101,3,0,183.94800000000001,0
5,6481,9109,3,0,195.328,0
5,6482,9117,3,0,175.214,0
5,6483,9125,3,0,182.511,0
5,6484,9133,3,0,167.249,0
5,6485,9141,3,0,135.10499999999999,0
5,6486,9149,3,0,200.09299999999999,0
5,6487,9157,3,0,119.605,0
5,6488,9165,3,0,178.94999999999999,0
5,6489,9173,3,0,201.983,0
5,6490,9181,3,0,169.67500000000001,0
5,6491,9189,3,0,176.947,0
5,6492,9197,3,0,192.49600000000001,0
5,6493,9205,3,0,173.13,0
5,6494,9213,3,0,200.55199999999999,0
5,6495,9221,3,0,198.82400000000001,0
5,6496,9229,3,0,198.577,0
5,6497,9237,3,0,122.905,0
5,6498,9245,3,0,184.91200000000001,0
5,6499,9253,3,0,159.249,0
5,6500,9261,3,0,171.56399999999999,0
5,6501,9269,3,0,189.703,0
5,6502,9277,3,0,146.631,0
5,6503,9285,3,0,110.20099999999999,0
5,6504,9293,3,0,186.37100000000001,0
5,6505,9301,3,0,166.501,0
5,6506,9309,3,0,132.655,0
5,6507,9317,3,0,152.86099999999999,0
5,6508,9325,3,0,186.71600000000001,0
5,6509,9333,3,0,143.38,0
5,6510,9341,3,0,141.476,0
5,6511,9349,3,0,138.40700000000001,0
5,6512,9357,3,0,176.40199999999999,0
5,6513,9365,3,0,194.405,0
5,6514,9373,3,0,208.32499999999999,0
5,6515,9381,3,0,164.83799999999999,0
5,6516,9389,3,0,157.89099999999999,0
5,6517,9397,3,0,184.53200000000001,0
5,6518,9405,3,0,182.00999999999999,0
5,6519,9413,3,0,176.74600000000001,0
5,6520,9421,3,0,170.566,0
5,6521,9429,3,0,182.309,0
5,6522,9437,3,0,128.536,0
5,6523,9445,3,0,167.93600000000001,0
5,6524,9453,3,0,183.21799999999999,0
5,6525,9461,3,0,197.09999999999999,0
5,6526,9469,3,0,158.38399999999999,0
5,6527,9477,3,0,192.52099999999999,0
5,6528,9485,3,0,138.327,0
5,6529,9493,3,0,183.18199999999999,0
5,6530,9501,3,0,129.20599999999999,0
5,6531,9509,3,0,173.249,0
5,6532,9517,3,0,172.81800000000001,0
5,6533,9525,3,0,186.71000000000001,0
5,6534,9533,3,0,144.08600000000001,0
5,6535,9541,3,0,154.917,0
5,6536,9549,3,0,156.16399999999999,0
5,6537,9557,3,0,172.64699999999999,0
5,6538,9565,3,0,191.05799999999999,0
5,6539,9573,3,0,169.28100000000001,0
5,6540,9581,3,0,189.16999999999999,0
5,6541,9589,3,0,183.678,0
5,6542,9597,3,0,147.03999999999999,0
5,6543,9605,3,0,165.63,0
5,6544,9613,3,0,183.905,0
5,6545,9621,3,0,186.13800000000001,0
5,6546,9629,3,0,157.57499999999999,0
5,6547,9637,3,0,162.297,0
5,6548,9645,3,0,191.41300000000001,0
5,6549,9653,3,0,191.982,0
5,6550,9661,3,0,183.61099999999999,0
5,6551,9669,3,0,173.48699999999999,0
5,6552,9677,3,0,150.261,0
5,6553,9685,3,0,178.55199999999999,0
5,6554,9693,3,0,130.07599999999999,0
5,6555,9701,3,0,157.66,0
5,6556,9709,3,0,179.62799999999999,0
5,6557,9717,3,0,152.636,0
5,6558,9725,3,0,202.31999999999999,0
5,6559,9733,3,0,174.886,0
5,6560,9741,3,0,184.714,0
5,6561,9749,3,0,182.65100000000001,0
5,6562,9757,3,0,197.58199999999999,0
5,6563,9765,3,0,177.577,0
5,6564,9773,3,0,189.68600000000001,0
5,6565,9781,3,0,186.679,0
5,6566,9789,3,0,129.346,0
5,6567,9797,3,0,141.625,0
5,6568,9805,3,0,161.61600000000001,0
5,6569,9813,3,0,181.97200000000001,0
5,6570,9821,3,0,174.77500000000001,0
5,6571,9829,3,0,190.00700000000001,0
5,6572,9837,3,0,177.25299999999999,0
5,6573,9845,3,0,178.905,0
5,6574,9853,3,0,157.74199999999999,0
5,6575,9861,3,0,179.489,0
5,6576,9869,3,0,172.87299999999999,0
5,6577,9877,3,0,198.464,0
5,6578,9885,3,0,171.44300000000001,0
5,6579,9893,3,0,173.50200000000001,0
5,6580,9901,3,0,184.28399999999999,0
5,6581,9909,3,0,179.27099999999999,0
5,6582,9917,3,0,196.47300000000001,0
5,6583,9925,3,0,187.28100000000001,0
5,6584,9933,3,0,168.46899999999999,0
5,6585,9941,3,0,201.19800000000001,0
5,6586,9949,3,0,180.60400000000001,0
5,6587,9957,3,0,185.066,0
5,6588,9965,3,0,198.87299999999999,0
5,6589,9973,3,0,185.50200000000001,0
5,6590,9981,3,0,188.52699999999999,0
5,6591,9989,3,0,152.12100000000001,0
5,6592,9997,3,0,166.773,0
5,6593,10005,3,0,175.57300000000001,0
5,6594,10013,3,0,178.53,0
5,6595,10021,3,0,134.28,0
5,6596,10029,3,0,206.30099999999999,0
5,6597,10037,3,0,211.66999999999999,0
5,6598,10045,3,0,134.18899999999999,0
5,6599,10053,3,0,211.59800000000001,0
5,6600,10061,3,0,186.52199999999999,0
5,6601,10069,3,0,183.98599999999999,0
5,6602,10077,3,0,153.97999999999999,0
5,6603,10085,3,0,177.23099999999999,0
5,6604,10093,3,0,171.066,0
5,6605,10101,3,0,172.935,0
5,6606,10109,3,0,150.577,0
5,6607,10117,3,0,206.64400000000001,0
5,6608,10125,3,0,185.22,0
5,6609,10133,3,0,195.089,0
5,6610,10141,3,0,183.84299999999999,0
5,6611,10149,3,0,177.227,0
5,6612,10157,3,0,201.61199999999999,0
5,6613,10165,3,0,136.70599999999999,0
5,6614,10173,3,0,177.453,0
5,6615,10181,3,0,127.054,0
5,6616,10189,3,0,167.35400000000001,0
5,6617,10197,3,0,177.95599999999999,0
5,6618,10205,3,0,165.64599999999999,0
5,6619,10213,3,0,187.077,0
5,6620,10221,3,0,181.024,0
5,6621,10229,3,0,175.02799999999999,0
5,6622,10237,3,0,181.53399999999999,0
5,6623,10245,3,0,180.27099999999999,0
5,6624,10253,3,0,180.02500000000001,0
5,6625,10261,3,0,185.78299999999999,0
5,6626,10269,3,0,148.756,0
5,6627,10277,3,0,175.99000000000001,0
5,6628,10285,3,0,150.92500000000001,0
5,6629,10293,3,0,170.273,0
5,6630,10301,3,0,176.005,0
5,6631,10309,3,0,164.523,0
5,6632,10317,3,0,171.93700000000001,0
5,6633,10325,3,0,165.351,0
5,6634,10333,3,0,183.58199999999999,0
5,6635,10341,3,0,164.976,0
5,6636,10349,3,0,169.33199999999999,0
5,6637,10357,3,0,176.95599999999999,0
5,6638,10365,3,0,190.709,0
5,6639,10373,3,0,140.387,0
5,6640,10381,3,0,174.125,0
5,6641,10389,3,0,194.33699999999999,0
5,6642,10397,3,0,147.392,0
5,6643,10405,3,0,187.042,0
5,6644,10413,3,0,174.71100000000001,0
5,6645,10421,3,0,180.72200000000001,0
5,6646,10429,3,0,174.196,0
5,6647,10437,3,0,163.941,0
5,6648,10445,3,0,136.61099999999999,0
5,6649,10453,3,0,175.58799999999999,0
5,6650,10461,3,0,192.44800000000001,0
5,6651,10469,3,0,177.87,0
5,6652,10477,3,0,187.78200000000001,0
5,6653,10485,3,0,190.06700000000001,0
5,6654,10493,3,0,159.69499999999999,0
5,6655,10501,3,0,147.316,0
5,6656,10509,3,0,182.64599999999999,0
5,6657,10517,3,0,202.84,0
5,6658,10525,3,0,132.16200000000001,0
5,6659,10533,3,0,193.339,0
5,6660,10541,3,0,170.697,0
5,6661,10549,3,0,172.97900000000001,0
5,6662,10557,3,0,188.60400000000001,0
5,6663,10565,3,0,187.554,0
5,6664,10573,3,0,159.71899999999999,0
5,6665,10581,3,0,156.233,0
5,6666,10589,3,0,137.88200000000001,0
5,6667,10597,3,0,163.892,0
5,6668,10605,3,0,184.595,0
5,6669,10613,3,0,196.16200000000001,0
5,6670,10621,3,0,203.06700000000001,0
5,6671,10629,3,0,179.95500000000001,0
5,6672,10637,3,0,180.02000000000001,0
5,6673,10645,3,0,200.54900000000001,0
5,6674,10653,3,0,175.97900000000001,0
5,6675,10661,3,0,187.27199999999999,0
5,6676,10669,3,0,151.52699999999999,0
5,6677,10677,3,0,170.27600000000001,0
5,6678,10685,3,0,156.75299999999999,0
5,6679,10693,3,0,162.221,0
5,6680,10701,3,0,180.702,0
5,6681,10709,3,0,217.535,0
5,6682,10717,3,0,160.71700000000001,0
5,6683,10725,3,0,150.31899999999999,0
5,6684,10733,3,0,217.43600000000001,0
5,6685,10741,3,0,139.93799999999999,0
5,6686,10749,3,0,169.601,0
5,6687,10757,3,0,179.47,0
5,6688,10765,3,0,145.61600000000001,0
5,6689,10773,3,0,184.43899999999999,0
5,6690,10781,3,0,218.42599999999999,0
5,6691,10789,3,0,169.65100000000001,0
5,6692,10797,3,0,146.994,0
5,6693,10805,3,0,197.024,0
5,6694,10813,3,0,139.73500000000001,0
5,6695,10821,3,0,182.06200000000001,0
5,6696,10829,3,0,148.44499999999999,0
5,6697,10837,3,0,153.36799999999999,0
5,6698,10845,3,0,170.858,0
5,6699,10853,3,0,176.75,0
5,6700,10861,3,0,152.59200000000001,0
5,6701,10869,3,0,131.613,0
5,6702,10877,3,0,192.922,0
5,6703,10885,3,0,188.59399999999999,0
5,6704,10893,3,0,154.43100000000001,0
5,6705,10901,3,0,181.91800000000001,0
5,6706,10909,3,0,201.899,0
5,6707,10917,3,0,188.93700000000001,0
5,6708,10925,3,0,196.339,0
5,6709,10933,3,0,183.95599999999999,0
5,6710,10941,3,0,128.94399999999999,0
5,6711,10949,3,0,144.47900000000001,0
5,6712,10957,3,0,148.56100000000001,0
5,6713,10965,3,0,173.703,0
5,6714,10973,3,0,191.88,0
5,6715,10981,3,0,190.369,0
5,6716,10989,3,0,192.00399999999999,0
5,6717,10997,3,0,197.14599999999999,0
5,6718,11005,3,0,182.798,0
5,6719,11013,3,0,176.21799999999999,0
5,6720,11021,3,0,137.40899999999999,0
5,6721,11029,3,0,175.08600000000001,0
5,6722,11037,3,0,191.251,0
5,6723,11045,3,0,167.804,0
5,6724,11053,3,0,185.86799999999999,0
5,6725,11061,3,0,187.90199999999999,0
5,6726,11069,3,0,188.495,0
5,6727,11077,3,0,184.44300000000001,0
5,6728,11085,3,0,172.22999999999999,0
5,6729,11093,3,0,166.22399999999999,0
5,6730,11101,3,0,165.67400000000001,0
5,6731,11109,3,0,209.321,0
5,6732,11117,3,0,193.02000000000001,0
5,6733,11125,3,0,202.256,0
5,6734,11133,3,0,183.947,0
5,6735,11141,3,0,147.52699999999999,0
5,6736,11149,3,0,132.02500000000001,0
5,6737,11157,3,0,184.89099999999999,0
5,6738,11165,3,0,154.90199999999999,0
5,6739,11173,3,0,190.79599999999999,0
5,6740,11181,3,0,167.95599999999999,0
5,6741,11189,3,0,157.27099999999999,0
5,6742,11197,3,0,184.553,0
5,6743,11205,3,0,190.62100000000001,0
5,6744,11213,3,0,159.92099999999999,0
5,6745,11221,3,0,146.56399999999999,0
5,6746,11229,3,0,203.46799999999999,0
5,6747,11237,3,0,189.26599999999999,0
5,6748,11245,3,0,177.571,0
5,6749,11253,3,0,158.79300000000001,0
5,6750,11261,3,0,201.36600000000001,0
5,6751,11269,3,0,129.83699999999999,0
5,6752,11277,3,0,161.25999999999999,0
5,6753,11285,3,0,207.779,0
5,6754,11293,3,0,194.73400000000001,0
5,6755,11301,3,0,180.958,0
5,6756,11309,3,0,187.03299999999999,0
5,6757,11317,3,0,181.36000000000001,0
5,6758,11325,3,0,180.47200000000001,0
5,6759,11333,3,0,178.41800000000001,0
5,6760,11341,3,0,174.50299999999999,0
5,6761,11349,3,0,187.69200000000001,0
5,6762,11357,3,0,211.721,0
5,6763,11365,3,0,188.25,0
5,6764,11373,3,0,128.15799999999999,0
5,6765,11381,3,0,187.93199999999999,0
5,6766,11389,3,0,158.18199999999999,0
5,6767,11397,3,0,141.06899999999999,0
5,6768,11405,3,0,210.36799999999999,0
5,6769,11413,3,0,185.53999999999999,0
5,6770,11421,3,0,172.22200000000001,0
5,6771,11429,3,0,156.68000000000001,0
5,6772,11437,3,0,191.84200000000001,0
5,6773,11445,3,0,162.08500000000001,0
5,6774,11453,3,0,154.489,0
5,6775,11461,3,0,157.83699999999999,0
5,6776,11469,3,0,174.30600000000001,0
5,6777,11477,3,0,175.261,0
5,6778,11485,3,0,178.52799999999999,0
5,6779,11493,3,0,189.70099999999999,0
5,6780,11501,3,0,194.61199999999999,0
5,6781,11509,3,0,120.837,0
5,6782,11517,3,0,184.065,0
5,6783,11525,3,0,170.12,0
5,6784,11533,3,0,182.34899999999999,0
5,6785,11541,3,0,179.13499999999999,0
5,6786,11549,3,0,194.04900000000001,0
5,6787,11557,3,0,193.404,0
5,6788,11565,3,0,164.03,0
5,6789,11573,3,0,197.69200000000001,0
5,6790,11581,3,0,198.345,0
5,6791,11589,3,0,148.09800000000001,0
5,6792,11597,3,0,183.34,0
5,6793,11605,3,0,145.82300000000001,0
5,6794,11613,3,0,172.98699999999999,0
5,6795,11621,3,0,177.054,0
5,6796,11629,3,0,214.50200000000001,0
5,6797,11637,3,0,180.00999999999999,0
5,6798,11645,3,0,207.548,0
5,6799,11653,3,0,133.494,0
5,6800,11661,3,0,141.28100000000001,0
5,6801,11669,3,0,183.75700000000001,0
5,6802,11677,3,0,209.172,0
5,6803,11685,3,0,159.643,0
5,6804,11693,3,0,173.99299999999999,0
5,6805,11701,3,0,174.43799999999999,0
5,6806,11709,3,0,187.66399999999999,0
5,6807,11717,3,0,167.57900000000001,0
5,6808,11725,3,0,199.19800000000001,0
5,6809,11733,3,0,179.447,0
5,6810,11741,3,0,172.785,0
5,6811,11749,3,0,180.27799999999999,0
5,6812,11757,3,0,159.857,0
5,6813,11765,3,0,166.697,0
5,6814,11773,3,0,132.946,0
5,6815,11781,3,0,175.97200000000001,0
5,6816,11789,3,0,187.80500000000001,0
5,6817,11797,3,0,142.90700000000001,0
5,6818,11805,3,0,191.45599999999999,0
5,6819,11813,3,0,172.739,0
5,6820,11821,3,0,194.59399999999999,0
5,6821,11829,3,0,186.67500000000001,0
5,6822,11837,3,0,178.125,0
5,6823,11845,3,0,191.071,0
5,6824,11853,3,0,194.46600000000001,0
5,6825,11861,3,0,173.37100000000001,0
5,6826,11869,3,0,179.923,0
5,6827,11877,3,0,139.732,0
5,6828,11885,3,0,174.11500000000001,0
5,6829,11893,3,0,181.386,0
5,6830,11901,3,0,151.071,0
5,6831,11909,3,0,183.12700000000001,0
5,6832,11917,3,0,164.85900000000001,0
5,6833,11925,3,0,171.393,0
5,6834,11933,3,0,135.26499999999999,0
5,6835,11941,3,0,188.13300000000001,0
5,6836,11949,3,0,162.816,0
5,6837,11957,3,0,173.74000000000001,0
5,6838,11965,3,0,189.512,0
5,6839,11973,3,0,172.69200000000001,0
5,6840,11981,3,0,156.535,0
5,6841,11989,3,0,159.50200000000001,0
5,6842,11997,3,0,191.77799999999999,0
5,6843,12005,3,0,172.62299999999999,0
5,6844,12013,3,0,191.13900000000001,0
5,6845,12021,3,0,187.602,0
5,6846,12029,3,0,195.458,0
5,6847,12037,3,0,151.49299999999999,0
5,6848,12045,3,0,163.602,0
5,6849,12053,3,0,187.90600000000001,0
5,6850,12061,3,0,184.56299999999999,0
5,6851,12069,3,0,183.108,0
5,6852,12077,3,0,180.691,0
5,6853,12085,3,0,207.41999999999999,0
5,6854,12093,3,0,174.86199999999999,0
5,6855,12101,3,0,172.51400000000001,0
5,6856,12109,3,0,182.49600000000001,0
5,6857,12117,3,0,179.73699999999999,0
5,6858,12125,3,0,179.35499999999999,0
5,6859,12133,3,0,168.01900000000001,0
5,6860,12141,3,0,160.36099999999999,0
5,6861,12149,3,0,171.179,0
5,6862,12157,3,0,188.46100000000001,0
5,6863,12165,3,0,182.92599999999999,0
5,6864,12173,3,0,187.10300000000001,0
5,6865,12181,3,0,187.035,0
5,6866,12189,3,0,181.47300000000001,0
5,6867,12197,3,0,192.845,0
5,6868,12205,3,0,135.017,0
5,6869,12213,3,0,169.97900000000001,0
5,6870,12221,3,0,134.398,0
5,6871,12229,3,0,202,0
5,6872,12237,3,0,163.69499999999999,0
5,6873,12245,3,0,202.84399999999999,0
5,6874,12253,3,0,148.227,0
5,6875,12261,3,0,140.92400000000001,0
5,6876,12269,3,0,164.12200000000001,0
5,6877,12277,3,0,155.82599999999999,0
5,6878,12285,3,0,149.49100000000001,0
5,6879,12293,3,0,195.81,0
5,6880,12301,3,0,177.16200000000001,0
5,6881,12309,3,0,159.477,0
5,6882,12317,3,0,187.596,0
5,6883,12325,3,0,197.09200000000001,0
5,6884,12333,3,0,196.95699999999999,0
5,6885,12341,3,0,195.614,0
5,6886,12349,3,0,192.226,0
5,6887,12357,3,0,171.66200000000001,0
5,6888,12365,3,0,174.47399999999999,0
5,6889,12373,3,0,175.17599999999999,0
5,6890,12381,3,0,175.71700000000001,0
5,6891,12389,3,0,179.31899999999999,0
5,6892,12397,3,0,161.18299999999999,0
5,6893,12405,3,0,168.78200000000001,0
5,6894,12413,3,0,173.98500000000001,0
5,6895,12421,3,0,188.684,0
5,6896,12429,3,0,157.113,0
5,6897,12437,3,0,190.637,0
5,6898,12445,3,0,182.28200000000001,0
5,6899,12453,3,0,181.535,0
5,6900,12461,3,0,133.511,0
5,6901,12469,3,0,196.40899999999999,0
5,6902,12477,3,0,131.65299999999999,0
5,6903,12485,3,0,162.12700000000001,0
5,6904,12493,3,0,187.96899999999999,0
5,6905,12501,3,0,170.761,0
5,6906,12509,3,0,196.24799999999999,0
5,6907,12517,3,0,182.17400000000001,0
5,6908,12525,3,0,186.38499999999999,0
5,6909,12533,3,0,165.297,0
5,6910,12541,3,0,164.11199999999999,0
5,6911,12549,3,0,171.83799999999999,0
5,6912,12557,3,0,165.001,0
5,6913,12565,3,0,165.303,0
5,6914,12573,3,0,191.798,0
5,6915,12581,3,0,123.94,0
5,6916,12589,3,0,164.58000000000001,0
5,6917,12597,3,0,177.20699999999999,0
5,6918,12605,3,0,178.887,0
5,6919,12613,3,0,176.31399999999999,0
5,6920,12621,3,0,206.90199999999999,0
5,6921,12629,3,0,165.203,0
5,6922,12637,3,0,190.566,0
5,6923,12645,3,0,158.89400000000001,0
5,6924,12653,3,0,153.29400000000001,0
5,6925,12661,3,0,181.124,0
5,6926,12669,3,0,179.80699999999999,0
5,6927,12677,3,0,180.50700000000001,0
5,6928,12685,3,0,171.74799999999999,0
5,6929,12693,3,0,135.953,0
5,6930,12701,3,0,189.93899999999999,0
5,6931,12709,3,0,200.226,0
5,6932,12717,3,0,171.26300000000001,0
5,6933,12725,3,0,168.23699999999999,0
5,6934,12733,3,0,177.40199999999999,0
5,6935,12741,3,0,166.59999999999999,0
5,6936,12749,3,0,163.89599999999999,0
5,6937,12757,3,0,170.755,0
5,6938,12765,3,0,179.441,0
5,6939,12773,3,0,169.55000000000001,0
5,6940,12781,3,0,198.27699999999999,0
5,6941,12789,3,0,169.86000000000001,0
5,6942,12797,3,0,177.40899999999999,0
5,6943,12805,3,0,158.16399999999999,0
5,6944,12813,3,0,157.471,0
5,6945,12821,3,0,174.66300000000001,0
5,6946,12829,3,0,159.447,0
5,6947,12837,3,0,194.19900000000001,0
5,6948,12845,3,0,183.84899999999999,0
5,6949,12853,3,0,180.851,0
5,6950,12861,3,0,175.529,0
5,6951,12869,3,0,147.93000000000001,0
5,6952,12877,3,0,172.92699999999999,0
5,6953,12885,3,0,179.137,0
5,6954,12893,3,0,175.08600000000001,0
5,6955,12901,3,0,198.846,0
5,6956,12909,3,0,166.91499999999999,0
5,6957,12917,3,0,185.79599999999999,0
5,6958,12925,3,0,163.80199999999999,0
5,6959,12933,3,0,199.39599999999999,0
5,6960,12941,3,0,178.49700000000001,0
5,6961,12949,3,0,195.59999999999999,0
5,6962,12957,3,0,175.49199999999999,0
5,6963,12965,3,0,179.422,0
5,6964,12973,3,0,182.739,0
5,6965,12981,3,0,154.19,0
5,6966,12989,3,0,164.946,0
5,6967,12997,3,0,153.602,0
5,6968,13005,3,0,138.44399999999999,0
5,6969,13013,3,0,181.018,0
5,6970,13021,3,0,162.52600000000001,0
5,6971,13029,3,0,183.46100000000001,0
5,6972,13037,3,0,176.251,0
5,6973,13045,3,0,145.959,0
5,6974,13053,3,0,173.31999999999999,0
5,6975,13061,3,0,214.886,0
5,6976,13069,3,0,191.40700000000001,0
5,6977,13077,3,0,168.56700000000001,0
5,6978,13085,3,0,181.12200000000001,0
5,6979,13093,3,0,158.834,0
5,6980,13101,3,0,171.34999999999999,0
5,6981,13109,3,0,153.667,0
5,6982,13117,3,0,171.83099999999999,0
5,6983,13125,3,0,213.571,0
5,6984,13133,3,0,162.946,0
5,6985,13141,3,0,187.29599999999999,0
5,6986,13149,3,0,164.73599999999999,0
5,6987,13157,3,0,138.535,0
5,6988,13165,3,0,188.71100000000001,0
5,6989,13173,3,0,192.57400000000001,0
5,6990,13181,3,0,170.97,0
5,6991,13189,3,0,212.566,0
5,6992,13197,3,0,166.851,0
5,6993,13205,3,0,192.53899999999999,0
5,6994,13213,3,0,176.49600000000001,0
5,6995,13221,3,0,178.62,0
5,6996,13229,3,0,164.16399999999999,0
5,6997,13237,3,0,164.89599999999999,0
5,6998,13245,3,0,182.72900000000001,0
5,6999,13253,3,0,201.67699999999999,0
5,7000,13261,3,0,172.16800000000001,0
5,7001,13269,3,0,171.85300000000001,0
5,7002,13277,3,0,159.61500000000001,0
5,7003,13285,3,0,189.05199999999999,0
5,7004,13293,3,0,186.36199999999999,0
5,7005,13301,3,0,197.38900000000001,0
5,7006,13309,3,0,196.53800000000001,0
5,7007,13317,3,0,186.09100000000001,0
5,7008,13325,3,0,166.626,0
5,7009,13333,3,0,184.232,0
5,7010,13341,3,0,175.06399999999999,0
5,7011,13349,3,0,147.23599999999999,0
5,7012,13357,3,0,160.161,0
5,7013,13365,3,0,155.102,0
5,7014,13373,3,0,175.23699999999999,0
5,7015,13381,3,0,153.226,0
5,7016,13389,3,0,193.30099999999999,0
5,7017,13397,3,0,139.52500000000001,0
5,7018,13405,3,0,167.245,0
5,7019,13413,3,0,172.89699999999999,0
5,7020,13421,3,0,190.18899999999999,0
5,7021,13429,3,0,199.49100000000001,0
5,7022,13437,3,0,210.696,0
5,7023,13445,3,0,147.221,0
5,7024,13453,3,0,176.23099999999999,0
5,7025,13461,3,0,144.202,0
5,7026,13469,3,0,167.42699999999999,0
5,7027,13477,3,0,158.54499999999999,0
5,7028,13485,3,0,158.28700000000001,0
5,7029,13493,3,0,155.63499999999999,0
5,7030,13501,3,0,195.471,0
5,7031,13509,3,0,194.19900000000001,0
5,7032,13517,3,0,181.983,0
5,7033,13525,3,0,184.39599999999999,0
5,7034,13533,3,0,191.381,0
5,7035,13541,3,0,174.87100000000001,0
5,7036,13549,3,0,152.03100000000001,0
5,7037,13557,3,0,193.34800000000001,0
5,7038,13565,3,0,156.03899999999999,0
5,7039,13573,3,0,168.98099999999999,0
5,7040,13581,3,0,167.66300000000001,0
5,7041,13589,3,0,185.72300000000001,0
5,7042,13597,3,0,188.40700000000001,0
5,7043,13605,3,0,175.75399999999999,0
5,7044,13613,3,0,193.405,0
5,7045,13621,3,0,169.88200000000001,0
5,7046,13629,3,0,197.49700000000001,0
5,7047,13637,3,0,177.685,0
5,7048,13645,3,0,187.929,0
5,7049,13653,3,0,181.56800000000001,0
5,7050,13661,3,0,165.34,0
5,7051,13669,3,0,159.90299999999999,0
5,7052,13677,3,0,190.47,0
5,7053,13685,3,0,171.126,0
5,7054,13693,3,0,204.071,0
5,7055,13701,3,0,196.779,0
5,7056,13709,3,0,171.00299999999999,0
5,7057,13717,3,0,154.65199999999999,0
5,7058,13725,3,0,173.899,0
5,7059,13733,3,0,184.68000000000001,0
5,7060,13741,3,0,179.816,0
5,7061,13749,3,0,171.86000000000001,0
5,7062,13757,3,0,192.26599999999999,0
5,7063,13765,3,0,150.15000000000001,0
5,7064,13773,3,0,179.20500000000001,0
5,7065,13781,3,0,137.13200000000001,0
5,7066,13789,3,0,184.17599999999999,0
5,7067,13797,3,0,200.64500000000001,0
5,7068,13805,3,0,180.91399999999999,0
5,7069,13813,3,0,188.733,0
5,7070,13821,3,0,177.42699999999999,0
5,7071,13829,3,0,192.72,0
5,7072,13837,3,0,216.43299999999999,0
5,7073,13845,3,0,191.858,0
5,7074,13853,3,0,132.68600000000001,0
5,7075,13861,3,0,221.83799999999999,0
5,7076,13869,3,0,193.048,0
5,7077,13877,3,0,185.53,0
5,7078,13885,3,0,188.97300000000001,0
5,7079,13893,3,0,162.291,0
5,7080,13901,3,0,129.74799999999999,0
5,7081,13909,3,0,178.58099999999999,0
5,7082,13917,3,0,210.91499999999999,0
5,7083,13925,3,0,165.98599999999999,0
5,7084,13933,3,0,180.822,0
5,7085,13941,3,0,190.68799999999999,0
5,7086,13949,3,0,145.72399999999999,0
5,7087,13957,3,0,176.489,0
5,7088,13965,3,0,155.94900000000001,0
5,7089,13973,3,0,193.149,0
5,7090,13981,3,0,179.483,0
5,7091,13989,3,0,147.68799999999999,0
5,7092,13997,3,0,174.88800000000001,0
5,7093,14005,3,0,165.38800000000001,0
5,7094,14013,3,0,165.59299999999999,0
5,7095,14021,3,0,213.67599999999999,0
5,7096,14029,3,0,169.12799999999999,0
5,7097,14037,3,0,167.00399999999999,0
5,7098,14045,3,0,166.84100000000001,0
5,7099,14053,3,0,153.75399999999999,0
5,7100,14061,3,0,183.75899999999999,0
5,7101,14069,3,0,154.73099999999999,0
5,7102,14077,3,0,163.297,0
5,7103,14085,3,0,173.93000000000001,0
5,7104,14093,3,0,177.36699999999999,0
5,7105,14101,3,0,208.93899999999999,0
5,7106,14109,3,0,156.446,0
5,7107,14117,3,0,214.71799999999999,0
5,7108,14125,3,0,194.81399999999999,0
5,7109,14133,3,0,185.779,0
5,7110,14141,3,0,172.535,0
5,7111,14149,3,0,121.39400000000001,0
5,7112,14157,3,0,187.358,0
5,7113,14165,3,0,153.15600000000001,0
5,7114,14173,3,0,184.143,0
5,7115,14181,3,0,154.542,0
5,7116,14189,3,0,194.37299999999999,0
5,7117,14197,3,0,159.65600000000001,0
5,7118,14205,3,0,181.36199999999999,0
5,7119,14213,3,0,200.80099999999999,0
5,7120,14221,3,0,167.57499999999999,0
5,7121,14229,3,0,179.928,0
5,7122,14237,3,0,147.709,0
5,7123,14245,3,0,188.65299999999999,0
6,0,6,0,0,179.49600000000001,0
6,1,14,0,0,158.494,0
6,2,22,0,0,177.57300000000001,0
6,3,30,0,0,196.69499999999999,0
6,4,38,0,0,181.06299999999999,0
6,5,46,0,0,184.28999999999999,0
6,6,54,0,0,166.65799999999999,0
6,7,62,0,0,203.22399999999999,0
6,8,70,0,0,176.53399999999999,0
6,9,78,0,0,189.20599999999999,0
6,10,86,0,0,170.06399999999999,0
6,11,94,0,0,164.024,0
6,12,102,0,0,185.774,0
6,13,110,0,0,172.88900000000001,0
6,14,118,0,0,141.14699999999999,0
6,15,126,0,0,168.66399999999999,0
6,16,134,0,0,190.78100000000001,0
6,17,142,0,0,192.029,0
6,18,150,0,0,175.66900000000001,0
6,19,158,0,0,170.34700000000001,0
6,20,166,0,0,192.47999999999999,0
6,21,174,0,0,193.42699999999999,0
6,22,182,0,0,175.46600000000001,0
6,23,190,0,0,189.60300000000001,0
6,24,198,0,0,194.01599999999999,0
6,25,206,0,0,162.48400000000001,0
6,26,214,0,0,184.03,0
6,27,222,0,0,185.18199999999999,0
6,28,230,0,0,181.809,0
6,29,238,0,0,167.19200000000001,0
6,30,246,0,0,169.04599999999999,0
6,31,254,0,0,162.053,0
6,32,262,0,0,164.18000000000001,0
6,33,270,0,0,173.09800000000001,0
6,34,278,0,0,137.83099999999999,0
6,35,286,0,0,156.221,0
6,36,294,0,0,175.863,0
6,37,302,0,0,171.31100000000001,0
6,38,310,0,0,125.93899999999999,0
6,39,318,0,0,150.827,0
6,40,326,0,0,178.02199999999999,0
6,41,334,0,0,201.37200000000001,0
6,42,342,0,0,161.50200000000001,0
6,43,350,0,0,179.667,0
6,44,358,0,0,172.41499999999999,0
6,45,366,0,0,182.303,0
6,46,374,0,0,179.43600000000001,0
6,47,382,0,0,162.23400000000001,0
6,48,390,0,0,158.21600000000001,0
6,49,398,0,0,170.30600000000001,0
6,50,406,0,0,186.572,0
6,51,414,0,0,142.60900000000001,0
6,52,422,0,0,183.90799999999999,0
6,53,430,0,0,209.80099999999999,0
6,54,438,0,0,189.357,0
6,55,446,0,0,170.49199999999999,0
6,56,454,0,0,163.46000000000001,0
6,57,462,0,0,162.54400000000001,0
6,58,470,0,0,167.70500000000001,0
6,59,478,0,0,159.62899999999999,0
6,60,486,0,0,151.065,0
6,61,494,0,0,173.91499999999999,0
6,62,502,0,0,176.37100000000001,0
6,63,510,0,0,177.17099999999999,0
6,64,518,0,0,184.798,0
6,65,526,0,0,198.95699999999999,0
6,66,534,0,0,216.47300000000001,0
6,67,542,0,0,193.21100000000001,0
6,68,550,0,0,151.52099999999999,0
6,69,558,0,0,193.642,0
6,70,566,0,0,195.51499999999999,0
6,71,574,0,0,157.316,0
6,72,582,0,0,190.077,0
6,73,590,0,0,144.47200000000001,0
6,74,598,0,0,185.85300000000001,0
6,75,606,0,0,167.167,0
6,76,614,0,0,173.166,0
6,77,622,0,0,135.221,0
6,78,630,0,0,166.05799999999999,0
6,79,638,0,0,155.58500000000001,0
6,80,646,0,0,222.595,0
6,81,654,0,0,168.81399999999999,0
6,82,662,0,0,188.517,0
6,83,670,0,0,183.07599999999999,0
6,84,678,0,0,154.16800000000001,0
6,85,686,0,0,174.52199999999999,0
6,86,694,0,0,166.55799999999999,0
6,87,702,0,0,164.148,0
6,88,710,0,0,178.904,0
6,89,718,0,0,211.351,0
6,90,726,0,0,173.755,0
6,91,734,0,0,180.81299999999999,0
6,92,742,0,0,163.709,0
6,93,750,0,0,186.70500000000001,0
6,94,758,0,0,175.44999999999999,0
6,95,766,0,0,202.70699999999999,0
6,96,774,0,0,201.298,0
6,97,782,0,0,153.173,0
6,98,790,0,0,186.91800000000001,0
6,99,798,0,0,187.387,0
6,100,806,0,0,169.18100000000001,0
6,101,814,0,0,149.54599999999999,0
6,102,822,0,0,138.14699999999999,0
6,103,830,0,0,173.84899999999999,0
6,104,838,0,0,161.10900000000001,0
6,105,846,0,0,162.47,0
6,106,854,0,0,182.73699999999999,0
6,107,862,0,0,187.542,0
6,108,870,0,0,179.35400000000001,0
6,109,878,0,0,192.35300000000001,0
6,110,886,0,0,173.38,0
6,111,894,0,0,134.16300000000001,0
6,112,902,0,0,194.25299999999999,0
6,113,910,0,0,170.00800000000001,0
6,114,918,0,0,186.571,0
6,115,926,0,0,204.21000000000001,0
6,116,934,0,0,173.81700000000001,0
6,117,942,0,0,165.994,0
6,118,950,0,0,185.91999999999999,0
6,119,958,0,0,169.26900000000001,0
6,120,966,0,0,185.988,0
6,121,974,0,0,179.804,0
6,122,982,0,0,182.864,0
6,123,990,0,0,188.13800000000001,0
6,124,998,0,0,180.93000000000001,0
6,125,1006,0,0,188.93000000000001,0
6,126,1014,0,0,164.56700000000001,0
6,127,1022,0,0,198.85300000000001,0
6,128,1030,0,0,124.86,0
6,129,1038,0,0,170.054,0
6,130,1046,0,0,181.86799999999999,0
6,131,1054,0,0,152.04599999999999,0
6,132,1062,0,0,192.047,0
6,133,1070,0,0,172.929,0
6,134,1078,0,0,182.23099999999999,0
6,135,1086,0,0,182.33699999999999,0
6,136,1094,0,0,185.61199999999999,0
6,137,1102,0,0,187.49600000000001,0
6,138,1110,0,0,138.69499999999999,0
6,139,1118,0,0,151.685,0
6,140,1126,0,0,183.90299999999999,0
6,141,1134,0,0,177.678,0
6,142,1142,0,0,168.523,0
6,143,1150,0,0,189.369,0
6,144,1158,0,0,195.79400000000001,0
6,145,1166,0,0,171.751,0
6,146,1174,0,0,155.09999999999999,0
6,147,1182,0,0,200.59800000000001,0
6,148,1190,0,0,176.53800000000001,0
6,149,1198,0,0,150.87100000000001,0
6,150,1206,0,0,173.38300000000001,0
6,151,1214,0,0,214.78999999999999,0
6,152,1222,0,0,172.78700000000001,0
6,153,1230,0,0,137.607,0
6,154,1238,0,0,168.721,0
6,155,1246,0,0,174.988,0
6,156,1254,0,0,169.98599999999999,0
6,157,1262,0,0,166.06100000000001,0
6,158,1270,0,0,172.93899999999999,0
6,159,1278,0,0,208.87200000000001,0
6,160,1286,0,0,155.47399999999999,0
6,161,1294,0,0,169.24000000000001,0
6,162,1302,0,0,187.964,0
6,163,1310,0,0,154.17500000000001,0
6,164,1318,0,0,216.42699999999999,0
6,165,1326,0,0,169.65600000000001,0
6,166,1334,0,0,175.59899999999999,0
6,167,1342,0,0,179.27500000000001,0
6,168,1350,0,0,187.03899999999999,0
6,169,1358,0,0,168.92500000000001,0
6,170,1366,0,0,149.54400000000001,0
6,171,1374,0,0,153.02199999999999,0
6,172,1382,0,0,194.65000000000001,0
6,173,1390,0,0,193.726,0
6,174,1398,0,0,135.38200000000001,0
6,175,1406,0,0,196.203,0
6,176,1414,0,0,192.358,0
6,177,1422,0,0,151.41999999999999,0
6,178,1430,0,0,179.75999999999999,0
6,179,1438,0,0,199.72499999999999,0
6,180,1446,0,0,190.869,0
6,181,1454,0,0,156.46899999999999,0
6,182,1462,0,0,129.506,0
6,183,1470,0,0,181.916,0
6,184,1478,0,0,191.292,0
6,185,1486,0,0,179.71899999999999,0
6,186,1494,0,0,146.661,0
6,187,1502,0,0,152.72800000000001,0
6,188,1510,0,0,183.68799999999999,0
6,189,1518,0,0,172.952,0
6,190,1526,0,0,196.494,0
6,191,1534,0,0,203.154,0
6,192,1542,0,0,159.238,0
6,193,1550,0,0,204.77199999999999,0
6,194,1558,0,0,195.76599999999999,0
6,195,1566,0,0,157.03800000000001,0
6,196,1574,0,0,162.41800000000001,0
6,197,1582,0,0,168.00200000000001,0
6,198,1590,0,0,165.36699999999999,0
6,199,1598,0,0,144.19200000000001,0
6,200,1606,0,0,185.26499999999999,0
6,201,1614,0,0,166.91900000000001,0
6,202,1622,0,0,158.905,0
6,203,1630,0,0,181.52099999999999,0
6,204,1638,0,0,176.06800000000001,0
6,205,1646,0,0,160.36600000000001,0
6,206,1654,0,0,191.46299999999999,0
6,207,1662,0,0,191.16499999999999,0
6,208,1670,0,0,177.08099999999999,0
6,209,1678,0,0,179.83199999999999,0
6,210,1686,0,0,184.64099999999999,0
6,211,1694,0,0,153.33000000000001,0
6,212,1702,0,0,165.547,0
6,213,1710,0,0,178.96299999999999,0
6,214,1718,0,0,174.541,0
6,215,1726,0,0,197.27600000000001,0
6,216,1734,0,0,154.94,0
6,217,1742,0,0,140.16399999999999,0
6,218,1750,0,0,155.327,0
6,219,1758,0,0,164.50700000000001,0
6,220,1766,0,0,155.01900000000001,0
6,221,1774,0,0,166.971,0
6,222,1782,0,0,158.36099999999999,0
6,223,1790,0,0,173.233,0
6,224,1798,0,0,169.57900000000001,0
6,225,1806,0,0,196.74199999999999,0
6,226,1814,0,0,179.035,0
6,227,1822,0,0,150.44900000000001,0
6,228,1830,0,0,182.43700000000001,0
6,229,1838,0,0,194.80199999999999,0
6,230,1846,0,0,217.678,0
6,231,1854,0,0,172.255,0
6,232,1862,0,0,175.71899999999999,0
6,233,1870,0,0,173.14699999999999,0
6,234,1878,0,0,198.63300000000001,0
6,235,1886,0,0,145.83500000000001,0
6,236,1894,0,0,180.89400000000001,0
6,237,1902,0,0,171.858,0
6,238,1910,0,0,187.70699999999999,0
6,239,1918,0,0,151.67500000000001,0
6,240,1926,0,0,185.84800000000001,0
6,241,1934,0,0,194.94900000000001,0
6,242,1942,0,0,189.334,0
6,243,1950,0,0,178.857,0
6,244,1958,0,0,191.34999999999999,0
6,245,1966,0,0,196,0
6,246,1974,0,0,211.65299999999999,0
6,247,1982,0,0,196.20599999999999,0
6,248,1990,0,0,151.83600000000001,0
6,249,1998,0,0,190.458,0
6,250,2006,0,0,199.01400000000001,0
6,251,2014,0,0,145.67599999999999,0
6,252,2022,0,0,185.721,0
6,253,2030,0,0,168.21299999999999,0
6,254,2038,0,0,148.178,0
6,255,2046,0,0,192.625,0
6,256,2054,0,0,150.935,0
6,257,2062,0,0,189.74600000000001,0
6,258,2070,0,0,167.30600000000001,0
6,259,2078,0,0,190.05699999999999,0
6,260,2086,0,0,171.96000000000001,0
6,261,2094,0,0,188.00700000000001,0
6,262,2102,0,0,158.32300000000001,0
6,263,2110,0,0,174.798,0
6,264,2118,0,0,163.26599999999999,0
6,265,2126,0,0,181.47499999999999,0
6,266,2134,0,0,177.28800000000001,0
6,267,2142,0,0,187.67400000000001,0
6,268,2150,0,0,166.90199999999999,0
6,269,2158,0,0,163.054,0
6,270,2166,0,0,146.613,0
6,271,2174,0,0,178.43899999999999,0
6,272,2182,0,0,177.58099999999999,0
6,273,2190,0,0,173.34100000000001,0
6,274,2198,0,0,190.809,0
6,275,2206,0,0,211.273,0
6,276,2214,0,0,157.19800000000001,0
6,277,2222,0,0,193.43899999999999,0
6,278,2230,0,0,172.423,0
6,279,2238,0,0,153.28,0
6,280,2246,0,0,177.86600000000001,0
6,281,2254,0,0,179.87,0
6,282,2262,0,0,207.839,0
6,283,2270,0,0,189.42099999999999,0
6,284,2278,0,0,146.255,0
6,285,2286,0,0,156.17599999999999,0
6,286,2294,0,0,178.505,0
6,287,2302,0,0,185.28999999999999,0
6,288,2310,0,0,167.06100000000001,0
6,289,2318,0,0,163.691,0
6,290,2326,0,0,182.36799999999999,0
6,291,2334,0,0,179.63200000000001,0
6,292,2342,0,0,169.94499999999999,0
6,293,2350,0,0,196.874,0
6,294,2358,0,0,206.971,0
6,295,2366,0,0,177.39599999999999,0
6,296,2374,0,0,190.709,0
6,297,2382,0,0,185.00299999999999,0
6,298,2390,0,0,180.31700000000001,0
6,299,2398,0,0,176.43600000000001,0
6,300,2406,0,0,143.11199999999999,0
6,301,2414,0,0,186.98099999999999,0
6,302,2422,0,0,194.11600000000001,0
6,303,2430,0,0,185.49799999999999,0
6,304,2438,0,0,157.08199999999999,0
6,305,2446,0,0,193.60499999999999,0
6,306,2454,0,0,189.56999999999999,0
6,307,2462,0,0,200.46600000000001,0
6,308,2470,0,0,197.77500000000001,0
6,309,2478,0,0,188.387,0
6,310,2486,0,0,179.80600000000001,0
6,311,2494,0,0,178.459,0
6,312,2502,0,0,167.38800000000001,0
6,313,2510,0,0,200.21100000000001,0
6,314,2518,0,0,178.315,0
6,315,2526,0,0,203.21100000000001,0
6,316,2534,0,0,174.14599999999999,0
6,317,2542,0,0,179.36199999999999,0
6,318,2550,0,0,177.34200000000001,0
6,319,2558,0,0,184.791,0
6,320,2566,0,0,158.96700000000001,0
6,321,2574,0,0,165.05600000000001,0
6,322,2582,0,0,180.76400000000001,0
6,323,2590,0,0,152.22800000000001,0
6,324,2598,0,0,170.952,0
6,325,2606,0,0,165.52099999999999,0
6,326,2614,0,0,171.65000000000001,0
6,327,2622,0,0,175.422,0
6,328,2630,0,0,153.75,0
6,329,2638,0,0,201.96700000000001,0
6,330,2646,0,0,181.16,0
6,331,2654,0,0,130.45400000000001,0
6,332,2662,0,0,113.53,0
6,333,2670,0,0,192.691,0
6,334,2678,0,0,202.83000000000001,0
6,335,2686,0,0,213.874,0
6,336,2694,0,0,155.46000000000001,0
6,337,2702,0,0,169.38,0
6,338,2710,0,0,180.00399999999999,0
6,339,2718,0,0,175.553,0
6,340,2726,0,0,201.05799999999999,0
6,341,2734,0,0,178.828,0
6,342,2742,0,0,197.316,0
6,343,2750,0,0,176.62299999999999,0
6,344,2758,0,0,186.733,0
6,345,2766,0,0,242.90600000000001,0
6,346,2774,0,0,178.93000000000001,0
6,347,2782,0,0,160.26400000000001,0
6,348,2790,0,0,175.529,0
6,349,2798,0,0,182.88200000000001,0
6,350,2806,0,0,158.82599999999999,0
6,351,2814,0,0,164.14400000000001,0
6,352,2822,0,0,169.47800000000001,0
6,353,2830,0,0,192.60499999999999,0
6,354,2838,0,0,152.499,0
6,355,2846,0,0,129.39500000000001,0
6,356,2854,0,0,128.24799999999999,0
6,357,2862,0,0,222.94999999999999,0
6,358,2870,0,0,192.15600000000001,0
6,359,2878,0,0,169.03700000000001,0
6,360,2886,0,0,190.06899999999999,0
6,361,2894,0,0,161.69999999999999,0
6,362,2902,0,0,147.739,0
6,363,2910,0,0,130.58600000000001,0
6,364,2918,0,0,180.37700000000001,0
6,365,2926,0,0,190.31399999999999,0
6,366,2934,0,0,177.309,0
6,367,2942,0,0,188.06399999999999,0
6,368,2950,0,0,193.006,0
6,369,2958,0,0,179.577,0
6,370,2966,0,0,185.13999999999999,0
6,371,2974,0,0,168.46600000000001,0
6,372,2982,0,0,176.11199999999999,0
6,373,2990,0,0,195.29499999999999,0
6,374,2998,0,0,168.63,0
6,375,3006,0,0,172.136,0
6,376,3014,0,0,191.06,0
6,377,3022,0,0,202.24299999999999,0
6,378,3030,0,0,184.86099999999999,0
6,379,3038,0,0,157.15100000000001,0
6,380,3046,0,0,201.77699999999999,0
6,381,3054,0,0,186.81100000000001,0
6,382,3062,0,0,171.81299999999999,0
6,383,3070,0,0,177.84,0
6,384,3078,0,0,184.124,0
6,385,3086,0,0,164.06200000000001,0
6,386,3094,0,0,164.006,0
6,387,3102,0,0,177.99600000000001,0
6,388,3110,0,0,176.971,0
6,389,3118,0,0,158.66,0
6,390,3126,0,0,177.21700000000001,0
6,391,3134,0,0,204.86500000000001,0
6,392,3142,0,0,186.952,0
6,393,3150,0,0,163.99700000000001,0
6,394,3158,0,0,152.685,0
6,395,3166,0,0,188.95400000000001,0
6,396,3174,0,0,177.12100000000001,0
6,397,3182,0,0,195.55699999999999,0
6,398,3190,0,0,190.79900000000001,0
6,399,3198,0,0,183.709,0
6,400,3206,0,0,177.84299999999999,0
6,401,3214,0,0,175.672,0
6,402,3222,0,0,173.01900000000001,0
6,403,3230,0,0,125.575,0
6,404,3238,0,0,151.238,0
6,405,3246,0,0,181.125,0
6,406,3254,0,0,190.161,0
6,407,3262,0,0,188.12200000000001,0
6,408,3270,0,0,177.227,0
6,409,3278,0,0,187.227,0
6,410,3286,0,0,208.48500000000001,0
6,411,3294,0,0,179.74700000000001,0
6,412,3302,0,0,192.58600000000001,0
6,413,3310,0,0,176.72800000000001,0
6,414,3318,0,0,190.16200000000001,0
6,415,3326,0,0,189.012,0
6,416,3334,0,0,170.44800000000001,0
6,417,3342,0,0,180.56899999999999,0
6,418,3350,0,0,217.27000000000001,0
6,419,3358,0,0,155.23500000000001,0
6,420,3366,0,0,204.62100000000001,0
6,421,3374,0,0,158.321,0
6,422,3382,0,0,163.46299999999999,0
6,423,3390,0,0,185.982,0
6,424,3398,0,0,173.43100000000001,0
6,425,3406,0,0,174.46600000000001,0
6,426,3414,0,0,157.012,0
6,427,3422,0,0,179.22499999999999,0
6,428,3430,0,0,179.73599999999999,0
6,429,3438,0,0,172.29300000000001,0
6,430,3446,0,0,189.28800000000001,0
6,431,3454,0,0,172.81700000000001,0
6,432,3462,0,0,176.09100000000001,0
6,433,3470,0,0,200.15199999999999,0
6,434,3478,0,0,187.012,0
6,435,3486,0,0,171.238,0
6,436,3494,0,0,130.05199999999999,0
6,437,3502,0,0,164.661,0
6,438,3510,0,0,169.36000000000001,0
6,439,3518,0,0,146.804,0
6,440,3526,0,0,170.11799999999999,0
6,441,3534,0,0,164.99100000000001,0
6,442,3542,0,0,197.678,0
6,443,3550,0,0,154.995,0
6,444,3558,0,0,185.756,0
6,445,3566,0,0,164.12100000000001,0
6,446,3574,0,0,187.56200000000001,0
6,447,3582,0,0,189.55600000000001,0
6,448,3590,0,0,202.50299999999999,0
6,449,3598,0,0,181.42400000000001,0
6,450,3606,0,0,157.875,0
6,451,3614,0,0,180.96199999999999,0
6,452,3622,0,0,182.94,0
6,453,3630,0,0,194.76900000000001,0
6,454,3638,0,0,194.82599999999999,0
6,455,3646,0,0,162.602,0
6,456,3654,0,0,185.82400000000001,0
6,457,3662,0,0,178.65799999999999,0
6,458,3670,0,0,159.44200000000001,0
6,459,3678,0,0,151.91900000000001,0
6,460,3686,0,0,206.733,0
6,461,3694,0,0,157.857,0
6,462,3702,0,0,175.035,0
6,463,3710,0,0,203.16900000000001,0
6,464,3718,0,0,167.61699999999999,0
6,465,3726,0,0,187.124,0
6,466,3734,0,0,195.06,0
6,467,3742,0,0,172.89699999999999,0
6,468,3750,0,0,193.29499999999999,0
6,469,3758,0,0,162.54499999999999,0
6,470,3766,0,0,183.05600000000001,0
6,471,3774,0,0,180.458,0
6,472,3782,0,0,197.60300000000001,0
6,473,3790,0,0,181.321,0
6,474,3798,0,0,158.251,0
6,475,3806,0,0,159.20500000000001,0
6,476,3814,0,0,176.053,0
6,477,3822,0,0,189.226,0
6,478,3830,0,0,166.434,0
6,479,3838,0,0,193.70699999999999,0
6,480,3846,0,0,163.82499999999999,0
6,481,3854,0,0,176.572,0
6,482,3862,0,0,167.916,0
6,483,3870,0,0,185.44,0
6,484,3878,0,0,172.46899999999999,0
6,485,3886,0,0,172.36099999999999,0
6,486,3894,0,0,153.989,0
6,487,3902,0,0,190.28999999999999,0
6,488,3910,0,0,175.84200000000001,0
6,489,3918,0,0,162.91,0
6,490,3926,0,0,175.48599999999999,0
6,491,3934,0,0,178.327,0
6,492,3942,0,0,181.43700000000001,0
6,493,3950,0,0,188.81299999999999,0
6,494,3958,0,0,195.17099999999999,0
6,495,3966,0,0,172.79599999999999,0
6,496,3974,0,0,172.60599999999999,0
6,497,3982,0,0,150.39500000000001,0
6,498,3990,0,0,187.02799999999999,0
6,499,3998,0,0,193.66200000000001,0
6,500,4006,0,0,154.25200000000001,0
6,501,4014,0,0,160.11199999999999,0
6,502,4022,0,0,161.02699999999999,0
6,503,4030,0,0,206.19300000000001,0
6,504,4038,0,0,136.495,0
6,505,4046,0,0,143.79900000000001,0
6,506,4054,0,0,205.012,0
6,507,4062,0,0,152.48099999999999,0
6,508,4070,0,0,180.94,0
6,509,4078,0,0,182.88399999999999,0
6,510,4086,0,0,154.565,0
6,511,4094,0,0,162.27600000000001,0
6,512,4102,0,0,199.47499999999999,0
6,513,4110,0,0,178.13900000000001,0
6,514,4118,0,0,176.17400000000001,0
6,515,4126,0,0,196.78,0
6,516,4134,0,0,177.86699999999999,0
6,517,4142,0,0,159.75299999999999,0
6,518,4150,0,0,142.97300000000001,0
6,519,4158,0,0,118.712,0
6,520,4166,0,0,167.72399999999999,0
6,521,4174,0,0,191.053,0
6,522,4182,0,0,187.601,0
6,523,4190,0,0,133.84200000000001,0
6,524,4198,0,0,168.15299999999999,0
6,525,4206,0,0,152.65000000000001,0
6,526,4214,0,0,154.505,0
6,527,4222,0,0,186.40299999999999,0
6,528,4230,0,0,159.411,0
6,529,4238,0,0,193.923,0
6,530,4246,0,0,157.75800000000001,0
6,531,4254,0,0,194.703,0
6,532,4262,0,0,179.935,0
6,533,4270,0,0,128.18299999999999,0
6,534,4278,0,0,179.31700000000001,0
6,535,4286,0,0,161.69200000000001,0
6,536,4294,0,0,151.35300000000001,0
6,537,4302,0,0,142.23699999999999,0
6,538,4310,0,0,147.684,0
6,539,4318,0,0,198.83000000000001,0
6,540,4326,0,0,168.50800000000001,0
6,541,4334,0,0,175.35599999999999,0
6,542,4342,0,0,190.495,0
6,543,4350,0,0,162.06700000000001,0
6,544,4358,0,0,156.36799999999999,0
6,545,4366,0,0,189.79900000000001,0
6,546,4374,0,0,168.90700000000001,0
6,547,4382,0,0,137.464,0
6,548,4390,0,0,196.15199999999999,0
6,549,4398,0,0,173.21799999999999,0
6,550,4406,0,0,180.22300000000001,0
6,551,4414,0,0,124.274,0
6,552,4422,0,0,177.065,0
6,553,4430,0,0,198.16499999999999,0
6,554,4438,0,0,187.48699999999999,0
6,555,4446,0,0,126.378,0
6,556,4454,0,0,137.69999999999999,0
6,557,4462,0,0,178.65299999999999,0
6,558,4470,0,0,164.608,0
6,559,4478,0,0,178.97999999999999,0
6,560,4486,0,0,194.476,0
6,561,4494,0,0,180.73400000000001,0
6,562,4502,0,0,150.10900000000001,0
6,563,4510,0,0,203.05199999999999,0
6,564,4518,0,0,175.91900000000001,0
6,565,4526,0,0,178.89699999999999,0
6,566,4534,0,0,200.77500000000001,0
6,567,4542,0,0,171.011,0
6,568,4550,0,0,181.81399999999999,0
6,569,4558,0,0,186.44300000000001,0
6,570,4566,0,0,200.25999999999999,0
6,571,4574,0,0,178.44200000000001,0
6,572,4582,0,0,186.97300000000001,0
6,573,4590,0,0,190.471,0
6,574,4598,0,0,198.101,0
6,575,4606,0,0,168.346,0
6,576,4614,0,0,180.92099999999999,0
6,577,4622,0,0,193.72900000000001,0
6,578,4630,0,0,189.92599999999999,0
6,579,4638,0,0,197.23500000000001,0
6,580,4646,0,0,188.33000000000001,0
6,581,4654,0,0,200.24199999999999,0
6,582,4662,0,0,199,0
6,583,4670,0,0,202.49700000000001,0
6,584,4678,0,0,193.62799999999999,0
6,585,4686,0,0,122.56100000000001,0
6,586,4694,0,0,175.33600000000001,0
6,587,4702,0,0,186.83600000000001,0
6,588,4710,0,0,216.405,0
6,589,4718,0,0,176.32599999999999,0
6,590,4726,0,0,188.358,0
6,591,4734,0,0,177.66800000000001,0
6,592,4742,0,0,177.102,0
6,593,4750,0,0,124.027,0
6,594,4758,0,0,156.31100000000001,0
6,595,4766,0,0,157.029,0
6,596,4774,0,0,149.30000000000001,0
6,597,4782,0,0,173.67500000000001,0
6,598,4790,0,0,176.72,0
6,599,4798,0,0,137.654,0
6,600,4806,0,0,145.96000000000001,0
6,601,4814,0,0,178.971,0
6,602,4822,0,0,184.70699999999999,0
6,603,4830,0,0,194.70500000000001,0
6,604,4838,0,0,206.876,0
6,605,4846,0,0,174.172,0
6,606,4854,0,0,199.07599999999999,0
6,607,4862,0,0,167.29300000000001,0
6,608,4870,0,0,191.637,0
6,609,4878,0,0,201.93899999999999,0
6,610,4886,0,0,194.27000000000001,0
6,611,4894,0,0,192.17099999999999,0
6,612,4902,0,0,168.46299999999999,0
6,613,4910,0,0,175.18700000000001,0
6,614,4918,0,0,186.33099999999999,0
6,615,4926,0,0,160.19200000000001,0
6,616,4934,0,0,184.57300000000001,0
6,617,4942,0,0,192.13900000000001,0
6,618,4950,0,0,179.76900000000001,0
6,619,4958,0,0,179.12299999999999,0
6,620,4966,0,0,187.178,0
6,621,4974,0,0,181.42099999999999,0
6,622,4982,0,0,189.34,0
6,623,4990,0,0,181.50200000000001,0
6,624,4998,0,0,166.55099999999999,0
6,625,5006,0,0,186.994,0
6,626,5014,0,0,196.28999999999999,0
6,627,5022,0,0,174.98599999999999,0
6,628,5030,0,0,200.87700000000001,0
6,629,5038,0,0,192.41300000000001,0
6,630,5046,0,0,162.90700000000001,0
6,631,5054,0,0,188.80199999999999,0
6,632,5062,0,0,142.203,0
6,633,5070,0,0,195.661,0
6,634,5078,0,0,172.66999999999999,0
6,635,5086,0,0,192.184,0
6,636,5094,0,0,158.72800000000001,0
6,637,5102,0,0,189.58099999999999,0
6,638,5110,0,0,189.27199999999999,0
6,639,5118,0,0,182.108,0
6,640,5126,0,0,195.13,0
6,641,5134,0,0,184.46100000000001,0
6,642,5142,0,0,170.893,0
6,643,5150,0,0,160.93799999999999,0
6,644,5158,0,0,169.87200000000001,0
6,645,5166,0,0,158.08799999999999,0
6,646,5174,0,0,195.28100000000001,0
6,647,5182,0,0,196.28999999999999,0
6,648,5190,0,0,171.87100000000001,0
6,649,5198,0,0,206.506,0
6,650,5206,0,0,180.22999999999999,0
6,651,5214,0,0,202.08699999999999,0
6,652,5222,0,0,170.12100000000001,0
6,653,5230,0,0,183.90100000000001,0
6,654,5238,0,0,191.684,0
6,655,5246,0,0,167.953,0
6,656,5254,0,0,182.995,0
6,657,5262,0,0,196.923,0
6,658,5270,0,0,125.895,0
6,659,5278,0,0,195.52500000000001,0
6,660,5286,0,0,141.864,0
6,661,5294,0,0,173.53299999999999,0
6,662,5302,0,0,166.91,0
6,663,5310,0,0,170.45599999999999,0
6,664,5318,0,0,179.041,0
6,665,5326,0,0,161.989,0
6,666,5334,0,0,188.04300000000001,0
6,667,5342,0,0,191.553,0
6,668,5350,0,0,168.27799999999999,0
6,669,5358,0,0,167.44399999999999,0
6,670,5366,0,0,177.86799999999999,0
6,671,5374,0,0,190.578,0
6,672,5382,0,0,197.999,0
6,673,5390,0,0,188.98500000000001,0
6,674,5398,0,0,164.404,0
6,675,5406,0,0,164.07599999999999,0
6,676,5414,0,0,200.10599999999999,0
6,677,5422,0,0,171.63300000000001,0
6,678,5430,0,0,175.435,0
6,679,5438,0,0,192.41499999999999,0
6,680,5446,0,0,178.18799999999999,0
6,681,5454,0,0,206.40799999999999,0
6,682,5462,0,0,166.762,0
6,683,5470,0,0,189.17099999999999,0
6,684,5478,0,0,181.547,0
6,685,5486,0,0,179.76599999999999,0
6,686,5494,0,0,168.77600000000001,0
6,687,5502,0,0,173.887,0
6,688,5510,0,0,130.86799999999999,0
6,689,5518,0,0,181.999,0
6,690,5526,0,0,198.58199999999999,0
6,691,5534,0,0,211.16399999999999,0
6,692,5542,0,0,190.18600000000001,0
6,693,5550,0,0,165.16300000000001,0
6,694,5558,0,0,181.32300000000001,0
6,695,5566,0,0,203.54300000000001,0
6,696,5574,0,0,160.054,0
6,697,5582,0,0,167.024,0
6,698,5590,0,0,177.38900000000001,0
6,699,5598,0,0,121.54300000000001,0
6,700,5606,0,0,159.04300000000001,0
6,701,5614,0,0,172.74700000000001,0
6,702,5622,0,0,172.96899999999999,0
6,703,5630,0,0,169.40100000000001,0
6,704,5638,0,0,239.232,0
6,705,5646,0,0,179.26300000000001,0
6,706,5654,0,0,136.59999999999999,0
6,707,5662,0,0,162.71899999999999,0
6,708,5670,0,0,170.005,0
6,709,5678,0,0,158.392,0
6,710,5686,0,0,166.28299999999999,0
6,711,5694,0,0,201.06700000000001,0
6,712,5702,0,0,164.96299999999999,0
6,713,5710,0,0,218.327,0
6,714,5718,0,0,175.45400000000001,0
6,715,5726,0,0,204.18100000000001,0
6,716,5734,0,0,173.476,0
6,717,5742,0,0,160.875,0
6,718,5750,0,0,145.018,0
6,719,5758,0,0,183.274,0
6,720,5766,0,0,194.69499999999999,0
6,721,5774,0,0,183.59299999999999,0
6,722,5782,0,0,194.62899999999999,0
6,723,5790,0,0,184.411,0
6,724,5798,0,0,164.792,0
6,725,5806,0,0,171.869,0
6,726,5814,0,0,193.959,0
6,727,5822,0,0,146.07900000000001,0
6,728,5830,0,0,198.471,0
6,729,5838,0,0,204.28,0
6,730,5846,0,0,197.291,0
6,731,5854,0,0,170.18000000000001,0
6,732,5862,0,0,176.20699999999999,0
6,733,5870,0,0,152.994,0
6,734,5878,0,0,152.21000000000001,0
6,735,5886,0,0,198.44499999999999,0
6,736,5894,0,0,194.22499999999999,0
6,737,5902,0,0,191.68899999999999,0
6,738,5910,0,0,190.07499999999999,0
6,739,5918,0,0,189.85900000000001,0
6,740,5926,0,0,181.036,0
6,741,5934,0,0,182.60900000000001,0
6,742,5942,0,0,181.91900000000001,0
6,743,5950,0,0,175.31899999999999,0
6,744,5958,0,0,189.56999999999999,0
6,745,5966,0,0,145.494,0
6,746,5974,0,0,155.04300000000001,0
6,747,5982,0,0,179.80199999999999,0
6,748,5990,0,0,189.81200000000001,0
6,749,5998,0,0,190.11000000000001,0
6,750,6006,0,0,150.536,0
6,751,6014,0,0,184.654,0
6,752,6022,0,0,201.00700000000001,0
6,753,6030,0,0,188.369,0
6,754,6038,0,0,194.767,0
6,755,6046,0,0,149.583,0
6,756,6054,0,0,191.286,0
6,757,6062,0,0,206.49100000000001,0
6,758,6070,0,0,145.077,0
6,759,6078,0,0,132.506,0
6,760,6086,0,0,185.53899999999999,0
6,761,6094,0,0,184.73400000000001,0
6,762,6102,0,0,195.357,0
6,763,6110,0,0,143.21799999999999,0
6,764,6118,0,0,181.053,0
6,765,6126,0,0,187.93799999999999,0
6,766,6134,0,0,179.71000000000001,0
6,767,6142,0,0,192.34800000000001,0
6,768,6150,0,0,158.12799999999999,0
6,769,6158,0,0,125.593,0
6,770,6166,0,0,175.25700000000001,0
6,771,6174,0,0,182.077,0
6,772,6182,0,0,172.904,0
6,773,6190,0,0,131.54300000000001,0
6,774,6198,0,0,178.36500000000001,0
6,775,6206,0,0,176.40600000000001,0
6,776,6214,0,0,174.54599999999999,0
6,777,6222,0,0,174.952,0
6,778,6230,0,0,183.73699999999999,0
6,779,6238,0,0,169.14699999999999,0
6,780,6246,0,0,160.93100000000001,0
6,781,6254,0,0,181.04300000000001,0
6,782,6262,0,0,136.14699999999999,0
6,783,6270,0,0,189.28800000000001,0
6,784,6278,0,0,189.94300000000001,0
6,785,6286,0,0,195.084,0
6,786,6294,0,0,167.84100000000001,0
6,787,6302,0,0,186.88900000000001,0
6,788,6310,0,0,185.63,0
6,789,6318,0,0,209.149,0
6,790,6326,0,0,159.25200000000001,0
6,791,6334,0,0,179.42599999999999,0
6,792,6342,0,0,137.52099999999999,0
6,793,6350,0,0,157.749,0
6,794,6358,0,0,137.97200000000001,0
6,795,6366,0,0,174.54599999999999,0
6,796,6374,0,0,172.39500000000001,0
6,797,6382,0,0,182.35599999999999,0
6,798,6390,0,0,167.488,0
6,799,6398,0,0,165.572,0
6,800,6406,0,0,180.601,0
6,801,6414,0,0,169.26900000000001,0
6,802,6422,0,0,151.965,0
6,803,6430,0,0,201.18899999999999,0
6,804,6438,0,0,134.06399999999999,0
6,805,6446,0,0,142.179,0
6,806,6454,0,0,190.71100000000001,0
6,807,6462,0,0,178.49100000000001,0
6,808,6470,0,0,195.58199999999999,0
6,809,6478,0,0,177.18000000000001,0
6,810,6486,0,0,185.64099999999999,0
6,811,6494,0,0,185.18100000000001,0
6,812,6502,0,0,164.256,0
6,813,6510,0,0,193.05199999999999,0
6,814,6518,0,0,173.65199999999999,0
6,815,6526,0,0,196.16399999999999,0
6,816,6534,0,0,181.441,0
6,817,6542,0,0,153.05099999999999,0
6,818,6550,0,0,185.524,0
6,819,6558,0,0,168.864,0
6,820,6566,0,0,193.697,0
6,821,6574,0,0,206.10499999999999,0
6,822,6582,0,0,176.124,0
6,823,6590,0,0,157.52000000000001,0
6,824,6598,0,0,211.899,0
6,825,6606,0,0,168.53899999999999,0
6,826,6614,0,0,183.59700000000001,0
6,827,6622,0,0,144.411,0
6,828,6630,0,0,136.75800000000001,0
6,829,6638,0,0,177.02600000000001,0
6,830,6646,0,0,178.19200000000001,0
6,831,6654,0,0,208.99000000000001,0
6,832,6662,0,0,127.872,0
6,833,6670,0,0,149.14099999999999,0
6,834,6678,0,0,153.62700000000001,0
6,835,6686,0,0,167.709,0
6,836,6694,0,0,169.81700000000001,0
6,837,6702,0,0,143.52199999999999,0
6,838,6710,0,0,170.399,0
6,839,6718,0,0,198.80799999999999,0
6,840,6726,0,0,183.761,0
6,841,6734,0,0,215.18100000000001,0
6,842,6742,0,0,220.24600000000001,0
6,843,6750,0,0,189.94499999999999,0
6,844,6758,0,0,166.52699999999999,0
6,845,6766,0,0,171.01400000000001,0
6,846,6774,0,0,140.31299999999999,0
6,847,6782,0,0,210.71899999999999,0
6,848,6790,0,0,137.495,0
6,849,6798,0,0,174.38300000000001,0
6,850,6806,0,0,183.53700000000001,0
6,851,6814,0,0,181.90199999999999,0
6,852,6822,0,0,200.577,0
6,853,6830,0,0,173.12700000000001,0
6,854,6838,0,0,200.92099999999999,0
6,855,6846,0,0,177.286,0
6,856,6854,0,0,178.81200000000001,0
6,857,6862,0,0,214.09100000000001,0
6,858,6870,0,0,134.54900000000001,0
6,859,6878,0,0,167.81399999999999,0
6,860,6886,0,0,176.52699999999999,0
6,861,6894,0,0,189.69900000000001,0
6,862,6902,0,0,184.38499999999999,0
6,863,6910,0,0,142.667,0
6,864,6918,0,0,183.82599999999999,0
6,865,6926,0,0,181.31899999999999,0
6,866,6934,0,0,189.26499999999999,0
6,867,6942,0,0,193.63900000000001,0
6,868,6950,0,0,188.83699999999999,0
6,869,6958,0,0,185.214,0
6,870,6966,0,0,138.922,0
6,871,6974,0,0,204.42599999999999,0
6,872,6982,0,0,177.215,0
6,873,6990,0,0,178.08000000000001,0
6,874,6998,0,0,145.26499999999999,0
6,875,7006,0,0,164.81100000000001,0
6,876,7014,0,0,196.631,0
6,877,7022,0,0,187.495,0
6,878,7030,0,0,177.88900000000001,0
6,879,7038,0,0,145.261,0
6,880,7046,0,0,171.80799999999999,0
6,881,7054,0,0,184.03399999999999,0
6,882,7062,0,0,203.69,0
6,883,7070,0,0,173.351,0
6,884,7078,0,0,159.72800000000001,0
6,885,7086,0,0,154.05600000000001,0
6,886,7094,0,0,166.333,0
6,887,7102,0,0,207.583,0
6,888,7110,0,0,192.20500000000001,0
6,889,7118,0,0,205.57900000000001,0
6,890,7126,0,0,172.08699999999999,0
6,891,7134,0,0,175.054,0
6,892,7142,0,0,159.43199999999999,0
6,893,7150,0,0,154,0
6,894,7158,0,0,176.77600000000001,0
6,895,7166,0,0,202.36099999999999,0
6,896,7174,0,0,114.318,0
6,897,7182,0,0,192.392,0
6,898,7190,0,0,150.76400000000001,0
6,899,7198,0,0,180.101,0
6,900,7206,0,0,165.43899999999999,0
6,901,7214,0,0,145.441,0
6,902,7222,0,0,159.71199999999999,0
6,903,7230,0,0,164.066,0
6,904,7238,0,0,140.648,0
6,905,7246,0,0,144.178,0
6,906,7254,0,0,161.488,0
6,907,7262,0,0,181.03,0
6,908,7270,0,0,177.542,0
6,909,7278,0,0,208.18600000000001,0
6,910,7286,0,0,180.75899999999999,0
6,911,7294,0,0,160.95500000000001,0
6,912,7302,0,0,148.33600000000001,0
6,913,7310,0,0,166.79900000000001,0
6,914,7318,0,0,181.75299999999999,0
6,915,7326,0,0,188.65199999999999,0
6,916,7334,0,0,197.386,0
6,917,7342,0,0,171.191,0
6,918,7350,0,0,157.29300000000001,0
6,919,7358,0,0,180.035,0
6,920,7366,0,0,192.14699999999999,0
6,921,7374,0,0,201.191,0
6,922,7382,0,0,174.52600000000001,0
6,923,7390,0,0,172.76499999999999,0
6,924,7398,0,0,148.691,0
6,925,7406,0,0,160.99299999999999,0
6,926,7414,0,0,173.405,0
6,927,7422,0,0,196.036,0
6,928,7430,0,0,123.917,0
6,929,7438,0,0,192.78999999999999,0
6,930,7446,0,0,164.12200000000001,0
6,931,7454,0,0,177.37700000000001,0
6,932,7462,0,0,176.95599999999999,0
6,933,7470,0,0,206.39099999999999,0
6,934,7478,0,0,175.29300000000001,0
6,935,7486,0,0,168.441,0
6,936,7494,0,0,183.54599999999999,0
6,937,7502,0,0,198.87700000000001,0
6,938,7510,0,0,173.881,0
6,939,7518,0,0,175.02099999999999,0
6,940,7526,0,0,150.465,0
6,941,7534,0,0,185.20500000000001,0
6,942,7542,0,0,196.047,0
6,943,7550,0,0,157.40899999999999,0
6,944,7558,0,0,161.59,0
6,945,7566,0,0,176.58199999999999,0
6,946,7574,0,0,158.64400000000001,0
6,947,7582,0,0,130.51300000000001,0
6,948,7590,0,0,189.04300000000001,0
6,949,7598,0,0,183.88200000000001,0
6,950,7606,0,0,146.36799999999999,0
6,951,7614,0,0,207.78200000000001,0
6,952,7622,0,0,183.23099999999999,0
6,953,7630,0,0,180.095,0
6,954,7638,0,0,153.35400000000001,0
6,955,7646,0,0,197.685,0
6,956,7654,0,0,182.809,0
6,957,7662,0,0,158.96199999999999,0
6,958,7670,0,0,151.489,0
6,959,7678,0,0,168.43799999999999,0
6,960,7686,0,0,135.74100000000001,0
6,961,7694,0,0,183.46899999999999,0
6,962,7702,0,0,180.62899999999999,0
6,963,7710,0,0,196.74000000000001,0
6,964,7718,0,0,114.693,0
6,965,7726,0,0,180.905,0
6,966,7734,0,0,191.40600000000001,0
6,967,7742,0,0,171.65899999999999,0
6,968,7750,0,0,189.524,0
6,969,7758,0,0,161.99199999999999,0
6,970,7766,0,0,166.392,0
6,971,7774,0,0,188.63499999999999,0
6,972,7782,0,0,133.13800000000001,0
6,973,7790,0,0,156.38499999999999,0
6,974,7798,0,0,185.273,0
6,975,7806,0,0,185.809,0
6,976,7814,0,0,184.572,0
6,977,7822,0,0,181.93600000000001,0
6,978,7830,0,0,147.45099999999999,0
6,979,7838,0,0,170.08500000000001,0
6,980,7846,0,0,202.626,0
6,981,7854,0,0,181.02799999999999,0
6,982,7862,0,0,179.03100000000001,0
6,983,7870,0,0,154.32400000000001,0
6,984,7878,0,0,155.08000000000001,0
6,985,7886,0,0,190.554,0
6,986,7894,0,0,202.756,0
6,987,7902,0,0,158.83799999999999,0
6,988,7910,0,0,168.35900000000001,0
6,989,7918,0,0,154.21000000000001,0
6,990,7926,0,0,154.67500000000001,0
6,991,7934,0,0,152.21899999999999,0
6,992,7942,0,0,173.761,0
6,993,7950,0,0,131.48699999999999,0
6,994,7958,0,0,177.40899999999999,0
6,995,7966,0,0,180.56100000000001,0
6,996,7974,0,0,173.511,0
6,997,7982,0,0,156.03899999999999,0
6,998,7990,0,0,158.75200000000001,0
6,999,7998,0,0,175.33699999999999,0
6,1000,8006,0,0,185.88999999999999,0
6,1001,8014,0,0,196.23599999999999,0
6,1002,8022,0,0,208.56299999999999,0
6,1003,8030,0,0,175.11199999999999,0
6,1004,8038,0,0,194.41800000000001,0
6,1005,8046,0,0,181.14599999999999,0
6,1006,8054,0,0,188.53299999999999,0
6,1007,8062,0,0,170.137,0
6,1008,8070,0,0,175.28299999999999,0
6,1009,8078,0,0,185.47900000000001,0
6,1010,8086,0,0,183.709,0
6,1011,8094,0,0,164.21100000000001,0
6,1012,8102,0,0,175.191,0
6,1013,8110,0,0,183.60900000000001,0
6,1014,8118,0,0,179.70699999999999,0
6,1015,8126,0,0,158.84999999999999,0
6,1016,8134,0,0,144.898,0
6,1017,8142,0,0,193.34299999999999,0
6,1018,8150,0,0,203.12,0
6,1019,8158,0,0,176.28899999999999,0
6,1020,8166,0,0,136.012,0
6,1021,8174,0,0,132.74100000000001,0
6,1022,8182,0,0,177.255,0
6,1023,8190,0,0,189.18299999999999,0
6,1024,8198,0,0,145.62299999999999,0
6,1025,8206,0,0,129.12,0
6,1026,8214,0,0,175.96299999999999,0
6,1027,8222,0,0,169.27099999999999,0
6,1028,8230,0,0,204.58099999999999,0
6,1029,8238,0,0,197.32900000000001,0
6,1030,8246,0,0,163.27799999999999,0
6,1031,8254,0,0,180.756,0
6,1032,8262,0,0,182.47,0
6,1033,8270,0,0,159.54499999999999,0
6,1034,8278,0,0,158.69,0
6,1035,8286,0,0,157.98599999999999,0
6,1036,8294,0,0,147.62200000000001,0
6,1037,8302,0,0,156.346,0
6,1038,8310,0,0,179.95099999999999,0
6,1039,8318,0,0,175.203,0
6,1040,8326,0,0,153.17599999999999,0
6,1041,8334,0,0,152.19800000000001,0
6,1042,8342,0,0,166.90899999999999,0
6,1043,8350,0,0,117.371,0
6,1044,8358,0,0,173.523,0
6,1045,8366,0,0,178.577,0
6,1046,8374,0,0,179.32599999999999,0
6,1047,8382,0,0,203.161,0
6,1048,8390,0,0,178.88999999999999,0
6,1049,8398,0,0,177.22900000000001,0
6,1050,8406,0,0,128.29900000000001,0
6,1051,8414,0,0,182.256,0
6,1052,8422,0,0,180.00200000000001,0
6,1053,8430,0,0,192.697,0
6,1054,8438,0,0,196.59200000000001,0
6,1055,8446,0,0,156.50800000000001,0
6,1056,8454,0,0,133.31,0
6,1057,8462,0,0,195.47399999999999,0
6,1058,8470,0,0,133.25299999999999,0
6,1059,8478,0,0,188.91499999999999,0
6,1060,8486,0,0,158.209,0
6,1061,8494,0,0,161.05099999999999,0
6,1062,8502,0,0,187.363,0
6,1063,8510,0,0,193.19300000000001,0
6,1064,8518,0,0,139.345,0
6,1065,8526,0,0,150.541,0
6,1066,8534,0,0,179.15100000000001,0
6,1067,8542,0,0,175.34200000000001,0
6,1068,8550,0,0,171.13999999999999,0
6,1069,8558,0,0,173.98699999999999,0
6,1070,8566,0,0,189.99000000000001,0
6,1071,8574,0,0,196.95500000000001,0
6,1072,8582,0,0,172.745,0
6,1073,8590,0,0,189.958,0
6,1074,8598,0,0,177.13800000000001,0
6,1075,8606,0,0,132.39699999999999,0
6,1076,8614,0,0,143.03399999999999,0
6,1077,8622,0,0,180.94300000000001,0
6,1078,8630,0,0,163.542,0
6,1079,8638,0,0,171.471,0
6,1080,8646,0,0,196.648,0
6,1081,8654,0,0,186.30799999999999,0
6,1082,8662,0,0,151.11699999999999,0
6,1083,8670,0,0,200.99100000000001,0
6,1084,8678,0,0,172.78100000000001,0
6,1085,8686,0,0,192.50700000000001,0
6,1086,8694,0,0,179.672,0
6,1087,8702,0,0,163.61500000000001,0
6,1088,8710,0,0,163.673,0
6,1089,8718,0,0,189.11699999999999,0
6,1090,8726,0,0,179.999,0
6,1091,8734,0,0,173.44999999999999,0
6,1092,8742,0,0,156.93100000000001,0
6,1093,8750,0,0,179.845,0
6,1094,8758,0,0,159.38300000000001,0
6,1095,8766,0,0,180.499,0
6,1096,8774,0,0,233.83199999999999,0
6,1097,8782,0,0,174.191,0
6,1098,8790,0,0,163.20400000000001,0
6,1099,8798,0,0,185.47999999999999,0
6,1100,8806,0,0,180.261,0
6,1101,8814,0,0,155.233,0
6,1102,8822,0,0,180.09700000000001,0
6,1103,8830,0,0,157.893,0
6,1104,8838,0,0,181.732,0
6,1105,8846,0,0,174.72800000000001,0
6,1106,8854,0,0,159.25200000000001,0
6,1107,8862,0,0,173.21899999999999,0
6,1108,8870,0,0,190.714,0
6,1109,8878,0,0,177.982,0
6,1110,8886,0,0,197.79400000000001,0
6,1111,8894,0,0,167.94200000000001,0
6,1112,8902,0,0,197.756,0
6,1113,8910,0,0,176.63300000000001,0
6,1114,8918,0,0,156.90299999999999,0
6,1115,8926,0,0,170.31700000000001,0
6,1116,8934,0,0,172.25899999999999,0
6,1117,8942,0,0,184.23099999999999,0
6,1118,8950,0,0,176.76400000000001,0
6,1119,8958,0,0,186.74100000000001,0
6,1120,8966,0,0,175.02000000000001,0
6,1121,8974,0,0,174.179,0
6,1122,8982,0,0,171.56999999999999,0
6,1123,8990,0,0,133.66200000000001,0
6,1124,8998,0,0,160.91800000000001,0
6,1125,9006,0,0,174.47900000000001,0
6,1126,9014,0,0,170.65100000000001,0
6,1127,9022,0,0,179.05600000000001,0
6,1128,9030,0,0,192.501,0
6,1129,9038,0,0,180.41399999999999,0
6,1130,9046,0,0,178.529,0
6,1131,9054,0,0,171.626,0
6,1132,9062,0,0,193.875,0
6,1133,9070,0,0,186.92599999999999,0
6,1134,9078,0,0,162.24600000000001,0
6,1135,9086,0,0,146.57499999999999,0
6,1136,9094,0,0,187.239,0
6,1137,9102,0,0,189.42400000000001,0
6,1138,9110,0,0,196.71100000000001,0
6,1139,9118,0,0,169.416,0
6,1140,9126,0,0,168.10900000000001,0
6,1141,9134,0,0,166.464,0
6,1142,9142,0,0,150.803,0
6,1143,9150,0,0,138.078,0
6,1144,9158,0,0,185.15899999999999,0
6,1145,9166,0,0,192.81399999999999,0
6,1146,9174,0,0,162.97900000000001,0
6,1147,9182,0,0,171.64400000000001,0
6,1148,9190,0,0,186.04599999999999,0
6,1149,9198,0,0,174.649,0
6,1150,9206,0,0,183.14699999999999,0
6,1151,9214,0,0,178.43000000000001,0
6,1152,9222,0,0,216.26900000000001,0
6,1153,9230,0,0,179.364,0
6,1154,9238,0,0,150.642,0
6,1155,9246,0,0,188.435,0
6,1156,9254,0,0,172.56999999999999,0
6,1157,9262,0,0,181.32400000000001,0
6,1158,9270,0,0,174.33799999999999,0
6,1159,9278,0,0,186.99000000000001,0
6,1160,9286,0,0,153.48400000000001,0
6,1161,9294,0,0,151.476,0
6,1162,9302,0,0,178.39400000000001,0
6,1163,9310,0,0,153.018,0
6,1164,9318,0,0,174.94200000000001,0
6,1165,9326,0,0,162.06100000000001,0
6,1166,9334,0,0,189.09299999999999,0
6,1167,9342,0,0,176.94999999999999,0
6,1168,9350,0,0,155.77099999999999,0
6,1169,9358,0,0,175.428,0
6,1170,9366,0,0,152.67099999999999,0
6,1171,9374,0,0,208.09999999999999,0
6,1172,9382,0,0,171.23599999999999,0
6,1173,9390,0,0,194.804,0
6,1174,9398,0,0,208.01900000000001,0
6,1175,9406,0,0,176.86699999999999,0
6,1176,9414,0,0,175.035,0
6,1177,9422,0,0,117.786,0
6,1178,9430,0,0,148.98699999999999,0
6,1179,9438,0,0,155.429,0
6,1180,9446,0,0,200.11699999999999,0
6,1181,9454,0,0,160.93100000000001,0
6,1182,9462,0,0,170.22999999999999,0
6,1183,9470,0,0,191.93899999999999,0
6,1184,9478,0,0,142.84999999999999,0
6,1185,9486,0,0,177.68899999999999,0
6,1186,9494,0,0,188.77199999999999,0
6,1187,9502,0,0,180.572,0
6,1188,9510,0,0,130.274,0
6,1189,9518,0,0,198.005,0
6,1190,9526,0,0,160.756,0
6,1191,9534,0,0,127.926,0
6,1192,9542,0,0,159.72300000000001,0
6,1193,9550,0,0,188.898,0
6,1194,9558,0,0,173.89500000000001,0
6,1195,9566,0,0,203.173,0
6,1196,9574,0,0,170.804,0
6,1197,9582,0,0,150.495,0
6,1198,9590,0,0,175.98699999999999,0
6,1199,9598,0,0,180.71899999999999,0
6,1200,9606,0,0,183.417,0
6,1201,9614,0,0,179.59700000000001,0
6,1202,9622,0,0,164.81399999999999,0
6,1203,9630,0,0,173.30099999999999,0
6,1204,9638,0,0,201.959,0
6,1205,9646,0,0,182.13200000000001,0
6,1206,9654,0,0,176.16999999999999,0
6,1207,9662,0,0,162.869,0
6,1208,9670,0,0,191.84999999999999,0
6,1209,9678,0,0,190.58099999999999,0
6,1210,9686,0,0,199.023,0
6,1211,9694,0,0,200.63499999999999,0
6,1212,9702,0,0,197.02699999999999,0
6,1213,9710,0,0,179.83600000000001,0
6,1214,9718,0,0,206.113,0
6,1215,9726,0,0,178.83000000000001,0
6,1216,9734,0,0,171.03200000000001,0
6,1217,9742,0,0,194.28299999999999,0
6,1218,9750,0,0,197.108,0
6,1219,9758,0,0,168.72,0
6,1220,9766,0,0,209.72999999999999,0
6,1221,9774,0,0,190.65100000000001,0
6,1222,9782,0,0,177.78200000000001,0
6,1223,9790,0,0,153.637,0
6,1224,9798,0,0,139.67500000000001,0
6,1225,9806,0,0,183.875,0
6,1226,9814,0,0,158.26900000000001,0
6,1227,9822,0,0,198.136,0
6,1228,9830,0,0,200.40000000000001,0
6,1229,9838,0,0,179.74199999999999,0
6,1230,9846,0,0,193.70699999999999,0
6,1231,9854,0,0,175.17500000000001,0
6,1232,9862,0,0,181.035,0
6,1233,9870,0,0,162.98099999999999,0
6,1234,9878,0,0,125.55500000000001,0
6,1235,9886,0,0,185.67400000000001,0
6,1236,9894,0,0,146.59700000000001,0
6,1237,9902,0,0,131.667,0
6,1238,9910,0,0,133.09399999999999,0
6,1239,9918,0,0,162.946,0
6,1240,9926,0,0,177.36799999999999,0
6,1241,9934,0,0,167.054,0
6,1242,9942,0,0,138.48599999999999,0
6,1243,9950,0,0,149.89699999999999,0
6,1244,9958,0,0,174.875,0
6,1245,9966,0,0,205.16999999999999,0
6,1246,9974,0,0,196.97300000000001,0
6,1247,9982,0,0,161.15799999999999,0
6,1248,9990,0,0,181.49700000000001,0
6,1249,9998,0,0,182.501,0
6,1250,10006,0,0,154.089,0
6,1251,10014,0,0,193.535,0
6,1252,10022,0,0,175.535,0
6,1253,10030,0,0,194.679,0
6,1254,10038,0,0,187.08799999999999,0
6,1255,10046,0,0,176.45099999999999,0
6,1256,10054,0,0,167.57599999999999,0
6,1257,10062,0,0,167.91,0
6,1258,10070,0,0,207.047,0
6,1259,10078,0,0,182.04599999999999,0
6,1260,10086,0,0,214.08699999999999,0
6,1261,10094,0,0,174.13200000000001,0
6,1262,10102,0,0,173.01300000000001,0
6,1263,10110,0,0,175.23699999999999,0
6,1264,10118,0,0,195.48599999999999,0
6,1265,10126,0,0,167.02500000000001,0
6,1266,10134,0,0,165.613,0
6,1267,10142,0,0,184.72999999999999,0
6,1268,10150,0,0,183.69200000000001,0
6,1269,10158,0,0,151.30099999999999,0
6,1270,10166,0,0,185.71799999999999,0
6,1271,10174,0,0,171.63999999999999,0
6,1272,10182,0,0,130.673,0
6,1273,10190,0,0,165.18799999999999,0
6,1274,10198,0,0,173.17699999999999,0
6,1275,10206,0,0,192.33600000000001,0
6,1276,10214,0,0,168.298,0
6,1277,10222,0,0,174.40000000000001,0
6,1278,10230,0,0,126.77800000000001,0
6,1279,10238,0,0,164.54599999999999,0
6,1280,10246,0,0,166.583,0
6,1281,10254,0,0,163.77199999999999,0
6,1282,10262,0,0,156.99700000000001,0
6,1283,10270,0,0,200.70599999999999,0
6,1284,10278,0,0,180.751,0
6,1285,10286,0,0,143.31700000000001,0
6,1286,10294,0,0,199.328,0
6,1287,10302,0,0,177.97900000000001,0
6,1288,10310,0,0,155.98500000000001,0
6,1289,10318,0,0,210.35300000000001,0
6,1290,10326,0,0,164.797,0
6,1291,10334,0,0,179.41999999999999,0
6,1292,10342,0,0,190.65700000000001,0
6,1293,10350,0,0,188.31899999999999,0
6,1294,10358,0,0,165.64099999999999,0
6,1295,10366,0,0,163.976,0
6,1296,10374,0,0,175.77199999999999,0
6,1297,10382,0,0,171.78,0
6,1298,10390,0,0,187.815,0
6,1299,10398,0,0,192.99299999999999,0
6,1300,10406,0,0,195.81299999999999,0
6,1301,10414,0,0,177.02000000000001,0
6,1302,10422,0,0,197.77600000000001,0
6,1303,10430,0,0,183.66900000000001,0
6,1304,10438,0,0,174.69399999999999,0
6,1305,10446,0,0,170.31200000000001,0
6,1306,10454,0,0,197.977,0
6,1307,10462,0,0,191.25800000000001,0
6,1308,10470,0,0,172.79599999999999,0
6,1309,10478,0,0,185.684,0
6,1310,10486,0,0,190.00899999999999,0
6,1311,10494,0,0,175.03200000000001,0
6,1312,10502,0,0,179.99799999999999,0
6,1313,10510,0,0,113.889,0
6,1314,10518,0,0,125.283,0
6,1315,10526,0,0,184.23099999999999,0
6,1316,10534,0,0,160.53999999999999,0
6,1317,10542,0,0,134.77600000000001,0
6,1318,10550,0,0,157.34399999999999,0
6,1319,10558,0,0,178.08699999999999,0
6,1320,10566,0,0,183.04499999999999,0
6,1321,10574,0,0,161.33199999999999,0
6,1322,10582,0,0,172.22300000000001,0
6,1323,10590,0,0,172.43199999999999,0
6,1324,10598,0,0,179.30600000000001,0
6,1325,10606,0,0,184.30199999999999,0
6,1326,10614,0,0,178.017,0
6,1327,10622,0,0,203.01900000000001,0
6,1328,10630,0,0,175.01499999999999,0
6,1329,10638,0,0,193.084,0
6,1330,10646,0,0,194.714,0
6,1331,10654,0,0,187.255,0
6,1332,10662,0,0,202.405,0
6,1333,10670,0,0,162.05099999999999,0
6,1334,10678,0,0,129.54400000000001,0
6,1335,10686,0,0,173.97499999999999,0
6,1336,10694,0,0,199.84399999999999,0
6,1337,10702,0,0,189.14400000000001,0
6,1338,10710,0,0,154.547,0
6,1339,10718,0,0,176.38900000000001,0
6,1340,10726,0,0,169.32900000000001,0
6,1341,10734,0,0,188.61799999999999,0
6,1342,10742,0,0,190.267,0
6,1343,10750,0,0,187.11699999999999,0
6,1344,10758,0,0,186.03800000000001,0
6,1345,10766,0,0,189.27799999999999,0
6,1346,10774,0,0,166.059,0
6,1347,10782,0,0,190.33199999999999,0
6,1348,10790,0,0,141.142,0
6,1349,10798,0,0,180.547,0
6,1350,10806,0,0,222.22,0
6,1351,10814,0,0,191.81200000000001,0
6,1352,10822,0,0,185.197,0
6,1353,10830,0,0,157.99299999999999,0
6,1354,10838,0,0,169.03100000000001,0
6,1355,10846,0,0,203.23099999999999,0
6,1356,10854,0,0,164.47399999999999,0
6,1357,10862,0,0,198.34100000000001,0
6,1358,10870,0,0,195.744,0
6,1359,10878,0,0,186.72999999999999,0
6,1360,10886,0,0,147.57300000000001,0
6,1361,10894,0,0,156.57300000000001,0
6,1362,10902,0,0,184.744,0
6,1363,10910,0,0,161.083,0
6,1364,10918,0,0,191.88900000000001,0
6,1365,10926,0,0,185.46600000000001,0
6,1366,10934,0,0,171.63900000000001,0
6,1367,10942,0,0,181.86799999999999,0
6,1368,10950,0,0,210.922,0
6,1369,10958,0,0,160.78200000000001,0
6,1370,10966,0,0,152.60499999999999,0
6,1371,10974,0,0,175.50200000000001,0
6,1372,10982,0,0,172.69800000000001,0
6,1373,10990,0,0,164.03700000000001,0
6,1374,10998,0,0,165.79499999999999,0
6,1375,11006,0,0,187.77799999999999,0
6,1376,11014,0,0,178.91399999999999,0
6,1377,11022,0,0,170.483,0
6,1378,11030,0,0,185.328,0
6,1379,11038,0,0,161.876,0
6,1380,11046,0,0,147.922,0
6,1381,11054,0,0,156.934,0
6,1382,11062,0,0,134.422,0
6,1383,11070,0,0,187.13999999999999,0
6,1384,11078,0,0,177.70400000000001,0
6,1385,11086,0,0,149.11699999999999,0
6,1386,11094,0,0,189.96100000000001,0
6,1387,11102,0,0,155.583,0
6,1388,11110,0,0,204.08600000000001,0
6,1389,11118,0,0,199.03399999999999,0
6,1390,11126,0,0,173.08799999999999,0
6,1391,11134,0,0,192.53100000000001,0
6,1392,11142,0,0,129.38499999999999,0
6,1393,11150,0,0,197.952,0
6,1394,11158,0,0,187.691,0
6,1395,11166,0,0,136.40199999999999,0
6,1396,11174,0,0,171.279,0
6,1397,11182,0,0,194.62200000000001,0
6,1398,11190,0,0,180.62100000000001,0
6,1399,11198,0,0,172.95099999999999,0
6,1400,11206,0,0,196.61099999999999,0
6,1401,11214,0,0,201.113,0
6,1402,11222,0,0,208.17099999999999,0
6,1403,11230,0,0,181.084,0
6,1404,11238,0,0,205.86099999999999,0
6,1405,11246,0,0,174.00999999999999,0
6,1406,11254,0,0,196.21799999999999,0
6,1407,11262,0,0,197.20099999999999,0
6,1408,11270,0,0,198.767,0
6,1409,11278,0,0,183.55600000000001,0
6,1410,11286,0,0,194.65799999999999,0
6,1411,11294,0,0,184.655,0
6,1412,11302,0,0,126.64400000000001,0
6,1413,11310,0,0,187.375,0
6,1414,11318,0,0,154.672,0
6,1415,11326,0,0,137.30799999999999,0
6,1416,11334,0,0,187.864,0
6,1417,11342,0,0,168.82900000000001,0
6,1418,11350,0,0,185.786,0
6,1419,11358,0,0,156.72499999999999,0
6,1420,11366,0,0,201.726,0
6,1421,11374,0,0,164.328,0
6,1422,11382,0,0,198.328,0
6,1423,11390,0,0,191.03899999999999,0
6,1424,11398,0,0,174.001,0
6,1425,11406,0,0,189.47300000000001,0
6,1426,11414,0,0,142.50700000000001,0
6,1427,11422,0,0,202.08699999999999,0
6,1428,11430,0,0,187.68199999999999,0
6,1429,11438,0,0,195.20500000000001,0
6,1430,11446,0,0,195.12,0
6,1431,11454,0,0,130.86500000000001,0
6,1432,11462,0,0,156.57400000000001,0
6,1433,11470,0,0,187.47200000000001,0
6,1434,11478,0,0,206.054,0
6,1435,11486,0,0,149.892,0
6,1436,11494,0,0,193.28100000000001,0
6,1437,11502,0,0,184.59,0
6,1438,11510,0,0,190.34299999999999,0
6,1439,11518,0,0,126.526,0
6,1440,11526,0,0,166.51300000000001,0
6,1441,11534,0,0,138.69,0
6,1442,11542,0,0,184.52000000000001,0
6,1443,11550,0,0,169.751,0
6,1444,11558,0,0,143.316,0
6,1445,11566,0,0,154.14099999999999,0
6,1446,11574,0,0,169.57400000000001,0
6,1447,11582,0,0,197.75700000000001,0
6,1448,11590,0,0,196.13300000000001,0
6,1449,11598,0,0,199.05799999999999,0
6,1450,11606,0,0,188.916,0
6,1451,11614,0,0,183.791,0
6,1452,11622,0,0,191.90799999999999,0
6,1453,11630,0,0,196.38399999999999,0
6,1454,11638,0,0,163.809,0
6,1455,11646,0,0,194.33500000000001,0
6,1456,11654,0,0,186.75700000000001,0
6,1457,11662,0,0,192.339,0
6,1458,11670,0,0,201.48099999999999,0
6,1459,11678,0,0,178.809,0
6,1460,11686,0,0,180.83000000000001,0
6,1461,11694,0,0,172.18100000000001,0
6,1462,11702,0,0,156.94399999999999,0
6,1463,11710,0,0,201.97300000000001,0
6,1464,11718,0,0,185.69499999999999,0
6,1465,11726,0,0,150.29300000000001,0
6,1466,11734,0,0,183.84299999999999,0
6,1467,11742,0,0,180.34800000000001,0
6,1468,11750,0,0,173.88200000000001,0
6,1469,11758,0,0,163.92099999999999,0
6,1470,11766,0,0,199.483,0
6,1471,11774,0,0,176.059,0
6,1472,11782,0,0,179.12,0
6,1473,11790,0,0,134.49799999999999,0
6,1474,11798,0,0,170.41900000000001,0
6,1475,11806,0,0,200.13399999999999,0
6,1476,11814,0,0,195.46700000000001,0
6,1477,11822,0,0,187.16200000000001,0
6,1478,11830,0,0,169.411,0
6,1479,11838,0,0,164.096,0
6,1480,11846,0,0,164.328,0
6,1481,11854,0,0,188.49100000000001,0
6,1482,11862,0,0,200.90199999999999,0
6,1483,11870,0,0,179.55600000000001,0
6,1484,11878,0,0,173.05699999999999,0
6,1485,11886,0,0,144.51300000000001,0
6,1486,11894,0,0,180.886,0
6,1487,11902,0,0,184.21100000000001,0
6,1488,11910,0,0,116.066,0
6,1489,11918,0,0,185.982,0
6,1490,11926,0,0,178.422,0
6,1491,11934,0,0,157.86600000000001,0
6,1492,11942,0,0,174.31999999999999,0
6,1493,11950,0,0,174.44300000000001,0
6,1494,11958,0,0,146.54599999999999,0
6,1495,11966,0,0,172.137,0
6,1496,11974,0,0,186.542,0
6,1497,11982,0,0,158.95699999999999,0
6,1498,11990,0,0,185.72300000000001,0
6,1499,11998,0,0,174.78700000000001,0
6,1500,12006,0,0,126.012,0
6,1501,12014,0,0,162.41,0
6,1502,12022,0,0,169.96700000000001,0
6,1503,12030,0,0,162.21700000000001,0
6,1504,12038,0,0,199.80000000000001,0
6,1505,12046,0,0,153.03999999999999,0
6,1506,12054,0,0,202.239,0
6,1507,12062,0,0,172.529,0
6,1508,12070,0,0,170.04499999999999,0
6,1509,12078,0,0,147.06999999999999,0
6,1510,12086,0,0,193.00200000000001,0
6,1511,12094,0,0,190.19900000000001,0
6,1512,12102,0,0,163.518,0
6,1513,12110,0,0,191.875,0
6,1514,12118,0,0,182.81700000000001,0
6,1515,12126,0,0,202.119,0
6,1516,12134,0,0,190.97499999999999,0
6,1517,12142,0,0,150.08799999999999,0
6,1518,12150,0,0,188.13300000000001,0
6,1519,12158,0,0,243.49600000000001,0
6,1520,12166,0,0,196.13200000000001,0
6,1521,12174,0,0,187.61799999999999,0
6,1522,12182,0,0,179.51400000000001,0
6,1523,12190,0,0,176.285,0
6,1524,12198,0,0,191.40899999999999,0
6,1525,12206,0,0,120.804,0
6,1526,12214,0,0,184.63,0
6,1527,12222,0,0,144.251,0
6,1528,12230,0,0,204.386,0
6,1529,12238,0,0,164.97300000000001,0
6,1530,12246,0,0,151.72300000000001,0
6,1531,12254,0,0,202.892,0
6,1532,12262,0,0,162.78100000000001,0
6,1533,12270,0,0,174.779,0
6,1534,12278,0,0,192.62200000000001,0
6,1535,12286,0,0,157.535,0
6,1536,12294,0,0,162.001,0
6,1537,12302,0,0,201.22300000000001,0
6,1538,12310,0,0,184.631,0
6,1539,12318,0,0,172.94900000000001,0
6,1540,12326,0,0,198.602,0
6,1541,12334,0,0,189.66499999999999,0
6,1542,12342,0,0,182.96700000000001,0
6,1543,12350,0,0,184.328,0
6,1544,12358,0,0,174.38800000000001,0
6,1545,12366,0,0,148.821,0
6,1546,12374,0,0,154.178,0
6,1547,12382,0,0,188.40899999999999,0
6,1548,12390,0,0,178.101,0
6,1549,12398,0,0,178.946,0
6,1550,12406,0,0,181.71700000000001,0
6,1551,12414,0,0,164.29300000000001,0
6,1552,12422,0,0,158.023,0
6,1553,12430,0,0,167.595,0
6,1554,12438,0,0,166.98599999999999,0
6,1555,12446,0,0,152.71700000000001,0
6,1556,12454,0,0,177.61199999999999,0
6,1557,12462,0,0,133.334,0
6,1558,12470,0,0,131.16499999999999,0
6,1559,12478,0,0,176.49299999999999,0
6,1560,12486,0,0,147.887,0
6,1561,12494,0,0,171.91300000000001,0
6,1562,12502,0,0,177.18600000000001,0
6,1563,12510,0,0,172.52699999999999,0
6,1564,12518,0,0,143.54400000000001,0
6,1565,12526,0,0,169.50399999999999,0
6,1566,12534,0,0,178.93100000000001,0
6,1567,12542,0,0,191.839,0
6,1568,12550,0,0,202.61600000000001,0
6,1569,12558,0,0,184.69800000000001,0
6,1570,12566,0,0,196.48099999999999,0
6,1571,12574,0,0,157.79499999999999,0
6,1572,12582,0,0,198.73400000000001,0
6,1573,12590,0,0,205.52699999999999,0
6,1574,12598,0,0,193.071,0
6,1575,12606,0,0,164.214,0
6,1576,12614,0,0,193.44,0
6,1577,12622,0,0,153.58799999999999,0
6,1578,12630,0,0,178.97800000000001,0
6,1579,12638,0,0,187.90199999999999,0
6,1580,12646,0,0,191.46199999999999,0
6,1581,12654,0,0,199.97900000000001,0
6,1582,12662,0,0,195.541,0
6,1583,12670,0,0,146.06200000000001,0
6,1584,12678,0,0,181.42400000000001,0
6,1585,12686,0,0,183.166,0
6,1586,12694,0,0,152.90199999999999,0
6,1587,12702,0,0,169.011,0
6,1588,12710,0,0,159.85400000000001,0
6,1589,12718,0,0,186.59700000000001,0
6,1590,12726,0,0,185.04499999999999,0
6,1591,12734,0,0,187.39599999999999,0
6,1592,12742,0,0,178.803,0
6,1593,12750,0,0,174.86000000000001,0
6,1594,12758,0,0,136.136,0
6,1595,12766,0,0,185.19999999999999,0
6,1596,12774,0,0,169.25200000000001,0
6,1597,12782,0,0,143.071,0
6,1598,12790,0,0,115.30200000000001,0
6,1599,12798,0,0,186.49799999999999,0
6,1600,12806,0,0,125.639,0
6,1601,12814,0,0,189.14500000000001,0
6,1602,12822,0,0,193.05199999999999,0
6,1603,12830,0,0,162.74100000000001,0
6,1604,12838,0,0,186.69900000000001,0
6,1605,12846,0,0,206.666,0
6,1606,12854,0,0,170.31399999999999,0
6,1607,12862,0,0,160.62299999999999,0
6,1608,12870,0,0,165.768,0
6,1609,12878,0,0,148.71000000000001,0
6,1610,12886,0,0,165.71799999999999,0
6,1611,12894,0,0,139.42699999999999,0
6,1612,12902,0,0,180.143,0
6,1613,12910,0,0,155.66,0
6,1614,12918,0,0,151.13300000000001,0
6,1615,12926,0,0,182.61699999999999,0
6,1616,12934,0,0,187.39500000000001,0
6,1617,12942,0,0,156.91900000000001,0
6,1618,12950,0,0,181.322,0
6,1619,12958,0,0,154.048,0
6,1620,12966,0,0,232.119,0
6,1621,12974,0,0,191.16300000000001,0
6,1622,12982,0,0,191.06800000000001,0
6,1623,12990,0,0,160.22399999999999,0
6,1624,12998,0,0,197.149,0
6,1625,13006,0,0,164.41800000000001,0
6,1626,13014,0,0,194.66499999999999,0
6,1627,13022,0,0,123.84099999999999,0
6,1628,13030,0,0,127.887,0
6,1629,13038,0,0,208.44399999999999,0
6,1630,13046,0,0,178.53,0
6,1631,13054,0,0,131.756,0
6,1632,13062,0,0,195.05699999999999,0
6,1633,13070,0,0,195.67099999999999,0
6,1634,13078,0,0,167.75299999999999,0
6,1635,13086,0,0,159.77500000000001,0
6,1636,13094,0,0,195.976,0
6,1637,13102,0,0,170.83799999999999,0
6,1638,13110,0,0,194.10900000000001,0
6,1639,13118,0,0,179.72200000000001,0
6,1640,13126,0,0,164.38999999999999,0
6,1641,13134,0,0,175.077,0
6,1642,13142,0,0,183.55000000000001,0
6,1643,13150,0,0,134.03399999999999,0
6,1644,13158,0,0,186.131,0
6,1645,13166,0,0,171.483,0
6,1646,13174,0,0,194.94399999999999,0
6,1647,13182,0,0,121.095,0
6,1648,13190,0,0,171.733,0
6,1649,13198,0,0,188.226,0
6,1650,13206,0,0,180.31399999999999,0
6,1651,13214,0,0,179.49799999999999,0
6,1652,13222,0,0,156.56800000000001,0
6,1653,13230,0,0,160.864,0
6,1654,13238,0,0,178.37899999999999,0
6,1655,13246,0,0,164.59299999999999,0
6,1656,13254,0,0,136.21199999999999,0
6,1657,13262,0,0,182.38200000000001,0
6,1658,13270,0,0,166.03,0
6,1659,13278,0,0,192.215,0
6,1660,13286,0,0,180.464,0
6,1661,13294,0,0,193.92099999999999,0
6,1662,13302,0,0,156.45099999999999,0
6,1663,13310,0,0,178.74700000000001,0
6,1664,13318,0,0,145.59899999999999,0
6,1665,13326,0,0,152.87100000000001,0
6,1666,13334,0,0,172.39599999999999,0
6,1667,13342,0,0,180.03899999999999,0
6,1668,13350,0,0,171.18199999999999,0
6,1669,13358,0,0,179.423,0
6,1670,13366,0,0,178.423,0
6,1671,13374,0,0,167.268,0
6,1672,13382,0,0,186.47900000000001,0
6,1673,13390,0,0,170.18199999999999,0
6,1674,13398,0,0,162.077,0
6,1675,13406,0,0,166.58000000000001,0
6,1676,13414,0,0,123.852,0
6,1677,13422,0,0,193.93600000000001,0
6,1678,13430,0,0,171.149,0
6,1679,13438,0,0,184.15299999999999,0
6,1680,13446,0,0,114.056,0
6,1681,13454,0,0,179.16200000000001,0
6,1682,13462,0,0,189.40199999999999,0
6,1683,13470,0,0,178.82599999999999,0
6,1684,13478,0,0,161.94300000000001,0
6,1685,13486,0,0,192.34700000000001,0
6,1686,13494,0,0,170.94999999999999,0
6,1687,13502,0,0,192.584,0
6,1688,13510,0,0,219.99799999999999,0
6,1689,13518,0,0,178.60499999999999,0
6,1690,13526,0,0,153.51499999999999,0
6,1691,13534,0,0,198.917,0
6,1692,13542,0,0,166.297,0
6,1693,13550,0,0,164.124,0
6,1694,13558,0,0,185.37299999999999,0
6,1695,13566,0,0,178.71100000000001,0
6,1696,13574,0,0,144.035,0
6,1697,13582,0,0,161.15799999999999,0
6,1698,13590,0,0,184.95400000000001,0
6,1699,13598,0,0,182.846,0
6,1700,13606,0,0,188.73400000000001,0
6,1701,13614,0,0,135.14500000000001,0
6,1702,13622,0,0,161.55699999999999,0
6,1703,13630,0,0,180.351,0
6,1704,13638,0,0,191.607,0
6,1705,13646,0,0,154.904,0
6,1706,13654,0,0,140.929,0
6,1707,13662,0,0,177.54900000000001,0
6,1708,13670,0,0,182.679,0
6,1709,13678,0,0,181.25299999999999,0
6,1710,13686,0,0,172.70500000000001,0
6,1711,13694,0,0,188.39500000000001,0
6,1712,13702,0,0,185.91300000000001,0
6,1713,13710,0,0,184.196,0
6,1714,13718,0,0,164.06100000000001,0
6,1715,13726,0,0,183.94300000000001,0
6,1716,13734,0,0,186.87100000000001,0
6,1717,13742,0,0,180.191,0
6,1718,13750,0,0,171.87899999999999,0
6,1719,13758,0,0,168.523,0
6,1720,13766,0,0,153.12,0
6,1721,13774,0,0,175.63300000000001,0
6,1722,13782,0,0,174.113,0
6,1723,13790,0,0,148.47,0
6,1724,13798,0,0,200.03,0
6,1725,13806,0,0,170.977,0
6,1726,13814,0,0,192.90299999999999,0
6,1727,13822,0,0,194.08600000000001,0
6,1728,13830,0,0,135.739,0
6,1729,13838,0,0,198.012,0
6,1730,13846,0,0,187.42099999999999,0
6,1731,13854,0,0,140.41800000000001,0
6,1732,13862,0,0,157.887,0
6,1733,13870,0,0,155.46199999999999,0
6,1734,13878,0,0,203.42099999999999,0
6,1735,13886,0,0,197.661,0
6,1736,13894,0,0,170.976,0
6,1737,13902,0,0,176.518,0
6,1738,13910,0,0,176.607,0
6,1739,13918,0,0,145.18100000000001,0
6,1740,13926,0,0,191.96799999999999,0
6,1741,13934,0,0,182.81299999999999,0
6,1742,13942,0,0,180.63,0
6,1743,13950,0,0,188.07499999999999,0
6,1744,13958,0,0,164.78800000000001,0
6,1745,13966,0,0,198.23500000000001,0
6,1746,13974,0,0,165.68000000000001,0
6,1747,13982,0,0,156.423,0
6,1748,13990,0,0,144.28200000000001,0
6,1749,13998,0,0,150.79599999999999,0
6,1750,14006,0,0,150.68799999999999,0
6,1751,14014,0,0,165.42099999999999,0
6,1752,14022,0,0,197.19499999999999,0
6,1753,14030,0,0,206.28899999999999,0
6,1754,14038,0,0,196.16,0
6,1755,14046,0,0,125.03,0
6,1756,14054,0,0,194.203,0
6,1757,14062,0,0,181.875,0
6,1758,14070,0,0,172.81299999999999,0
6,1759,14078,0,0,155.49000000000001,0
6,1760,14086,0,0,183.572,0
6,1761,14094,0,0,156.351,0
6,1762,14102,0,0,168.25999999999999,0
6,1763,14110,0,0,175.81399999999999,0
6,1764,14118,0,0,173.43199999999999,0
6,1765,14126,0,0,177.785,0
6,1766,14134,0,0,162.52799999999999,0
6,1767,14142,0,0,166.642,0
6,1768,14150,0,0,192.26599999999999,0
6,1769,14158,0,0,194.48400000000001,0
6,1770,14166,0,0,167.81800000000001,0
6,1771,14174,0,0,149.85599999999999,0
6,1772,14182,0,0,129.33699999999999,0
6,1773,14190,0,0,199.738,0
6,1774,14198,0,0,160.40700000000001,0
6,1775,14206,0,0,176.244,0
6,1776,14214,0,0,182.00700000000001,0
6,1777,14222,0,0,178.68100000000001,0
6,1778,14230,0,0,169.536,0
6,1779,14238,0,0,168.559,0
6,1780,14246,0,0,149.47300000000001,0
6,1781,6,1,0,173.16399999999999,0
6,1782,14,1,0,156.96199999999999,0
6,1783,22,1,0,180.89099999999999,0
6,1784,30,1,0,197.29599999999999,0
6,1785,38,1,0,190.57599999999999,0
6,1786,46,1,0,189.46299999999999,0
6,1787,54,1,0,163.92099999999999,0
6,1788,62,1,0,202.99700000000001,0
6,1789,70,1,0,175.042,0
6,1790,78,1,0,191.82400000000001,0
6,1791,86,1,0,175.477,0
6,1792,94,1,0,172.43100000000001,0
6,1793,102,1,0,184.91,0
6,1794,110,1,0,169.61600000000001,0
6,1795,118,1,0,140.39099999999999,0
6,1796,126,1,0,168.06100000000001,0
6,1797,134,1,0,191.61600000000001,0
6,1798,142,1,0,188.95699999999999,0
6,1799,150,1,0,173.38999999999999,0
6,1800,158,1,0,169,0
6,1801,166,1,0,192.06899999999999,0
6,1802,174,1,0,193.29400000000001,0
6,1803,182,1,0,176.19900000000001,0
6,1804,190,1,0,188.50399999999999,0
6,1805,198,1,0,191.74299999999999,0
6,1806,206,1,0,161.00299999999999,0
6,1807,214,1,0,182.327,0
6,1808,222,1,0,187.55000000000001,0
6,1809,230,1,0,183.53,0
6,1810,238,1,0,167.59100000000001,0
6,1811,246,1,0,165.71600000000001,0
6,1812,254,1,0,163.703,0
6,1813,262,1,0,165.33600000000001,0
6,1814,270,1,0,171.68799999999999,0
6,1815,278,1,0,146.369,0
6,1816,286,1,0,156.857,0
6,1817,294,1,0,176.67699999999999,0
6,1818,302,1,0,173.00200000000001,0
6,1819,310,1,0,126.32899999999999,0
6,1820,318,1,0,151.929,0
6,1821,326,1,0,183.255,0
6,1822,334,1,0,196.881,0
6,1823,342,1,0,159.309,0
6,1824,350,1,0,180.85499999999999,0
6,1825,358,1,0,171.62799999999999,0
6,1826,366,1,0,180.63399999999999,0
6,1827,374,1,0,181.797,0
6,1828,382,1,0,160.02099999999999,0
6,1829,390,1,0,157.50700000000001,0
6,1830,398,1,0,170.845,0
6,1831,406,1,0,186.60900000000001,0
6,1832,414,1,0,142.809,0
6,1833,422,1,0,185.56999999999999,0
6,1834,430,1,0,211.52600000000001,0
6,1835,438,1,0,189.56200000000001,0
6,1836,446,1,0,169.387,0
6,1837,454,1,0,167.017,0
6,1838,462,1,0,169.065,0
6,1839,470,1,0,166.29499999999999,0
6,1840,478,1,0,156.94800000000001,0
6,1841,486,1,0,145.95099999999999,0
6,1842,494,1,0,172.732,0
6,1843,502,1,0,176.21000000000001,0
6,1844,510,1,0,178.167,0
6,1845,518,1,0,181.86000000000001,0
6,1846,526,1,0,198.05000000000001,0
6,1847,534,1,0,216.61600000000001,0
6,1848,542,1,0,195.74299999999999,0
6,1849,550,1,0,163.80099999999999,0
6,1850,558,1,0,192.77000000000001,0
6,1851,566,1,0,193.56,0
6,1852,574,1,0,153.096,0
6,1853,582,1,0,181.16399999999999,0
6,1854,590,1,0,140.05199999999999,0
6,1855,598,1,0,178.31999999999999,0
6,1856,606,1,0,166.40899999999999,0
6,1857,614,1,0,171.82300000000001,0
6,1858,622,1,0,163.02099999999999,0
6,1859,630,1,0,163.43700000000001,0
6,1860,638,1,0,154.02600000000001,0
6,1861,646,1,0,191.69200000000001,0
6,1862,654,1,0,167.65600000000001,0
6,1863,662,1,0,189.602,0
6,1864,670,1,0,182.31299999999999,0
6,1865,678,1,0,152.191,0
6,1866,686,1,0,170.47499999999999,0
6,1867,694,1,0,157.58799999999999,0
6,1868,702,1,0,164.221,0
6,1869,710,1,0,184.648,0
6,1870,718,1,0,211.20599999999999,0
6,1871,726,1,0,170.458,0
6,1872,734,1,0,180.21199999999999,0
6,1873,742,1,0,161.56800000000001,0
6,1874,750,1,0,181.86199999999999,0
6,1875,758,1,0,177.21600000000001,0
6,1876,766,1,0,202.47,0
6,1877,774,1,0,199.839,0
6,1878,782,1,0,153.20699999999999,0
6,1879,790,1,0,183.36099999999999,0
6,1880,798,1,0,188.68600000000001,0
6,1881,806,1,0,167.905,0
6,1882,814,1,0,151.011,0
6,1883,822,1,0,136.11799999999999,0
6,1884,830,1,0,171.75399999999999,0
6,1885,838,1,0,163.21799999999999,0
6,1886,846,1,0,166.46299999999999,0
6,1887,854,1,0,183.93899999999999,0
6,1888,862,1,0,185.29599999999999,0
6,1889,870,1,0,177.76300000000001,0
6,1890,878,1,0,188.124,0
6,1891,886,1,0,173.13399999999999,0
6,1892,894,1,0,131.255,0
6,1893,902,1,0,195.01499999999999,0
6,1894,910,1,0,172.62700000000001,0
6,1895,918,1,0,190.804,0
6,1896,926,1,0,201.24799999999999,0
6,1897,934,1,0,176.876,0
6,1898,942,1,0,167.17699999999999,0
6,1899,950,1,0,186.88200000000001,0
6,1900,958,1,0,167.09899999999999,0
6,1901,966,1,0,187.96100000000001,0
6,1902,974,1,0,181.80000000000001,0
6,1903,982,1,0,182.33199999999999,0
6,1904,990,1,0,185.53100000000001,0
6,1905,998,1,0,182.99700000000001,0
6,1906,1006,1,0,191.85599999999999,0
6,1907,1014,1,0,161.423,0
6,1908,1022,1,0,198.56,0
6,1909,1030,1,0,127.617,0
6,1910,1038,1,0,176.518,0
6,1911,1046,1,0,181.536,0
6,1912,1054,1,0,157.24199999999999,0
6,1913,1062,1,0,190.28299999999999,0
6,1914,1070,1,0,172.172,0
6,1915,1078,1,0,182.33500000000001,0
6,1916,1086,1,0,181.35499999999999,0
6,1917,1094,1,0,186.58199999999999,0
6,1918,1102,1,0,191.69800000000001,0
6,1919,1110,1,0,138.32400000000001,0
6,1920,1118,1,0,151.744,0
6,1921,1126,1,0,181.84800000000001,0
6,1922,1134,1,0,177.53200000000001,0
6,1923,1142,1,0,166.125,0
6,1924,1150,1,0,184.66800000000001,0
6,1925,1158,1,0,192.79400000000001,0
6,1926,1166,1,0,180.81299999999999,0
6,1927,1174,1,0,151.16800000000001,0
6,1928,1182,1,0,200.86699999999999,0
6,1929,1190,1,0,179.148,0
6,1930,1198,1,0,148.42699999999999,0
6,1931,1206,1,0,175.78999999999999,0
6,1932,1214,1,0,214.31999999999999,0
6,1933,1222,1,0,172.143,0
6,1934,1230,1,0,138.31999999999999,0
6,1935,1238,1,0,172.404,0
6,1936,1246,1,0,174.69300000000001,0
6,1937,1254,1,0,168.44300000000001,0
6,1938,1262,1,0,166.315,0
6,1939,1270,1,0,168.589,0
6,1940,1278,1,0,206.41300000000001,0
6,1941,1286,1,0,155.77199999999999,0
6,1942,1294,1,0,197.87,0
6,1943,1302,1,0,185.01599999999999,0
6,1944,1310,1,0,155.26599999999999,0
6,1945,1318,1,0,187.07900000000001,0
6,1946,1326,1,0,171.64099999999999,0
6,1947,1334,1,0,171.744,0
6,1948,1342,1,0,178.88300000000001,0
6,1949,1350,1,0,187.786,0
6,1950,1358,1,0,167.95599999999999,0
6,1951,1366,1,0,144.952,0
6,1952,1374,1,0,157.74199999999999,0
6,1953,1382,1,0,190.596,0
6,1954,1390,1,0,194.31200000000001,0
6,1955,1398,1,0,136.358,0
6,1956,1406,1,0,193.68899999999999,0
6,1957,1414,1,0,191.822,0
6,1958,1422,1,0,154.62200000000001,0
6,1959,1430,1,0,182.85300000000001,0
6,1960,1438,1,0,199.97800000000001,0
6,1961,1446,1,0,185.959,0
6,1962,1454,1,0,157.09,0
6,1963,1462,1,0,131.65600000000001,0
6,1964,1470,1,0,186.30799999999999,0
6,1965,1478,1,0,191.87200000000001,0
6,1966,1486,1,0,180.78,0
6,1967,1494,1,0,146.75700000000001,0
6,1968,1502,1,0,151.517,0
6,1969,1510,1,0,184.38900000000001,0
6,1970,1518,1,0,171.136,0
6,1971,1526,1,0,193.33500000000001,0
6,1972,1534,1,0,204.34299999999999,0
6,1973,1542,1,0,159.297,0
6,1974,1550,1,0,210.81399999999999,0
6,1975,1558,1,0,198.29599999999999,0
6,1976,1566,1,0,158.029,0
6,1977,1574,1,0,162.16499999999999,0
6,1978,1582,1,0,168.90899999999999,0
6,1979,1590,1,0,163.66499999999999,0
6,1980,1598,1,0,143.39599999999999,0
6,1981,1606,1,0,184.20099999999999,0
6,1982,1614,1,0,165.23500000000001,0
6,1983,1622,1,0,160.86199999999999,0
6,1984,1630,1,0,178.578,0
6,1985,1638,1,0,176.96199999999999,0
6,1986,1646,1,0,159.44800000000001,0
6,1987,1654,1,0,186.535,0
6,1988,1662,1,0,192.50399999999999,0
6,1989,1670,1,0,182.60599999999999,0
6,1990,1678,1,0,180.404,0
6,1991,1686,1,0,184.64500000000001,0
6,1992,1694,1,0,156.267,0
6,1993,1702,1,0,159.98500000000001,0
6,1994,1710,1,0,177.72800000000001,0
6,1995,1718,1,0,174.56999999999999,0
6,1996,1726,1,0,193.46700000000001,0
6,1997,1734,1,0,155.059,0
6,1998,1742,1,0,141.62700000000001,0
6,1999,1750,1,0,148.16200000000001,0
6,2000,1758,1,0,163.59299999999999,0
6,2001,1766,1,0,156.49600000000001,0
6,2002,1774,1,0,166.786,0
6,2003,1782,1,0,159.66999999999999,0
6,2004,1790,1,0,170.92099999999999,0
6,2005,1798,1,0,177.83799999999999,0
6,2006,1806,1,0,190.93899999999999,0
6,2007,1814,1,0,179.93000000000001,0
6,2008,1822,1,0,148.649,0
6,2009,1830,1,0,174.733,0
6,2010,1838,1,0,200.48099999999999,0
6,2011,1846,1,0,222.59999999999999,0
6,2012,1854,1,0,169.36699999999999,0
6,2013,1862,1,0,173.017,0
6,2014,1870,1,0,174.41,0
6,2015,1878,1,0,190.13800000000001,0
6,2016,1886,1,0,141.208,0
6,2017,1894,1,0,181.36000000000001,0
6,2018,1902,1,0,174.98400000000001,0
6,2019,1910,1,0,187.84100000000001,0
6,2020,1918,1,0,158.22800000000001,0
6,2021,1926,1,0,188.08699999999999,0
6,2022,1934,1,0,190.98400000000001,0
6,2023,1942,1,0,188.29400000000001,0
6,2024,1950,1,0,178.839,0
6,2025,1958,1,0,190.16399999999999,0
6,2026,1966,1,0,196.709,0
6,2027,1974,1,0,245.60300000000001,0
6,2028,1982,1,0,194.92400000000001,0
6,2029,1990,1,0,151.27799999999999,0
6,2030,1998,1,0,159.67599999999999,0
6,2031,2006,1,0,194.501,0
6,2032,2014,1,0,141.06700000000001,0
6,2033,2022,1,0,186.22200000000001,0
6,2034,2030,1,0,169.90899999999999,0
6,2035,2038,1,0,147.34299999999999,0
6,2036,2046,1,0,190.40700000000001,0
6,2037,2054,1,0,151.91900000000001,0
6,2038,2062,1,0,188.64599999999999,0
6,2039,2070,1,0,167.88999999999999,0
6,2040,2078,1,0,192.959,0
6,2041,2086,1,0,171.45500000000001,0
6,2042,2094,1,0,185.65199999999999,0
6,2043,2102,1,0,155.74700000000001,0
6,2044,2110,1,0,175.321,0
6,2045,2118,1,0,162.911,0
6,2046,2126,1,0,182.02099999999999,0
6,2047,2134,1,0,174.95500000000001,0
6,2048,2142,1,0,186.08600000000001,0
6,2049,2150,1,0,168.172,0
6,2050,2158,1,0,158.87200000000001,0
6,2051,2166,1,0,146.185,0
6,2052,2174,1,0,179.76499999999999,0
6,2053,2182,1,0,176.10400000000001,0
6,2054,2190,1,0,170.02500000000001,0
6,2055,2198,1,0,194.53800000000001,0
6,2056,2206,1,0,208.47399999999999,0
6,2057,2214,1,0,155.941,0
6,2058,2222,1,0,192.44300000000001,0
6,2059,2230,1,0,171.148,0
6,2060,2238,1,0,153.959,0
6,2061,2246,1,0,178.61000000000001,0
6,2062,2254,1,0,178.93799999999999,0
6,2063,2262,1,0,206.56399999999999,0
6,2064,2270,1,0,192.51400000000001,0
6,2065,2278,1,0,144.27000000000001,0
6,2066,2286,1,0,157.79900000000001,0
6,2067,2294,1,0,179.28100000000001,0
6,2068,2302,1,0,185.24199999999999,0
6,2069,2310,1,0,164.68299999999999,0
6,2070,2318,1,0,163.886,0
6,2071,2326,1,0,180.84899999999999,0
6,2072,2334,1,0,179.94399999999999,0
6,2073,2342,1,0,167.14699999999999,0
6,2074,2350,1,0,199.74700000000001,0
6,2075,2358,1,0,204.60400000000001,0
6,2076,2366,1,0,177.64400000000001,0
6,2077,2374,1,0,190.554,0
6,2078,2382,1,0,184.84200000000001,0
6,2079,2390,1,0,180.422,0
6,2080,2398,1,0,173.495,0
6,2081,2406,1,0,145.78200000000001,0
6,2082,2414,1,0,188.155,0
6,2083,2422,1,0,188.685,0
6,2084,2430,1,0,182.34299999999999,0
6,2085,2438,1,0,158.13499999999999,0
6,2086,2446,1,0,185.446,0
6,2087,2454,1,0,190.262,0
6,2088,2462,1,0,200.05199999999999,0
6,2089,2470,1,0,198.44,0
6,2090,2478,1,0,191.59299999999999,0
6,2091,2486,1,0,182.70500000000001,0
6,2092,2494,1,0,178.97800000000001,0
6,2093,2502,1,0,167.68899999999999,0
6,2094,2510,1,0,191.78999999999999,0
6,2095,2518,1,0,179.14699999999999,0
6,2096,2526,1,0,197.52099999999999,0
6,2097,2534,1,0,174.74700000000001,0
6,2098,2542,1,0,180.018,0
6,2099,2550,1,0,173.148,0
6,2100,2558,1,0,182.26599999999999,0
6,2101,2566,1,0,160.126,0
6,2102,2574,1,0,162.05600000000001,0
6,2103,2582,1,0,180.28,0
6,2104,2590,1,0,151.846,0
6,2105,2598,1,0,169.566,0
6,2106,2606,1,0,167.65000000000001,0
6,2107,2614,1,0,174.09999999999999,0
6,2108,2622,1,0,177.89500000000001,0
6,2109,2630,1,0,153.328,0
6,2110,2638,1,0,202.15100000000001,0
6,2111,2646,1,0,184.566,0
6,2112,2654,1,0,163.21600000000001,0
6,2113,2662,1,0,123.224,0
6,2114,2670,1,0,191.87,0
6,2115,2678,1,0,172.55699999999999,0
6,2116,2686,1,0,213.833,0
6,2117,2694,1,0,155.596,0
6,2118,2702,1,0,169.62200000000001,0
6,2119,2710,1,0,176.60300000000001,0
6,2120,2718,1,0,174.14099999999999,0
6,2121,2726,1,0,200.96000000000001,0
6,2122,2734,1,0,180.39400000000001,0
6,2123,2742,1,0,197.84200000000001,0
6,2124,2750,1,0,173.68799999999999,0
6,2125,2758,1,0,188.08199999999999,0
6,2126,2766,1,0,238.55500000000001,0
6,2127,2774,1,0,179.47200000000001,0
6,2128,2782,1,0,160.215,0
6,2129,2790,1,0,178.69999999999999,0
6,2130,2798,1,0,181.61000000000001,0
6,2131,2806,1,0,159.928,0
6,2132,2814,1,0,166.155,0
6,2133,2822,1,0,169.10900000000001,0
6,2134,2830,1,0,188.52699999999999,0
6,2135,2838,1,0,152.30799999999999,0
6,2136,2846,1,0,128.97399999999999,0
6,2137,2854,1,0,131.04400000000001,0
6,2138,2862,1,0,220.76900000000001,0
6,2139,2870,1,0,189.08000000000001,0
6,2140,2878,1,0,166.517,0
6,2141,2886,1,0,191.726,0
6,2142,2894,1,0,161.03999999999999,0
6,2143,2902,1,0,148.82499999999999,0
6,2144,2910,1,0,132.78399999999999,0
6,2145,2918,1,0,181.011,0
6,2146,2926,1,0,188.36600000000001,0
6,2147,2934,1,0,180.81700000000001,0
6,2148,2942,1,0,189.167,0
6,2149,2950,1,0,192.185,0
6,2150,2958,1,0,180.535,0
6,2151,2966,1,0,184.54599999999999,0
6,2152,2974,1,0,170.029,0
6,2153,2982,1,0,176.78800000000001,0
6,2154,2990,1,0,199.05500000000001,0
6,2155,2998,1,0,167.137,0
6,2156,3006,1,0,172.16300000000001,0
6,2157,3014,1,0,191.43799999999999,0
6,2158,3022,1,0,203.53700000000001,0
6,2159,3030,1,0,183.41999999999999,0
6,2160,3038,1,0,156.61699999999999,0
6,2161,3046,1,0,204.99799999999999,0
6,2162,3054,1,0,190.02199999999999,0
6,2163,3062,1,0,176.238,0
6,2164,3070,1,0,179.46199999999999,0
6,2165,3078,1,0,184.42699999999999,0
6,2166,3086,1,0,164.27000000000001,0
6,2167,3094,1,0,166.56399999999999,0
6,2168,3102,1,0,175.72800000000001,0
6,2169,3110,1,0,174.625,0
6,2170,3118,1,0,155.595,0
6,2171,3126,1,0,175.59200000000001,0
6,2172,3134,1,0,200.46100000000001,0
6,2173,3142,1,0,186.49000000000001,0
6,2174,3150,1,0,163.30500000000001,0
6,2175,3158,1,0,153.357,0
6,2176,3166,1,0,186.50200000000001,0
6,2177,3174,1,0,175.624,0
6,2178,3182,1,0,194.65299999999999,0
6,2179,3190,1,0,190.459,0
6,2180,3198,1,0,184.233,0
6,2181,3206,1,0,180.358,0
6,2182,3214,1,0,175.27600000000001,0
6,2183,3222,1,0,170.61799999999999,0
6,2184,3230,1,0,124.324,0
6,2185,3238,1,0,153.78100000000001,0
6,2186,3246,1,0,180.553,0
6,2187,3254,1,0,189.614,0
6,2188,3262,1,0,186.37200000000001,0
6,2189,3270,1,0,174.34899999999999,0
6,2190,3278,1,0,189.50800000000001,0
6,2191,3286,1,0,210.05199999999999,0
6,2192,3294,1,0,180.922,0
6,2193,3302,1,0,191.66999999999999,0
6,2194,3310,1,0,178.256,0
6,2195,3318,1,0,191.62100000000001,0
6,2196,3326,1,0,219.40799999999999,0
6,2197,3334,1,0,167.251,0
6,2198,3342,1,0,178.982,0
6,2199,3350,1,0,185.28800000000001,0
6,2200,3358,1,0,152.16,0
6,2201,3366,1,0,204.77000000000001,0
6,2202,3374,1,0,154.69200000000001,0
6,2203,3382,1,0,163.26900000000001,0
6,2204,3390,1,0,187.68899999999999,0
6,2205,3398,1,0,172.917,0
6,2206,3406,1,0,184.08600000000001,0
6,2207,3414,1,0,157.27699999999999,0
6,2208,3422,1,0,180.345,0
6,2209,3430,1,0,182.44800000000001,0
6,2210,3438,1,0,170.744,0
6,2211,3446,1,0,188.096,0
6,2212,3454,1,0,184.35599999999999,0
6,2213,3462,1,0,174.87,0
6,2214,3470,1,0,199.62700000000001,0
6,2215,3478,1,0,188.04400000000001,0
6,2216,3486,1,0,169.84100000000001,0
6,2217,3494,1,0,131.56,0
6,2218,3502,1,0,166.31700000000001,0
6,2219,3510,1,0,178.02600000000001,0
6,2220,3518,1,0,145.29300000000001,0
6,2221,3526,1,0,171.08199999999999,0
6,2222,3534,1,0,161.44800000000001,0
6,2223,3542,1,0,196.017,0
6,2224,3550,1,0,157.69999999999999,0
6,2225,3558,1,0,187.25,0
6,2226,3566,1,0,164.61699999999999,0
6,2227,3574,1,0,184.286,0
6,2228,3582,1,0,190.18700000000001,0
6,2229,3590,1,0,199.87,0
6,2230,3598,1,0,174.87,0
6,2231,3606,1,0,154.679,0
6,2232,3614,1,0,176.595,0
6,2233,3622,1,0,179.381,0
6,2234,3630,1,0,199.34100000000001,0
6,2235,3638,1,0,189.27000000000001,0
6,2236,3646,1,0,161.221,0
6,2237,3654,1,0,190.25899999999999,0
6,2238,3662,1,0,178.31,0
6,2239,3670,1,0,157.70599999999999,0
6,2240,3678,1,0,152.93799999999999,0
6,2241,3686,1,0,203.93799999999999,0
6,2242,3694,1,0,155.76900000000001,0
6,2243,3702,1,0,173.113,0
6,2244,3710,1,0,201.12299999999999,0
6,2245,3718,1,0,167.923,0
6,2246,3726,1,0,184.328,0
6,2247,3734,1,0,190.18600000000001,0
6,2248,3742,1,0,171.41300000000001,0
6,2249,3750,1,0,192.37100000000001,0
6,2250,3758,1,0,163.10300000000001,0
6,2251,3766,1,0,179.96899999999999,0
6,2252,3774,1,0,178.96199999999999,0
6,2253,3782,1,0,194.68000000000001,0
6,2254,3790,1,0,180.517,0
6,2255,3798,1,0,157.14500000000001,0
6,2256,3806,1,0,159.28200000000001,0
6,2257,3814,1,0,168.506,0
6,2258,3822,1,0,188.11099999999999,0
6,2259,3830,1,0,165.65600000000001,0
6,2260,3838,1,0,188.07599999999999,0
6,2261,3846,1,0,162.542,0
6,2262,3854,1,0,177.114,0
6,2263,3862,1,0,167.14599999999999,0
6,2264,3870,1,0,185.99100000000001,0
6,2265,3878,1,0,173.24600000000001,0
6,2266,3886,1,0,159.71100000000001,0
6,2267,3894,1,0,152.96100000000001,0
6,2268,3902,1,0,189.404,0
6,2269,3910,1,0,175.714,0
6,2270,3918,1,0,163.20099999999999,0
6,2271,3926,1,0,174.63800000000001,0
6,2272,3934,1,0,177.50700000000001,0
6,2273,3942,1,0,177.364,0
6,2274,3950,1,0,189.29900000000001,0
6,2275,3958,1,0,195.327,0
6,2276,3966,1,0,172.96299999999999,0
6,2277,3974,1,0,173.71899999999999,0
6,2278,3982,1,0,149.18000000000001,0
6,2279,3990,1,0,184.36699999999999,0
6,2280,3998,1,0,191.547,0
6,2281,4006,1,0,186.08699999999999,0
6,2282,4014,1,0,162.04900000000001,0
6,2283,4022,1,0,160.44999999999999,0
6,2284,4030,1,0,171.39400000000001,0
6,2285,4038,1,0,135.648,0
6,2286,4046,1,0,134.37,0
6,2287,4054,1,0,207.19200000000001,0
6,2288,4062,1,0,155.048,0
6,2289,4070,1,0,178.99100000000001,0
6,2290,4078,1,0,183.69200000000001,0
6,2291,4086,1,0,155.28700000000001,0
6,2292,4094,1,0,160.773,0
6,2293,4102,1,0,203.77099999999999,0
6,2294,4110,1,0,177.28399999999999,0
6,2295,4118,1,0,174.48500000000001,0
6,2296,4126,1,0,197.17599999999999,0
6,2297,4134,1,0,176.73500000000001,0
6,2298,4142,1,0,158.69900000000001,0
6,2299,4150,1,0,141.97900000000001,0
6,2300,4158,1,0,117.054,0
6,2301,4166,1,0,169.536,0
6,2302,4174,1,0,189.642,0
6,2303,4182,1,0,185.01300000000001,0
6,2304,4190,1,0,129.804,0
6,2305,4198,1,0,170.453,0
6,2306,4206,1,0,153.375,0
6,2307,4214,1,0,155.12200000000001,0
6,2308,4222,1,0,182.36699999999999,0
6,2309,4230,1,0,157.59800000000001,0
6,2310,4238,1,0,190.464,0
6,2311,4246,1,0,164.328,0
6,2312,4254,1,0,191.56999999999999,0
6,2313,4262,1,0,180.91800000000001,0
6,2314,4270,1,0,128.309,0
6,2315,4278,1,0,179.529,0
6,2316,4286,1,0,157.56399999999999,0
6,2317,4294,1,0,155.102,0
6,2318,4302,1,0,142.03800000000001,0
6,2319,4310,1,0,147.66999999999999,0
6,2320,4318,1,0,199.75399999999999,0
6,2321,4326,1,0,162.71199999999999,0
6,2322,4334,1,0,169.047,0
6,2323,4342,1,0,198.904,0
6,2324,4350,1,0,155.08500000000001,0
6,2325,4358,1,0,155.358,0
6,2326,4366,1,0,188.84200000000001,0
6,2327,4374,1,0,166.91,0
6,2328,4382,1,0,135.46899999999999,0
6,2329,4390,1,0,196.22,0
6,2330,4398,1,0,175.51599999999999,0
6,2331,4406,1,0,181.655,0
6,2332,4414,1,0,125.209,0
6,2333,4422,1,0,175.018,0
6,2334,4430,1,0,196.14099999999999,0
6,2335,4438,1,0,189.96700000000001,0
6,2336,4446,1,0,126.71899999999999,0
6,2337,4454,1,0,136.00800000000001,0
6,2338,4462,1,0,175.83099999999999,0
6,2339,4470,1,0,161.749,0
6,2340,4478,1,0,174.054,0
6,2341,4486,1,0,195.922,0
6,2342,4494,1,0,181.00200000000001,0
6,2343,4502,1,0,151.35400000000001,0
6,2344,4510,1,0,197.97,0
6,2345,4518,1,0,173.881,0
6,2346,4526,1,0,182.946,0
6,2347,4534,1,0,199.29900000000001,0
6,2348,4542,1,0,173.39599999999999,0
6,2349,4550,1,0,184.00899999999999,0
6,2350,4558,1,0,186.66999999999999,0
6,2351,4566,1,0,201.78899999999999,0
6,2352,4574,1,0,178.37100000000001,0
6,2353,4582,1,0,188.696,0
6,2354,4590,1,0,194.06399999999999,0
6,2355,4598,1,0,199.95099999999999,0
6,2356,4606,1,0,163.702,0
6,2357,4614,1,0,186.024,0
6,2358,4622,1,0,194.36099999999999,0
6,2359,4630,1,0,190.42400000000001,0
6,2360,4638,1,0,202.125,0
6,2361,4646,1,0,187.38800000000001,0
6,2362,4654,1,0,203.84399999999999,0
6,2363,4662,1,0,199.42699999999999,0
6,2364,4670,1,0,205.797,0
6,2365,4678,1,0,195.47499999999999,0
6,2366,4686,1,0,153.74199999999999,0
6,2367,4694,1,0,175.29599999999999,0
6,2368,4702,1,0,184.977,0
6,2369,4710,1,0,186.34200000000001,0
6,2370,4718,1,0,175.512,0
6,2371,4726,1,0,188.26300000000001,0
6,2372,4734,1,0,173.91300000000001,0
6,2373,4742,1,0,179.99299999999999,0
6,2374,4750,1,0,121.908,0
6,2375,4758,1,0,159.97900000000001,0
6,2376,4766,1,0,157.071,0
6,2377,4774,1,0,148.68700000000001,0
6,2378,4782,1,0,175.761,0
6,2379,4790,1,0,176.934,0
6,2380,4798,1,0,137.81,0
6,2381,4806,1,0,147.44300000000001,0
6,2382,4814,1,0,180.00899999999999,0
6,2383,4822,1,0,192.363,0
6,2384,4830,1,0,192.61799999999999,0
6,2385,4838,1,0,205.71100000000001,0
6,2386,4846,1,0,174.476,0
6,2387,4854,1,0,206.84800000000001,0
6,2388,4862,1,0,166.60499999999999,0
6,2389,4870,1,0,191.989,0
6,2390,4878,1,0,192.02600000000001,0
6,2391,4886,1,0,197.52099999999999,0
6,2392,4894,1,0,193.83199999999999,0
6,2393,4902,1,0,169.184,0
6,2394,4910,1,0,165.22,0
6,2395,4918,1,0,183.44200000000001,0
6,2396,4926,1,0,161.23099999999999,0
6,2397,4934,1,0,183.46000000000001,0
6,2398,4942,1,0,188.934,0
6,2399,4950,1,0,177.52699999999999,0
6,2400,4958,1,0,175.63999999999999,0
6,2401,4966,1,0,187.86099999999999,0
6,2402,4974,1,0,183.803,0
6,2403,4982,1,0,190.12,0
6,2404,4990,1,0,181.316,0
6,2405,4998,1,0,167.78100000000001,0
6,2406,5006,1,0,187.98099999999999,0
6,2407,5014,1,0,200.511,0
6,2408,5022,1,0,177.77600000000001,0
6,2409,5030,1,0,200.47499999999999,0
6,2410,5038,1,0,191.99799999999999,0
6,2411,5046,1,0,164.92400000000001,0
6,2412,5054,1,0,188.042,0
6,2413,5062,1,0,142.41999999999999,0
6,2414,5070,1,0,196.23500000000001,0
6,2415,5078,1,0,173.05199999999999,0
6,2416,5086,1,0,190.202,0
6,2417,5094,1,0,157.61799999999999,0
6,2418,5102,1,0,192.23699999999999,0
6,2419,5110,1,0,188.26400000000001,0
6,2420,5118,1,0,177.08099999999999,0
6,2421,5126,1,0,193.06299999999999,0
6,2422,5134,1,0,181.965,0
6,2423,5142,1,0,157.636,0
6,2424,5150,1,0,160.626,0
6,2425,5158,1,0,171.28899999999999,0
6,2426,5166,1,0,159.59100000000001,0
6,2427,5174,1,0,193.34999999999999,0
6,2428,5182,1,0,191.333,0
6,2429,5190,1,0,177.09200000000001,0
6,2430,5198,1,0,194.05699999999999,0
6,2431,5206,1,0,178.59899999999999,0
6,2432,5214,1,0,198.09299999999999,0
6,2433,5222,1,0,167.86600000000001,0
6,2434,5230,1,0,179.20699999999999,0
6,2435,5238,1,0,196.99600000000001,0
6,2436,5246,1,0,166.922,0
6,2437,5254,1,0,183.809,0
6,2438,5262,1,0,200.88499999999999,0
6,2439,5270,1,0,128.298,0
6,2440,5278,1,0,190.74100000000001,0
6,2441,5286,1,0,138.749,0
6,2442,5294,1,0,172.44999999999999,0
6,2443,5302,1,0,168.27699999999999,0
6,2444,5310,1,0,171.63900000000001,0
6,2445,5318,1,0,175.58199999999999,0
6,2446,5326,1,0,163.80600000000001,0
6,2447,5334,1,0,190.87200000000001,0
6,2448,5342,1,0,190.458,0
6,2449,5350,1,0,169.012,0
6,2450,5358,1,0,196.828,0
6,2451,5366,1,0,171.994,0
6,2452,5374,1,0,189.911,0
6,2453,5382,1,0,167.755,0
6,2454,5390,1,0,190.84800000000001,0
6,2455,5398,1,0,166.07900000000001,0
6,2456,5406,1,0,160.91399999999999,0
6,2457,5414,1,0,202.59999999999999,0
6,2458,5422,1,0,172.078,0
6,2459,5430,1,0,175.06700000000001,0
6,2460,5438,1,0,191.37299999999999,0
6,2461,5446,1,0,180.34800000000001,0
6,2462,5454,1,0,199.91300000000001,0
6,2463,5462,1,0,174.03200000000001,0
6,2464,5470,1,0,187.428,0
6,2465,5478,1,0,179.208,0
6,2466,5486,1,0,178.13300000000001,0
6,2467,5494,1,0,165.614,0
6,2468,5502,1,0,169.55000000000001,0
6,2469,5510,1,0,129.88399999999999,0
6,2470,5518,1,0,184.30199999999999,0
6,2471,5526,1,0,198.05199999999999,0
6,2472,5534,1,0,211.50800000000001,0
6,2473,5542,1,0,187.91999999999999,0
6,2474,5550,1,0,166.51300000000001,0
6,2475,5558,1,0,180.197,0
6,2476,5566,1,0,203.72200000000001,0
6,2477,5574,1,0,158.09700000000001,0
6,2478,5582,1,0,163.143,0
6,2479,5590,1,0,174.60499999999999,0
6,2480,5598,1,0,126.998,0
6,2481,5606,1,0,160.93199999999999,0
6,2482,5614,1,0,171.95699999999999,0
6,2483,5622,1,0,175.62899999999999,0
6,2484,5630,1,0,170.67599999999999,0
6,2485,5638,1,0,237.03999999999999,0
6,2486,5646,1,0,182.38300000000001,0
6,2487,5654,1,0,138.006,0
6,2488,5662,1,0,161.739,0
6,2489,5670,1,0,170.96700000000001,0
6,2490,5678,1,0,156.78700000000001,0
6,2491,5686,1,0,155.99299999999999,0
6,2492,5694,1,0,203.45699999999999,0
6,2493,5702,1,0,166.476,0
6,2494,5710,1,0,214.834,0
6,2495,5718,1,0,175.524,0
6,2496,5726,1,0,192.78800000000001,0
6,2497,5734,1,0,176.14500000000001,0
6,2498,5742,1,0,160.709,0
6,2499,5750,1,0,144.65700000000001,0
6,2500,5758,1,0,185.137,0
6,2501,5766,1,0,191.852,0
6,2502,5774,1,0,180.20099999999999,0
6,2503,5782,1,0,189.47399999999999,0
6,2504,5790,1,0,184.04300000000001,0
6,2505,5798,1,0,164.011,0
6,2506,5806,1,0,171.50999999999999,0
6,2507,5814,1,0,192.24799999999999,0
6,2508,5822,1,0,149.83699999999999,0
6,2509,5830,1,0,198.982,0
6,2510,5838,1,0,203.81999999999999,0
6,2511,5846,1,0,192.47300000000001,0
6,2512,5854,1,0,169.84800000000001,0
6,2513,5862,1,0,174.34999999999999,0
6,2514,5870,1,0,156.45699999999999,0
6,2515,5878,1,0,156.69300000000001,0
6,2516,5886,1,0,201.071,0
6,2517,5894,1,0,195.66900000000001,0
6,2518,5902,1,0,188.97399999999999,0
6,2519,5910,1,0,189.41800000000001,0
6,2520,5918,1,0,192.64099999999999,0
6,2521,5926,1,0,178.886,0
6,2522,5934,1,0,179.12100000000001,0
6,2523,5942,1,0,183.07300000000001,0
6,2524,5950,1,0,170.54400000000001,0
6,2525,5958,1,0,193.98099999999999,0
6,2526,5966,1,0,146.87200000000001,0
6,2527,5974,1,0,156.49000000000001,0
6,2528,5982,1,0,177.892,0
6,2529,5990,1,0,183.333,0
6,2530,5998,1,0,189.65600000000001,0
6,2531,6006,1,0,149.98599999999999,0
6,2532,6014,1,0,182.20599999999999,0
6,2533,6022,1,0,198.84200000000001,0
6,2534,6030,1,0,187.13399999999999,0
6,2535,6038,1,0,221.84200000000001,0
6,2536,6046,1,0,152.67500000000001,0
6,2537,6054,1,0,189.56,0
6,2538,6062,1,0,176.643,0
6,2539,6070,1,0,147.886,0
6,2540,6078,1,0,135.53899999999999,0
6,2541,6086,1,0,182.142,0
6,2542,6094,1,0,188.26400000000001,0
6,2543,6102,1,0,196.964,0
6,2544,6110,1,0,136.523,0
6,2545,6118,1,0,185.221,0
6,2546,6126,1,0,188.328,0
6,2547,6134,1,0,185.14699999999999,0
6,2548,6142,1,0,196.03999999999999,0
6,2549,6150,1,0,157.46299999999999,0
6,2550,6158,1,0,127.91800000000001,0
6,2551,6166,1,0,178.334,0
6,2552,6174,1,0,176.37100000000001,0
6,2553,6182,1,0,185.066,0
6,2554,6190,1,0,130.465,0
6,2555,6198,1,0,177.49100000000001,0
6,2556,6206,1,0,178.85900000000001,0
6,2557,6214,1,0,172.44,0
6,2558,6222,1,0,172.06,0
6,2559,6230,1,0,187.078,0
6,2560,6238,1,0,167.786,0
6,2561,6246,1,0,158.87,0
6,2562,6254,1,0,183.173,0
6,2563,6262,1,0,135.45400000000001,0
6,2564,6270,1,0,188.02500000000001,0
6,2565,6278,1,0,190.94,0
6,2566,6286,1,0,197.89099999999999,0
6,2567,6294,1,0,169.93600000000001,0
6,2568,6302,1,0,186.60400000000001,0
6,2569,6310,1,0,182.209,0
6,2570,6318,1,0,208.15700000000001,0
6,2571,6326,1,0,158.102,0
6,2572,6334,1,0,180.97,0
6,2573,6342,1,0,138.50999999999999,0
6,2574,6350,1,0,159.91399999999999,0
6,2575,6358,1,0,135.94399999999999,0
6,2576,6366,1,0,170.821,0
6,2577,6374,1,0,176.78299999999999,0
6,2578,6382,1,0,180.934,0
6,2579,6390,1,0,169.12,0
6,2580,6398,1,0,164.19300000000001,0
6,2581,6406,1,0,178.102,0
6,2582,6414,1,0,176.214,0
6,2583,6422,1,0,155.54599999999999,0
6,2584,6430,1,0,199.59,0
6,2585,6438,1,0,135.96299999999999,0
6,2586,6446,1,0,140.012,0
6,2587,6454,1,0,186.75800000000001,0
6,2588,6462,1,0,180.64400000000001,0
6,2589,6470,1,0,193.322,0
6,2590,6478,1,0,176.80699999999999,0
6,2591,6486,1,0,183.96000000000001,0
6,2592,6494,1,0,187.57300000000001,0
6,2593,6502,1,0,161.191,0
6,2594,6510,1,0,193.995,0
6,2595,6518,1,0,171.566,0
6,2596,6526,1,0,197.15799999999999,0
6,2597,6534,1,0,181.87299999999999,0
6,2598,6542,1,0,154.684,0
6,2599,6550,1,0,184.50399999999999,0
6,2600,6558,1,0,170.17400000000001,0
6,2601,6566,1,0,195.05699999999999,0
6,2602,6574,1,0,203.58600000000001,0
6,2603,6582,1,0,178.251,0
6,2604,6590,1,0,157.27000000000001,0
6,2605,6598,1,0,217.94300000000001,0
6,2606,6606,1,0,172.84700000000001,0
6,2607,6614,1,0,183.10499999999999,0
6,2608,6622,1,0,143.45400000000001,0
6,2609,6630,1,0,134.607,0
6,2610,6638,1,0,170.73699999999999,0
6,2611,6646,1,0,178.47300000000001,0
6,2612,6654,1,0,208.053,0
6,2613,6662,1,0,128.315,0
6,2614,6670,1,0,148.029,0
6,2615,6678,1,0,152.916,0
6,2616,6686,1,0,165.90299999999999,0
6,2617,6694,1,0,172.35300000000001,0
6,2618,6702,1,0,146.06200000000001,0
6,2619,6710,1,0,167.34899999999999,0
6,2620,6718,1,0,228.91200000000001,0
6,2621,6726,1,0,180.458,0
6,2622,6734,1,0,209.291,0
6,2623,6742,1,0,191.31200000000001,0
6,2624,6750,1,0,183.90899999999999,0
6,2625,6758,1,0,166.32499999999999,0
6,2626,6766,1,0,171.57499999999999,0
6,2627,6774,1,0,136.108,0
6,2628,6782,1,0,211.71600000000001,0
6,2629,6790,1,0,136.19800000000001,0
6,2630,6798,1,0,173.655,0
6,2631,6806,1,0,179.55600000000001,0
6,2632,6814,1,0,179.80500000000001,0
6,2633,6822,1,0,199.89099999999999,0
6,2634,6830,1,0,175.01300000000001,0
6,2635,6838,1,0,200.74700000000001,0
6,2636,6846,1,0,175.14500000000001,0
6,2637,6854,1,0,177.667,0
6,2638,6862,1,0,208.77600000000001,0
6,2639,6870,1,0,137.32400000000001,0
6,2640,6878,1,0,165.66999999999999,0
6,2641,6886,1,0,179.304,0
6,2642,6894,1,0,190.86099999999999,0
6,2643,6902,1,0,185.351,0
6,2644,6910,1,0,138.09200000000001,0
6,2645,6918,1,0,180.67599999999999,0
6,2646,6926,1,0,182.17099999999999,0
6,2647,6934,1,0,187.14400000000001,0
6,2648,6942,1,0,194.27099999999999,0
6,2649,6950,1,0,183.76900000000001,0
6,2650,6958,1,0,186.58600000000001,0
6,2651,6966,1,0,138.20400000000001,0
6,2652,6974,1,0,203.321,0
6,2653,6982,1,0,177.50999999999999,0
6,2654,6990,1,0,176.989,0
6,2655,6998,1,0,138.577,0
6,2656,7006,1,0,167.01400000000001,0
6,2657,7014,1,0,194.215,0
6,2658,7022,1,0,187.166,0
6,2659,7030,1,0,174.37299999999999,0
6,2660,7038,1,0,143.66499999999999,0
6,2661,7046,1,0,169.28399999999999,0
6,2662,7054,1,0,187.06399999999999,0
6,2663,7062,1,0,201.376,0
6,2664,7070,1,0,167.476,0
6,2665,7078,1,0,160.749,0
6,2666,7086,1,0,157.64400000000001,0
6,2667,7094,1,0,162.12899999999999,0
6,2668,7102,1,0,207.16200000000001,0
6,2669,7110,1,0,183.625,0
6,2670,7118,1,0,206.75700000000001,0
6,2671,7126,1,0,173.95099999999999,0
6,2672,7134,1,0,174.59700000000001,0
6,2673,7142,1,0,165.44999999999999,0
6,2674,7150,1,0,152.65899999999999,0
6,2675,7158,1,0,179.018,0
6,2676,7166,1,0,200.37100000000001,0
6,2677,7174,1,0,112.967,0
6,2678,7182,1,0,189.58000000000001,0
6,2679,7190,1,0,153.55099999999999,0
6,2680,7198,1,0,180.983,0
6,2681,7206,1,0,167.042,0
6,2682,7214,1,0,146.256,0
6,2683,7222,1,0,157.161,0
6,2684,7230,1,0,155.87200000000001,0
6,2685,7238,1,0,140.72300000000001,0
6,2686,7246,1,0,146.96899999999999,0
6,2687,7254,1,0,163.21899999999999,0
6,2688,7262,1,0,185.88,0
6,2689,7270,1,0,177.05000000000001,0
6,2690,7278,1,0,207.68199999999999,0
6,2691,7286,1,0,183.41300000000001,0
6,2692,7294,1,0,162.15000000000001,0
6,2693,7302,1,0,148.38399999999999,0
6,2694,7310,1,0,168.56800000000001,0
6,2695,7318,1,0,180.316,0
6,2696,7326,1,0,184.483,0
6,2697,7334,1,0,198.11799999999999,0
6,2698,7342,1,0,170.392,0
6,2699,7350,1,0,159.16499999999999,0
6,2700,7358,1,0,174.22300000000001,0
6,2701,7366,1,0,189.16499999999999,0
6,2702,7374,1,0,199.011,0
6,2703,7382,1,0,173.19800000000001,0
6,2704,7390,1,0,203.85599999999999,0
6,2705,7398,1,0,149.458,0
6,2706,7406,1,0,164.64599999999999,0
6,2707,7414,1,0,140.697,0
6,2708,7422,1,0,201.815,0
6,2709,7430,1,0,121.34999999999999,0
6,2710,7438,1,0,193.20099999999999,0
6,2711,7446,1,0,159.55199999999999,0
6,2712,7454,1,0,175.28899999999999,0
6,2713,7462,1,0,177.553,0
6,2714,7470,1,0,208.59100000000001,0
6,2715,7478,1,0,175.21000000000001,0
6,2716,7486,1,0,179.267,0
6,2717,7494,1,0,189.38999999999999,0
6,2718,7502,1,0,197.482,0
6,2719,7510,1,0,172.33699999999999,0
6,2720,7518,1,0,177.613,0
6,2721,7526,1,0,152.035,0
6,2722,7534,1,0,184.35400000000001,0
6,2723,7542,1,0,196.608,0
6,2724,7550,1,0,156.25999999999999,0
6,2725,7558,1,0,164.214,0
6,2726,7566,1,0,182.43299999999999,0
6,2727,7574,1,0,155.47399999999999,0
6,2728,7582,1,0,130.262,0
6,2729,7590,1,0,186.90199999999999,0
6,2730,7598,1,0,180.35300000000001,0
6,2731,7606,1,0,149.46700000000001,0
6,2732,7614,1,0,211.44300000000001,0
6,2733,7622,1,0,183.59899999999999,0
6,2734,7630,1,0,180.13800000000001,0
6,2735,7638,1,0,153.029,0
6,2736,7646,1,0,196.11000000000001,0
6,2737,7654,1,0,187.75399999999999,0
6,2738,7662,1,0,160.239,0
6,2739,7670,1,0,150.54599999999999,0
6,2740,7678,1,0,170.60400000000001,0
6,2741,7686,1,0,136.39500000000001,0
6,2742,7694,1,0,182.001,0
6,2743,7702,1,0,182.34999999999999,0
6,2744,7710,1,0,198.45699999999999,0
6,2745,7718,1,0,118.205,0
6,2746,7726,1,0,180.773,0
6,2747,7734,1,0,190.76599999999999,0
6,2748,7742,1,0,166.047,0
6,2749,7750,1,0,193.46199999999999,0
6,2750,7758,1,0,162.001,0
6,2751,7766,1,0,169.88800000000001,0
6,2752,7774,1,0,188.791,0
6,2753,7782,1,0,134.577,0
6,2754,7790,1,0,151.78700000000001,0
6,2755,7798,1,0,186.80699999999999,0
6,2756,7806,1,0,184.38,0
6,2757,7814,1,0,184.25299999999999,0
6,2758,7822,1,0,182.24600000000001,0
6,2759,7830,1,0,148.55600000000001,0
6,2760,7838,1,0,171.61199999999999,0
6,2761,7846,1,0,196.292,0
6,2762,7854,1,0,181.55500000000001,0
6,2763,7862,1,0,178.06299999999999,0
6,2764,7870,1,0,156.71199999999999,0
6,2765,7878,1,0,154.12899999999999,0
6,2766,7886,1,0,193.57499999999999,0
6,2767,7894,1,0,202.03700000000001,0
6,2768,7902,1,0,159.352,0
6,2769,7910,1,0,172.24199999999999,0
6,2770,7918,1,0,151.768,0
6,2771,7926,1,0,154.12899999999999,0
6,2772,7934,1,0,155.18799999999999,0
6,2773,7942,1,0,173.40799999999999,0
6,2774,7950,1,0,137.042,0
6,2775,7958,1,0,176.63800000000001,0
6,2776,7966,1,0,176.44200000000001,0
6,2777,7974,1,0,169.928,0
6,2778,7982,1,0,160,0
6,2779,7990,1,0,161.90199999999999,0
6,2780,7998,1,0,175.11099999999999,0
6,2781,8006,1,0,185.02699999999999,0
6,2782,8014,1,0,195.03399999999999,0
6,2783,8022,1,0,201.95500000000001,0
6,2784,8030,1,0,177.571,0
6,2785,8038,1,0,199.744,0
6,2786,8046,1,0,176.59399999999999,0
6,2787,8054,1,0,185.31999999999999,0
6,2788,8062,1,0,163.34999999999999,0
6,2789,8070,1,0,204.32300000000001,0
6,2790,8078,1,0,182.54300000000001,0
6,2791,8086,1,0,188.214,0
6,2792,8094,1,0,132.34100000000001,0
6,2793,8102,1,0,175.07900000000001,0
6,2794,8110,1,0,178.75,0
6,2795,8118,1,0,184.72200000000001,0
6,2796,8126,1,0,160.06899999999999,0
6,2797,8134,1,0,144.733,0
6,2798,8142,1,0,194.16200000000001,0
6,2799,8150,1,0,191.316,0
6,2800,8158,1,0,172.72399999999999,0
6,2801,8166,1,0,135.76599999999999,0
6,2802,8174,1,0,130.51599999999999,0
6,2803,8182,1,0,174.50299999999999,0
6,2804,8190,1,0,186.69200000000001,0
6,2805,8198,1,0,145.38300000000001,0
6,2806,8206,1,0,128.97399999999999,0
6,2807,8214,1,0,176.31100000000001,0
6,2808,8222,1,0,168.459,0
6,2809,8230,1,0,199.488,0
6,2810,8238,1,0,193.27600000000001,0
6,2811,8246,1,0,156.822,0
6,2812,8254,1,0,190.827,0
6,2813,8262,1,0,185.16499999999999,0
6,2814,8270,1,0,155.435,0
6,2815,8278,1,0,154.625,0
6,2816,8286,1,0,154.08699999999999,0
6,2817,8294,1,0,145.08799999999999,0
6,2818,8302,1,0,156.28399999999999,0
6,2819,8310,1,0,182.38399999999999,0
6,2820,8318,1,0,173.387,0
6,2821,8326,1,0,154.642,0
6,2822,8334,1,0,150.06399999999999,0
6,2823,8342,1,0,167.61199999999999,0
6,2824,8350,1,0,111.09,0
6,2825,8358,1,0,175.78700000000001,0
6,2826,8366,1,0,177.024,0
6,2827,8374,1,0,182.12899999999999,0
6,2828,8382,1,0,201.67699999999999,0
6,2829,8390,1,0,167.714,0
6,2830,8398,1,0,176.21299999999999,0
6,2831,8406,1,0,128.233,0
6,2832,8414,1,0,178.62100000000001,0
6,2833,8422,1,0,179.63200000000001,0
6,2834,8430,1,0,192.72800000000001,0
6,2835,8438,1,0,195.858,0
6,2836,8446,1,0,155.43600000000001,0
6,2837,8454,1,0,138.38200000000001,0
6,2838,8462,1,0,194.989,0
6,2839,8470,1,0,134.51300000000001,0
6,2840,8478,1,0,187.65299999999999,0
6,2841,8486,1,0,158.72499999999999,0
6,2842,8494,1,0,159.15700000000001,0
6,2843,8502,1,0,188.97800000000001,0
6,2844,8510,1,0,192.113,0
6,2845,8518,1,0,140.155,0
6,2846,8526,1,0,153.44999999999999,0
6,2847,8534,1,0,177.56700000000001,0
6,2848,8542,1,0,173.97399999999999,0
6,2849,8550,1,0,174.69800000000001,0
6,2850,8558,1,0,173.12100000000001,0
6,2851,8566,1,0,184.905,0
6,2852,8574,1,0,192.565,0
6,2853,8582,1,0,167.14599999999999,0
6,2854,8590,1,0,193,0
6,2855,8598,1,0,174.83600000000001,0
6,2856,8606,1,0,133.46299999999999,0
6,2857,8614,1,0,143.637,0
6,2858,8622,1,0,182.12200000000001,0
6,2859,8630,1,0,154.887,0
6,2860,8638,1,0,171.346,0
6,2861,8646,1,0,200.94499999999999,0
6,2862,8654,1,0,186.595,0
6,2863,8662,1,0,150.773,0
6,2864,8670,1,0,200.232,0
6,2865,8678,1,0,176.13300000000001,0
6,2866,8686,1,0,195.72300000000001,0
6,2867,8694,1,0,179.01400000000001,0
6,2868,8702,1,0,163.505,0
6,2869,8710,1,0,163.99199999999999,0
6,2870,8718,1,0,188.81899999999999,0
6,2871,8726,1,0,177.14400000000001,0
6,2872,8734,1,0,173.03800000000001,0
6,2873,8742,1,0,154.85400000000001,0
6,2874,8750,1,0,206.64500000000001,0
6,2875,8758,1,0,160.03100000000001,0
6,2876,8766,1,0,173.71299999999999,0
6,2877,8774,1,0,205.28399999999999,0
6,2878,8782,1,0,173.881,0
6,2879,8790,1,0,165.857,0
6,2880,8798,1,0,187.399,0
6,2881,8806,1,0,178.55799999999999,0
6,2882,8814,1,0,154.95500000000001,0
6,2883,8822,1,0,179.20500000000001,0
6,2884,8830,1,0,157.608,0
6,2885,8838,1,0,181.46600000000001,0
6,2886,8846,1,0,176.108,0
6,2887,8854,1,0,160.095,0
6,2888,8862,1,0,172.93899999999999,0
6,2889,8870,1,0,190.934,0
6,2890,8878,1,0,177.49000000000001,0
6,2891,8886,1,0,197.024,0
6,2892,8894,1,0,169.53100000000001,0
6,2893,8902,1,0,191.572,0
6,2894,8910,1,0,180.941,0
6,2895,8918,1,0,160.202,0
6,2896,8926,1,0,170.5,0
6,2897,8934,1,0,169.68199999999999,0
6,2898,8942,1,0,180.94499999999999,0
6,2899,8950,1,0,178.636,0
6,2900,8958,1,0,188.941,0
6,2901,8966,1,0,172.89099999999999,0
6,2902,8974,1,0,172.90899999999999,0
6,2903,8982,1,0,173.85300000000001,0
6,2904,8990,1,0,132.58000000000001,0
6,2905,8998,1,0,160.971,0
6,2906,9006,1,0,177.38399999999999,0
6,2907,9014,1,0,166.38200000000001,0
6,2908,9022,1,0,176.53899999999999,0
6,2909,9030,1,0,192.02199999999999,0
6,2910,9038,1,0,178.53800000000001,0
6,2911,9046,1,0,180.697,0
6,2912,9054,1,0,171.18799999999999,0
6,2913,9062,1,0,194.64400000000001,0
6,2914,9070,1,0,185.85599999999999,0
6,2915,9078,1,0,164.142,0
6,2916,9086,1,0,155.80000000000001,0
6,2917,9094,1,0,188.61600000000001,0
6,2918,9102,1,0,189.40100000000001,0
6,2919,9110,1,0,196.28999999999999,0
6,2920,9118,1,0,167.99000000000001,0
6,2921,9126,1,0,172.08699999999999,0
6,2922,9134,1,0,167.74600000000001,0
6,2923,9142,1,0,153.78200000000001,0
6,2924,9150,1,0,138.233,0
6,2925,9158,1,0,188.44499999999999,0
6,2926,9166,1,0,194.90899999999999,0
6,2927,9174,1,0,171.61099999999999,0
6,2928,9182,1,0,169.02000000000001,0
6,2929,9190,1,0,191.822,0
6,2930,9198,1,0,179.97999999999999,0
6,2931,9206,1,0,181.76300000000001,0
6,2932,9214,1,0,176.41300000000001,0
6,2933,9222,1,0,206.81999999999999,0
6,2934,9230,1,0,179.69999999999999,0
6,2935,9238,1,0,148.67099999999999,0
6,2936,9246,1,0,191.31200000000001,0
6,2937,9254,1,0,174.91300000000001,0
6,2938,9262,1,0,175.34100000000001,0
6,2939,9270,1,0,174.52199999999999,0
6,2940,9278,1,0,191.94399999999999,0
6,2941,9286,1,0,152.44,0
6,2942,9294,1,0,152.964,0
6,2943,9302,1,0,179.71199999999999,0
6,2944,9310,1,0,151.749,0
6,2945,9318,1,0,177.11099999999999,0
6,2946,9326,1,0,169.38499999999999,0
6,2947,9334,1,0,189.31100000000001,0
6,2948,9342,1,0,179.423,0
6,2949,9350,1,0,150.47800000000001,0
6,2950,9358,1,0,170.44800000000001,0
6,2951,9366,1,0,154.23599999999999,0
6,2952,9374,1,0,210.654,0
6,2953,9382,1,0,167.51400000000001,0
6,2954,9390,1,0,198.11000000000001,0
6,2955,9398,1,0,203.02699999999999,0
6,2956,9406,1,0,176.822,0
6,2957,9414,1,0,182.57300000000001,0
6,2958,9422,1,0,148.94499999999999,0
6,2959,9430,1,0,150.60900000000001,0
6,2960,9438,1,0,152.94300000000001,0
6,2961,9446,1,0,166.785,0
6,2962,9454,1,0,158.33000000000001,0
6,2963,9462,1,0,173.733,0
6,2964,9470,1,0,195.06999999999999,0
6,2965,9478,1,0,146.31299999999999,0
6,2966,9486,1,0,180.852,0
6,2967,9494,1,0,181.03399999999999,0
6,2968,9502,1,0,182.58000000000001,0
6,2969,9510,1,0,134.56200000000001,0
6,2970,9518,1,0,197.643,0
6,2971,9526,1,0,159.083,0
6,2972,9534,1,0,135.809,0
6,2973,9542,1,0,158.96100000000001,0
6,2974,9550,1,0,186.75700000000001,0
6,2975,9558,1,0,176.238,0
6,2976,9566,1,0,205.31399999999999,0
6,2977,9574,1,0,175.869,0
6,2978,9582,1,0,152.44,0
6,2979,9590,1,0,173.46700000000001,0
6,2980,9598,1,0,181.28299999999999,0
6,2981,9606,1,0,185.82900000000001,0
6,2982,9614,1,0,178.714,0
6,2983,9622,1,0,164.899,0
6,2984,9630,1,0,173.02099999999999,0
6,2985,9638,1,0,199.33099999999999,0
6,2986,9646,1,0,184.01300000000001,0
6,2987,9654,1,0,177.94499999999999,0
6,2988,9662,1,0,163.72800000000001,0
6,2989,9670,1,0,190.49600000000001,0
6,2990,9678,1,0,186.96000000000001,0
6,2991,9686,1,0,203.66200000000001,0
6,2992,9694,1,0,194.62,0
6,2993,9702,1,0,189.17699999999999,0
6,2994,9710,1,0,176.136,0
6,2995,9718,1,0,202.239,0
6,2996,9726,1,0,176.66399999999999,0
6,2997,9734,1,0,174.625,0
6,2998,9742,1,0,196.38800000000001,0
6,2999,9750,1,0,194.149,0
6,3000,9758,1,0,166.82300000000001,0
6,3001,9766,1,0,207.36799999999999,0
6,3002,9774,1,0,196.91900000000001,0
6,3003,9782,1,0,176.14099999999999,0
6,3004,9790,1,0,155.304,0
6,3005,9798,1,0,138.83600000000001,0
6,3006,9806,1,0,183.357,0
6,3007,9814,1,0,159.59299999999999,0
6,3008,9822,1,0,200.88800000000001,0
6,3009,9830,1,0,201.62899999999999,0
6,3010,9838,1,0,177.69900000000001,0
6,3011,9846,1,0,195.292,0
6,3012,9854,1,0,172.40600000000001,0
6,3013,9862,1,0,180.821,0
6,3014,9870,1,0,163.99199999999999,0
6,3015,9878,1,0,123.804,0
6,3016,9886,1,0,186.102,0
6,3017,9894,1,0,147.72800000000001,0
6,3018,9902,1,0,128.435,0
6,3019,9910,1,0,140.76599999999999,0
6,3020,9918,1,0,166.523,0
6,3021,9926,1,0,177.74100000000001,0
6,3022,9934,1,0,166.97399999999999,0
6,3023,9942,1,0,137.97300000000001,0
6,3024,9950,1,0,146.30699999999999,0
6,3025,9958,1,0,172.38900000000001,0
6,3026,9966,1,0,210.797,0
6,3027,9974,1,0,195.20500000000001,0
6,3028,9982,1,0,160.20099999999999,0
6,3029,9990,1,0,182.53399999999999,0
6,3030,9998,1,0,178.42400000000001,0
6,3031,10006,1,0,153.745,0
6,3032,10014,1,0,194.58500000000001,0
6,3033,10022,1,0,174.77799999999999,0
6,3034,10030,1,0,190.15799999999999,0
6,3035,10038,1,0,185.75899999999999,0
6,3036,10046,1,0,175.12100000000001,0
6,3037,10054,1,0,171.72499999999999,0
6,3038,10062,1,0,166.499,0
6,3039,10070,1,0,206.839,0
6,3040,10078,1,0,183.917,0
6,3041,10086,1,0,208.25800000000001,0
6,3042,10094,1,0,184.49700000000001,0
6,3043,10102,1,0,204.67699999999999,0
6,3044,10110,1,0,180.69800000000001,0
6,3045,10118,1,0,192.626,0
6,3046,10126,1,0,136.798,0
6,3047,10134,1,0,161.364,0
6,3048,10142,1,0,187.56399999999999,0
6,3049,10150,1,0,184.648,0
6,3050,10158,1,0,154.36199999999999,0
6,3051,10166,1,0,186.642,0
6,3052,10174,1,0,169.786,0
6,3053,10182,1,0,137.06999999999999,0
6,3054,10190,1,0,173.386,0
6,3055,10198,1,0,172.01400000000001,0
6,3056,10206,1,0,193.31,0
6,3057,10214,1,0,171.42699999999999,0
6,3058,10222,1,0,170.50999999999999,0
6,3059,10230,1,0,124.605,0
6,3060,10238,1,0,167.749,0
6,3061,10246,1,0,167.066,0
6,3062,10254,1,0,162.82300000000001,0
6,3063,10262,1,0,159.49199999999999,0
6,3064,10270,1,0,199.51300000000001,0
6,3065,10278,1,0,180.16200000000001,0
6,3066,10286,1,0,146.42500000000001,0
6,3067,10294,1,0,193.798,0
6,3068,10302,1,0,176.29599999999999,0
6,3069,10310,1,0,155.78700000000001,0
6,3070,10318,1,0,204.42099999999999,0
6,3071,10326,1,0,167.68199999999999,0
6,3072,10334,1,0,177.614,0
6,3073,10342,1,0,191.66800000000001,0
6,3074,10350,1,0,187.57400000000001,0
6,3075,10358,1,0,165.41900000000001,0
6,3076,10366,1,0,160.80000000000001,0
6,3077,10374,1,0,176.25999999999999,0
6,3078,10382,1,0,175.28299999999999,0
6,3079,10390,1,0,190.63499999999999,0
6,3080,10398,1,0,192.25,0
6,3081,10406,1,0,190.47800000000001,0
6,3082,10414,1,0,176.191,0
6,3083,10422,1,0,201.43899999999999,0
6,3084,10430,1,0,186.142,0
6,3085,10438,1,0,173.75899999999999,0
6,3086,10446,1,0,169.64500000000001,0
6,3087,10454,1,0,191.392,0
6,3088,10462,1,0,189.51400000000001,0
6,3089,10470,1,0,171.11000000000001,0
6,3090,10478,1,0,185.87,0
6,3091,10486,1,0,187.273,0
6,3092,10494,1,0,172.749,0
6,3093,10502,1,0,181.005,0
6,3094,10510,1,0,113.709,0
6,3095,10518,1,0,126.379,0
6,3096,10526,1,0,182.661,0
6,3097,10534,1,0,161.47300000000001,0
6,3098,10542,1,0,135.91300000000001,0
6,3099,10550,1,0,154.334,0
6,3100,10558,1,0,177.26499999999999,0
6,3101,10566,1,0,185.92599999999999,0
6,3102,10574,1,0,162.82900000000001,0
6,3103,10582,1,0,167.49799999999999,0
6,3104,10590,1,0,173.50399999999999,0
6,3105,10598,1,0,174.745,0
6,3106,10606,1,0,184.483,0
6,3107,10614,1,0,180.03299999999999,0
6,3108,10622,1,0,204.399,0
6,3109,10630,1,0,176.06899999999999,0
6,3110,10638,1,0,188.55199999999999,0
6,3111,10646,1,0,198.334,0
6,3112,10654,1,0,185.12799999999999,0
6,3113,10662,1,0,198.506,0
6,3114,10670,1,0,167.01400000000001,0
6,3115,10678,1,0,133.04499999999999,0
6,3116,10686,1,0,177.68000000000001,0
6,3117,10694,1,0,205.33500000000001,0
6,3118,10702,1,0,189.46799999999999,0
6,3119,10710,1,0,156.06800000000001,0
6,3120,10718,1,0,179.00200000000001,0
6,3121,10726,1,0,164.90799999999999,0
6,3122,10734,1,0,191.239,0
6,3123,10742,1,0,190.018,0
6,3124,10750,1,0,191.71799999999999,0
6,3125,10758,1,0,190.16399999999999,0
6,3126,10766,1,0,190.602,0
6,3127,10774,1,0,160.083,0
6,3128,10782,1,0,218.71299999999999,0
6,3129,10790,1,0,137.66499999999999,0
6,3130,10798,1,0,181.291,0
6,3131,10806,1,0,192.88800000000001,0
6,3132,10814,1,0,190.886,0
6,3133,10822,1,0,188.12200000000001,0
6,3134,10830,1,0,158.64099999999999,0
6,3135,10838,1,0,166.578,0
6,3136,10846,1,0,201.69,0
6,3137,10854,1,0,164.77699999999999,0
6,3138,10862,1,0,197.32300000000001,0
6,3139,10870,1,0,199.178,0
6,3140,10878,1,0,184.345,0
6,3141,10886,1,0,147.88999999999999,0
6,3142,10894,1,0,158.417,0
6,3143,10902,1,0,184.71899999999999,0
6,3144,10910,1,0,162.45099999999999,0
6,3145,10918,1,0,195.047,0
6,3146,10926,1,0,186.047,0
6,3147,10934,1,0,171.28299999999999,0
6,3148,10942,1,0,182.196,0
6,3149,10950,1,0,206.90899999999999,0
6,3150,10958,1,0,165.32300000000001,0
6,3151,10966,1,0,152.35900000000001,0
6,3152,10974,1,0,177.08799999999999,0
6,3153,10982,1,0,169.953,0
6,3154,10990,1,0,164.499,0
6,3155,10998,1,0,161.155,0
6,3156,11006,1,0,188.44800000000001,0
6,3157,11014,1,0,177.67699999999999,0
6,3158,11022,1,0,170.46100000000001,0
6,3159,11030,1,0,189.279,0
6,3160,11038,1,0,161.46799999999999,0
6,3161,11046,1,0,147.41,0
6,3162,11054,1,0,161.12100000000001,0
6,3163,11062,1,0,134.36799999999999,0
6,3164,11070,1,0,186.005,0
6,3165,11078,1,0,176.92099999999999,0
6,3166,11086,1,0,151.98400000000001,0
6,3167,11094,1,0,188.001,0
6,3168,11102,1,0,157.25200000000001,0
6,3169,11110,1,0,205.88300000000001,0
6,3170,11118,1,0,199.785,0
6,3171,11126,1,0,176.863,0
6,3172,11134,1,0,192.078,0
6,3173,11142,1,0,140.82400000000001,0
6,3174,11150,1,0,200.624,0
6,3175,11158,1,0,189.03399999999999,0
6,3176,11166,1,0,135.96700000000001,0
6,3177,11174,1,0,169.887,0
6,3178,11182,1,0,190.429,0
6,3179,11190,1,0,184.50999999999999,0
6,3180,11198,1,0,174.40799999999999,0
6,3181,11206,1,0,194.16399999999999,0
6,3182,11214,1,0,198.124,0
6,3183,11222,1,0,205.09200000000001,0
6,3184,11230,1,0,184.19200000000001,0
6,3185,11238,1,0,204.21000000000001,0
6,3186,11246,1,0,170.90199999999999,0
6,3187,11254,1,0,190.98699999999999,0
6,3188,11262,1,0,193.87100000000001,0
6,3189,11270,1,0,197.02699999999999,0
6,3190,11278,1,0,183.00200000000001,0
6,3191,11286,1,0,189.86600000000001,0
6,3192,11294,1,0,183.62799999999999,0
6,3193,11302,1,0,123.75,0
6,3194,11310,1,0,182.78,0
6,3195,11318,1,0,157.56,0
6,3196,11326,1,0,139.363,0
6,3197,11334,1,0,186.01900000000001,0
6,3198,11342,1,0,168.518,0
6,3199,11350,1,0,187.417,0
6,3200,11358,1,0,155.18799999999999,0
6,3201,11366,1,0,205.99000000000001,0
6,3202,11374,1,0,165.90799999999999,0
6,3203,11382,1,0,198.13200000000001,0
6,3204,11390,1,0,187.87,0
6,3205,11398,1,0,169.51599999999999,0
6,3206,11406,1,0,193.64500000000001,0
6,3207,11414,1,0,144.29300000000001,0
6,3208,11422,1,0,199.892,0
6,3209,11430,1,0,190.77000000000001,0
6,3210,11438,1,0,194.238,0
6,3211,11446,1,0,190.745,0
6,3212,11454,1,0,165.81299999999999,0
6,3213,11462,1,0,155.16999999999999,0
6,3214,11470,1,0,185.17099999999999,0
6,3215,11478,1,0,171.203,0
6,3216,11486,1,0,150.31200000000001,0
6,3217,11494,1,0,192.095,0
6,3218,11502,1,0,185.434,0
6,3219,11510,1,0,190.20500000000001,0
6,3220,11518,1,0,126.523,0
6,3221,11526,1,0,166.63999999999999,0
6,3222,11534,1,0,140.91900000000001,0
6,3223,11542,1,0,180.827,0
6,3224,11550,1,0,177.47,0
6,3225,11558,1,0,146.065,0
6,3226,11566,1,0,157.38200000000001,0
6,3227,11574,1,0,173.423,0
6,3228,11582,1,0,194.358,0
6,3229,11590,1,0,185.71100000000001,0
6,3230,11598,1,0,202.691,0
6,3231,11606,1,0,188.46799999999999,0
6,3232,11614,1,0,185.714,0
6,3233,11622,1,0,191.447,0
6,3234,11630,1,0,194.11000000000001,0
6,3235,11638,1,0,167.56299999999999,0
6,3236,11646,1,0,194.703,0
6,3237,11654,1,0,188.01499999999999,0
6,3238,11662,1,0,195.09100000000001,0
6,3239,11670,1,0,198.34399999999999,0
6,3240,11678,1,0,181.619,0
6,3241,11686,1,0,178.89699999999999,0
6,3242,11694,1,0,171.279,0
6,3243,11702,1,0,156.19399999999999,0
6,3244,11710,1,0,199.74799999999999,0
6,3245,11718,1,0,181.428,0
6,3246,11726,1,0,154.00700000000001,0
6,3247,11734,1,0,186.15799999999999,0
6,3248,11742,1,0,177.53100000000001,0
6,3249,11750,1,0,173.34299999999999,0
6,3250,11758,1,0,163.749,0
6,3251,11766,1,0,197.89699999999999,0
6,3252,11774,1,0,180.387,0
6,3253,11782,1,0,179.60300000000001,0
6,3254,11790,1,0,135.41200000000001,0
6,3255,11798,1,0,171.59700000000001,0
6,3256,11806,1,0,198.36600000000001,0
6,3257,11814,1,0,200.435,0
6,3258,11822,1,0,187.84700000000001,0
6,3259,11830,1,0,174.31299999999999,0
6,3260,11838,1,0,164.00200000000001,0
6,3261,11846,1,0,166.63399999999999,0
6,3262,11854,1,0,183.00200000000001,0
6,3263,11862,1,0,204.47399999999999,0
6,3264,11870,1,0,178.15600000000001,0
6,3265,11878,1,0,172.89500000000001,0
6,3266,11886,1,0,142.68600000000001,0
6,3267,11894,1,0,178.90199999999999,0
6,3268,11902,1,0,185.68700000000001,0
6,3269,11910,1,0,119.709,0
6,3270,11918,1,0,187.37899999999999,0
6,3271,11926,1,0,180.69999999999999,0
6,3272,11934,1,0,162.51499999999999,0
6,3273,11942,1,0,168.71199999999999,0
6,3274,11950,1,0,172.93899999999999,0
6,3275,11958,1,0,145.935,0
6,3276,11966,1,0,170.68199999999999,0
6,3277,11974,1,0,188.27699999999999,0
6,3278,11982,1,0,158.673,0
6,3279,11990,1,0,182.654,0
6,3280,11998,1,0,173.78800000000001,0
6,3281,12006,1,0,128.01300000000001,0
6,3282,12014,1,0,163.31999999999999,0
6,3283,12022,1,0,172.16999999999999,0
6,3284,12030,1,0,169.54599999999999,0
6,3285,12038,1,0,198.721,0
6,3286,12046,1,0,154.041,0
6,3287,12054,1,0,202.64699999999999,0
6,3288,12062,1,0,171.73400000000001,0
6,3289,12070,1,0,173.12200000000001,0
6,3290,12078,1,0,146.982,0
6,3291,12086,1,0,189.25299999999999,0
6,3292,12094,1,0,191.62200000000001,0
6,3293,12102,1,0,160.04300000000001,0
6,3294,12110,1,0,191.44399999999999,0
6,3295,12118,1,0,184.56399999999999,0
6,3296,12126,1,0,201.197,0
6,3297,12134,1,0,208.56299999999999,0
6,3298,12142,1,0,150.96000000000001,0
6,3299,12150,1,0,187.22200000000001,0
6,3300,12158,1,0,214.10599999999999,0
6,3301,12166,1,0,197.48500000000001,0
6,3302,12174,1,0,182.81100000000001,0
6,3303,12182,1,0,184.018,0
6,3304,12190,1,0,176.101,0
6,3305,12198,1,0,192.416,0
6,3306,12206,1,0,119.256,0
6,3307,12214,1,0,185.25899999999999,0
6,3308,12222,1,0,142.572,0
6,3309,12230,1,0,210.23500000000001,0
6,3310,12238,1,0,165.91399999999999,0
6,3311,12246,1,0,154.94200000000001,0
6,3312,12254,1,0,205.51400000000001,0
6,3313,12262,1,0,158.97800000000001,0
6,3314,12270,1,0,176.73599999999999,0
6,3315,12278,1,0,195.33000000000001,0
6,3316,12286,1,0,159.79300000000001,0
6,3317,12294,1,0,169.17699999999999,0
6,3318,12302,1,0,198.37700000000001,0
6,3319,12310,1,0,183.73400000000001,0
6,3320,12318,1,0,174.23599999999999,0
6,3321,12326,1,0,199.083,0
6,3322,12334,1,0,185.495,0
6,3323,12342,1,0,175.345,0
6,3324,12350,1,0,182.07300000000001,0
6,3325,12358,1,0,180.28800000000001,0
6,3326,12366,1,0,149.38900000000001,0
6,3327,12374,1,0,145.608,0
6,3328,12382,1,0,185.16399999999999,0
6,3329,12390,1,0,178.78999999999999,0
6,3330,12398,1,0,177.12299999999999,0
6,3331,12406,1,0,194.79900000000001,0
6,3332,12414,1,0,167.33600000000001,0
6,3333,12422,1,0,159.84100000000001,0
6,3334,12430,1,0,170.48400000000001,0
6,3335,12438,1,0,171.017,0
6,3336,12446,1,0,149.34200000000001,0
6,3337,12454,1,0,183.91999999999999,0
6,3338,12462,1,0,134.50299999999999,0
6,3339,12470,1,0,136.36099999999999,0
6,3340,12478,1,0,169.988,0
6,3341,12486,1,0,146.27600000000001,0
6,3342,12494,1,0,168.43700000000001,0
6,3343,12502,1,0,176.096,0
6,3344,12510,1,0,176.172,0
6,3345,12518,1,0,142.79400000000001,0
6,3346,12526,1,0,170.38800000000001,0
6,3347,12534,1,0,179.30600000000001,0
6,3348,12542,1,0,185.92500000000001,0
6,3349,12550,1,0,204.75,0
6,3350,12558,1,0,183.23699999999999,0
6,3351,12566,1,0,195.898,0
6,3352,12574,1,0,161.15600000000001,0
6,3353,12582,1,0,198.92599999999999,0
6,3354,12590,1,0,205.357,0
6,3355,12598,1,0,194.084,0
6,3356,12606,1,0,166.14699999999999,0
6,3357,12614,1,0,194.30199999999999,0
6,3358,12622,1,0,151.79499999999999,0
6,3359,12630,1,0,178.291,0
6,3360,12638,1,0,191.494,0
6,3361,12646,1,0,197.27000000000001,0
6,3362,12654,1,0,200.51400000000001,0
6,3363,12662,1,0,194.78800000000001,0
6,3364,12670,1,0,148.65100000000001,0
6,3365,12678,1,0,176.303,0
6,3366,12686,1,0,187.89500000000001,0
6,3367,12694,1,0,153.19399999999999,0
6,3368,12702,1,0,169.85300000000001,0
6,3369,12710,1,0,159.29499999999999,0
6,3370,12718,1,0,177.79499999999999,0
6,3371,12726,1,0,188.97200000000001,0
6,3372,12734,1,0,189.78899999999999,0
6,3373,12742,1,0,177.66200000000001,0
6,3374,12750,1,0,172.209,0
6,3375,12758,1,0,135.232,0
6,3376,12766,1,0,181.38499999999999,0
6,3377,12774,1,0,171.095,0
6,3378,12782,1,0,144.494,0
6,3379,12790,1,0,115.63,0
6,3380,12798,1,0,185.74799999999999,0
6,3381,12806,1,0,126.45699999999999,0
6,3382,12814,1,0,215.97,0
6,3383,12822,1,0,193.22,0
6,3384,12830,1,0,162.07300000000001,0
6,3385,12838,1,0,156.08699999999999,0
6,3386,12846,1,0,207.291,0
6,3387,12854,1,0,171.905,0
6,3388,12862,1,0,156.12299999999999,0
6,3389,12870,1,0,165.697,0
6,3390,12878,1,0,147.85499999999999,0
6,3391,12886,1,0,169.809,0
6,3392,12894,1,0,140.93000000000001,0
6,3393,12902,1,0,178.982,0
6,3394,12910,1,0,150.81899999999999,0
6,3395,12918,1,0,152.54599999999999,0
6,3396,12926,1,0,186.50899999999999,0
6,3397,12934,1,0,187.83600000000001,0
6,3398,12942,1,0,156.34299999999999,0
6,3399,12950,1,0,179.55600000000001,0
6,3400,12958,1,0,152.666,0
6,3401,12966,1,0,235.13800000000001,0
6,3402,12974,1,0,191.28899999999999,0
6,3403,12982,1,0,193.69200000000001,0
6,3404,12990,1,0,158.72800000000001,0
6,3405,12998,1,0,203.15799999999999,0
6,3406,13006,1,0,165.958,0
6,3407,13014,1,0,199.65799999999999,0
6,3408,13022,1,0,123.145,0
6,3409,13030,1,0,129.58199999999999,0
6,3410,13038,1,0,207.55699999999999,0
6,3411,13046,1,0,177.88200000000001,0
6,3412,13054,1,0,132.48099999999999,0
6,3413,13062,1,0,198.03700000000001,0
6,3414,13070,1,0,195.018,0
6,3415,13078,1,0,168.49600000000001,0
6,3416,13086,1,0,161.107,0
6,3417,13094,1,0,191.52199999999999,0
6,3418,13102,1,0,172.71899999999999,0
6,3419,13110,1,0,195.61000000000001,0
6,3420,13118,1,0,181.334,0
6,3421,13126,1,0,164.05600000000001,0
6,3422,13134,1,0,177.48500000000001,0
6,3423,13142,1,0,175.70599999999999,0
6,3424,13150,1,0,133.541,0
6,3425,13158,1,0,186.57499999999999,0
6,3426,13166,1,0,170.863,0
6,3427,13174,1,0,190.41300000000001,0
6,3428,13182,1,0,120.526,0
6,3429,13190,1,0,165.71799999999999,0
6,3430,13198,1,0,190.38900000000001,0
6,3431,13206,1,0,179.452,0
6,3432,13214,1,0,180.31200000000001,0
6,3433,13222,1,0,153.23099999999999,0
6,3434,13230,1,0,162.46100000000001,0
6,3435,13238,1,0,175.62700000000001,0
6,3436,13246,1,0,169.73500000000001,0
6,3437,13254,1,0,135.43899999999999,0
6,3438,13262,1,0,185.17699999999999,0
6,3439,13270,1,0,165.95599999999999,0
6,3440,13278,1,0,186.56399999999999,0
6,3441,13286,1,0,181.94800000000001,0
6,3442,13294,1,0,199.786,0
6,3443,13302,1,0,157.71299999999999,0
6,3444,13310,1,0,181.649,0
6,3445,13318,1,0,146.38,0
6,3446,13326,1,0,146.74799999999999,0
6,3447,13334,1,0,170.68299999999999,0
6,3448,13342,1,0,182.71299999999999,0
6,3449,13350,1,0,174.15299999999999,0
6,3450,13358,1,0,182.25899999999999,0
6,3451,13366,1,0,187.19300000000001,0
6,3452,13374,1,0,164.29300000000001,0
6,3453,13382,1,0,189.405,0
6,3454,13390,1,0,168.69900000000001,0
6,3455,13398,1,0,165.541,0
6,3456,13406,1,0,167.93600000000001,0
6,3457,13414,1,0,122.643,0
6,3458,13422,1,0,187.876,0
6,3459,13430,1,0,176.46899999999999,0
6,3460,13438,1,0,189.33799999999999,0
6,3461,13446,1,0,112.396,0
6,3462,13454,1,0,179.03999999999999,0
6,3463,13462,1,0,189.38900000000001,0
6,3464,13470,1,0,175.59800000000001,0
6,3465,13478,1,0,172.869,0
6,3466,13486,1,0,226.19200000000001,0
6,3467,13494,1,0,172.53299999999999,0
6,3468,13502,1,0,189.827,0
6,3469,13510,1,0,186.08600000000001,0
6,3470,13518,1,0,185.18100000000001,0
6,3471,13526,1,0,153.364,0
6,3472,13534,1,0,200.09399999999999,0
6,3473,13542,1,0,165.79300000000001,0
6,3474,13550,1,0,167.12100000000001,0
6,3475,13558,1,0,182.71100000000001,0
6,3476,13566,1,0,190.39099999999999,0
6,3477,13574,1,0,146.29400000000001,0
6,3478,13582,1,0,162.70099999999999,0
6,3479,13590,1,0,185.21600000000001,0
6,3480,13598,1,0,172.297,0
6,3481,13606,1,0,185.464,0
6,3482,13614,1,0,145.892,0
6,3483,13622,1,0,161.18600000000001,0
6,3484,13630,1,0,178.19399999999999,0
6,3485,13638,1,0,192.57900000000001,0
6,3486,13646,1,0,154.45400000000001,0
6,3487,13654,1,0,139.28700000000001,0
6,3488,13662,1,0,183.25899999999999,0
6,3489,13670,1,0,183.60300000000001,0
6,3490,13678,1,0,185.22900000000001,0
6,3491,13686,1,0,172.53,0
6,3492,13694,1,0,188.976,0
6,3493,13702,1,0,183.20599999999999,0
6,3494,13710,1,0,191.226,0
6,3495,13718,1,0,175.208,0
6,3496,13726,1,0,184.28200000000001,0
6,3497,13734,1,0,189.387,0
6,3498,13742,1,0,177.53899999999999,0
6,3499,13750,1,0,171.88,0
6,3500,13758,1,0,171.012,0
6,3501,13766,1,0,163.774,0
6,3502,13774,1,0,179.83600000000001,0
6,3503,13782,1,0,178.97999999999999,0
6,3504,13790,1,0,144.339,0
6,3505,13798,1,0,205.518,0
6,3506,13806,1,0,178.81,0
6,3507,13814,1,0,193.35300000000001,0
6,3508,13822,1,0,195.27099999999999,0
6,3509,13830,1,0,138.864,0
6,3510,13838,1,0,190.73099999999999,0
6,3511,13846,1,0,188.99700000000001,0
6,3512,13854,1,0,141.904,0
6,3513,13862,1,0,159.65100000000001,0
6,3514,13870,1,0,157.184,0
6,3515,13878,1,0,205.38800000000001,0
6,3516,13886,1,0,199.08000000000001,0
6,3517,13894,1,0,175.21100000000001,0
6,3518,13902,1,0,179.196,0
6,3519,13910,1,0,177.65899999999999,0
6,3520,13918,1,0,145.76499999999999,0
6,3521,13926,1,0,191.63900000000001,0
6,3522,13934,1,0,184.01499999999999,0
6,3523,13942,1,0,178.65700000000001,0
6,3524,13950,1,0,188.74100000000001,0
6,3525,13958,1,0,159.74799999999999,0
6,3526,13966,1,0,197.93100000000001,0
6,3527,13974,1,0,166.08699999999999,0
6,3528,13982,1,0,154.41200000000001,0
6,3529,13990,1,0,144.357,0
6,3530,13998,1,0,149.41,0
6,3531,14006,1,0,153.155,0
6,3532,14014,1,0,165.357,0
6,3533,14022,1,0,196.96000000000001,0
6,3534,14030,1,0,208.13399999999999,0
6,3535,14038,1,0,196.40899999999999,0
6,3536,14046,1,0,127.096,0
6,3537,14054,1,0,197.82599999999999,0
6,3538,14062,1,0,179.66499999999999,0
6,3539,14070,1,0,182.08099999999999,0
6,3540,14078,1,0,156.35599999999999,0
6,3541,14086,1,0,186.005,0
6,3542,14094,1,0,157.059,0
6,3543,14102,1,0,176.078,0
6,3544,14110,1,0,176.31200000000001,0
6,3545,14118,1,0,175.22399999999999,0
6,3546,14126,1,0,175.65700000000001,0
6,3547,14134,1,0,164.24799999999999,0
6,3548,14142,1,0,171.048,0
6,3549,14150,1,0,192.80000000000001,0
6,3550,14158,1,0,194.09,0
6,3551,14166,1,0,196.09800000000001,0
6,3552,14174,1,0,148.459,0
6,3553,14182,1,0,126.76300000000001,0
6,3554,14190,1,0,169.74100000000001,0
6,3555,14198,1,0,158.37,0
6,3556,14206,1,0,179.465,0
6,3557,14214,1,0,180.03999999999999,0
6,3558,14222,1,0,178.726,0
6,3559,14230,1,0,168.316,0
6,3560,14238,1,0,167.215,0
6,3561,14246,1,0,153.03700000000001,0
6,3562,6,2,0,176.69200000000001,0
6,3563,14,2,0,156.554,0
6,3564,22,2,0,173.28200000000001,0
6,3565,30,2,0,193.78399999999999,0
6,3566,38,2,0,182.98400000000001,0
6,3567,46,2,0,181.286,0
6,3568,54,2,0,167.184,0
6,3569,62,2,0,211.048,0
6,3570,70,2,0,174.75800000000001,0
6,3571,78,2,0,188.88999999999999,0
6,3572,86,2,0,175,0
6,3573,94,2,0,166.76599999999999,0
6,3574,102,2,0,184.05500000000001,0
6,3575,110,2,0,161.274,0
6,3576,118,2,0,146.50399999999999,0
6,3577,126,2,0,168.68799999999999,0
6,3578,134,2,0,190.226,0
6,3579,142,2,0,189.34899999999999,0
6,3580,150,2,0,171.93799999999999,0
6,3581,158,2,0,168.53299999999999,0
6,3582,166,2,0,192.21600000000001,0
6,3583,174,2,0,195.81899999999999,0
6,3584,182,2,0,173.87100000000001,0
6,3585,190,2,0,192.85900000000001,0
6,3586,198,2,0,187.75,0
6,3587,206,2,0,159.70099999999999,0
6,3588,214,2,0,178.84,0
6,3589,222,2,0,186.16200000000001,0
6,3590,230,2,0,185.161,0
6,3591,238,2,0,171.04300000000001,0
6,3592,246,2,0,168.51499999999999,0
6,3593,254,2,0,163.376,0
6,3594,262,2,0,166.512,0
6,3595,270,2,0,171.65899999999999,0
6,3596,278,2,0,144.46799999999999,0
6,3597,286,2,0,157.696,0
6,3598,294,2,0,173.77000000000001,0
6,3599,302,2,0,171.916,0
6,3600,310,2,0,127.111,0
6,3601,318,2,0,150.81299999999999,0
6,3602,326,2,0,181.875,0
6,3603,334,2,0,197.37799999999999,0
6,3604,342,2,0,162.08799999999999,0
6,3605,350,2,0,180.589,0
6,3606,358,2,0,170.96100000000001,0
6,3607,366,2,0,181.386,0
6,3608,374,2,0,180.078,0
6,3609,382,2,0,161.126,0
6,3610,390,2,0,158.249,0
6,3611,398,2,0,170.10300000000001,0
6,3612,406,2,0,189.40100000000001,0
6,3613,414,2,0,142.72499999999999,0
6,3614,422,2,0,182.72499999999999,0
6,3615,430,2,0,210.36600000000001,0
6,3616,438,2,0,187.41999999999999,0
6,3617,446,2,0,170.17699999999999,0
6,3618,454,2,0,166.53700000000001,0
6,3619,462,2,0,162.91900000000001,0
6,3620,470,2,0,167.35300000000001,0
6,3621,478,2,0,157.96799999999999,0
6,3622,486,2,0,147.76900000000001,0
6,3623,494,2,0,172.18799999999999,0
6,3624,502,2,0,176.64400000000001,0
6,3625,510,2,0,173.94399999999999,0
6,3626,518,2,0,187.25999999999999,0
6,3627,526,2,0,194.47300000000001,0
6,3628,534,2,0,213.345,0
6,3629,542,2,0,194.94200000000001,0
6,3630,550,2,0,154.95400000000001,0
6,3631,558,2,0,195.77000000000001,0
6,3632,566,2,0,193.95500000000001,0
6,3633,574,2,0,150.02600000000001,0
6,3634,582,2,0,182.059,0
6,3635,590,2,0,141.149,0
6,3636,598,2,0,204.005,0
6,3637,606,2,0,166.03800000000001,0
6,3638,614,2,0,171.25299999999999,0
6,3639,622,2,0,132.00399999999999,0
6,3640,630,2,0,163.80600000000001,0
6,3641,638,2,0,154.90299999999999,0
6,3642,646,2,0,189.19800000000001,0
6,3643,654,2,0,171.88300000000001,0
6,3644,662,2,0,188.33799999999999,0
6,3645,670,2,0,184.82400000000001,0
6,3646,678,2,0,154.03899999999999,0
6,3647,686,2,0,171.166,0
6,3648,694,2,0,160.33500000000001,0
6,3649,702,2,0,163.84299999999999,0
6,3650,710,2,0,180.93000000000001,0
6,3651,718,2,0,211.08799999999999,0
6,3652,726,2,0,175.45500000000001,0
6,3653,734,2,0,178.81200000000001,0
6,3654,742,2,0,164.04400000000001,0
6,3655,750,2,0,183.285,0
6,3656,758,2,0,179.488,0
6,3657,766,2,0,201.89099999999999,0
6,3658,774,2,0,200.35599999999999,0
6,3659,782,2,0,150.57499999999999,0
6,3660,790,2,0,186.82499999999999,0
6,3661,798,2,0,185.87799999999999,0
6,3662,806,2,0,170.59200000000001,0
6,3663,814,2,0,149.61000000000001,0
6,3664,822,2,0,138.55199999999999,0
6,3665,830,2,0,167.78100000000001,0
6,3666,838,2,0,163.834,0
6,3667,846,2,0,159.77799999999999,0
6,3668,854,2,0,185.249,0
6,3669,862,2,0,185.107,0
6,3670,870,2,0,183.44999999999999,0
6,3671,878,2,0,193.59700000000001,0
6,3672,886,2,0,174.88499999999999,0
6,3673,894,2,0,133.61000000000001,0
6,3674,902,2,0,207.339,0
6,3675,910,2,0,170.756,0
6,3676,918,2,0,188.21700000000001,0
6,3677,926,2,0,201.529,0
6,3678,934,2,0,173.97200000000001,0
6,3679,942,2,0,168.12,0
6,3680,950,2,0,187.29300000000001,0
6,3681,958,2,0,164.78800000000001,0
6,3682,966,2,0,183.11600000000001,0
6,3683,974,2,0,181.012,0
6,3684,982,2,0,180.614,0
6,3685,990,2,0,188.816,0
6,3686,998,2,0,181.071,0
6,3687,1006,2,0,192.28100000000001,0
6,3688,1014,2,0,163.16300000000001,0
6,3689,1022,2,0,199.446,0
6,3690,1030,2,0,125.181,0
6,3691,1038,2,0,170.93199999999999,0
6,3692,1046,2,0,183.72999999999999,0
6,3693,1054,2,0,155.23500000000001,0
6,3694,1062,2,0,193.952,0
6,3695,1070,2,0,177.18600000000001,0
6,3696,1078,2,0,182.84399999999999,0
6,3697,1086,2,0,190.77000000000001,0
6,3698,1094,2,0,189.81899999999999,0
6,3699,1102,2,0,191.16800000000001,0
6,3700,1110,2,0,142.10900000000001,0
6,3701,1118,2,0,153.495,0
6,3702,1126,2,0,186.155,0
6,3703,1134,2,0,179.43199999999999,0
6,3704,1142,2,0,168.381,0
6,3705,1150,2,0,191.11600000000001,0
6,3706,1158,2,0,194.81800000000001,0
6,3707,1166,2,0,175.73400000000001,0
6,3708,1174,2,0,153.21799999999999,0
6,3709,1182,2,0,202.483,0
6,3710,1190,2,0,180.54300000000001,0
6,3711,1198,2,0,149.709,0
6,3712,1206,2,0,179.47499999999999,0
6,3713,1214,2,0,216.59800000000001,0
6,3714,1222,2,0,174.81700000000001,0
6,3715,1230,2,0,140.80199999999999,0
6,3716,1238,2,0,172.804,0
6,3717,1246,2,0,173.178,0
6,3718,1254,2,0,169.39500000000001,0
6,3719,1262,2,0,168.54599999999999,0
6,3720,1270,2,0,205.75800000000001,0
6,3721,1278,2,0,205.827,0
6,3722,1286,2,0,157.761,0
6,3723,1294,2,0,171.26400000000001,0
6,3724,1302,2,0,188.29499999999999,0
6,3725,1310,2,0,157.25299999999999,0
6,3726,1318,2,0,187.24299999999999,0
6,3727,1326,2,0,171.959,0
6,3728,1334,2,0,176.67699999999999,0
6,3729,1342,2,0,178.875,0
6,3730,1350,2,0,189.572,0
6,3731,1358,2,0,170.096,0
6,3732,1366,2,0,154.041,0
6,3733,1374,2,0,159.69900000000001,0
6,3734,1382,2,0,194.25399999999999,0
6,3735,1390,2,0,195.22300000000001,0
6,3736,1398,2,0,138.16399999999999,0
6,3737,1406,2,0,196.93199999999999,0
6,3738,1414,2,0,194.71199999999999,0
6,3739,1422,2,0,152.935,0
6,3740,1430,2,0,183.30699999999999,0
6,3741,1438,2,0,202.07599999999999,0
6,3742,1446,2,0,186.94300000000001,0
6,3743,1454,2,0,165.78399999999999,0
6,3744,1462,2,0,133.78700000000001,0
6,3745,1470,2,0,188.20500000000001,0
6,3746,1478,2,0,194.06299999999999,0
6,3747,1486,2,0,181.49199999999999,0
6,3748,1494,2,0,145.41800000000001,0
6,3749,1502,2,0,151.58799999999999,0
6,3750,1510,2,0,185.02000000000001,0
6,3751,1518,2,0,171.273,0
6,3752,1526,2,0,194.56899999999999,0
6,3753,1534,2,0,200.97300000000001,0
6,3754,1542,2,0,159.81299999999999,0
6,3755,1550,2,0,206.66300000000001,0
6,3756,1558,2,0,196.26300000000001,0
6,3757,1566,2,0,156.375,0
6,3758,1574,2,0,162.892,0
6,3759,1582,2,0,168.12,0
6,3760,1590,2,0,163.03399999999999,0
6,3761,1598,2,0,141.922,0
6,3762,1606,2,0,187.81899999999999,0
6,3763,1614,2,0,165.15199999999999,0
6,3764,1622,2,0,159.46799999999999,0
6,3765,1630,2,0,179.55000000000001,0
6,3766,1638,2,0,177.35900000000001,0
6,3767,1646,2,0,159.86099999999999,0
6,3768,1654,2,0,185.59100000000001,0
6,3769,1662,2,0,191.44900000000001,0
6,3770,1670,2,0,179.21199999999999,0
6,3771,1678,2,0,176.78899999999999,0
6,3772,1686,2,0,183.33799999999999,0
6,3773,1694,2,0,154.36000000000001,0
6,3774,1702,2,0,159.78399999999999,0
6,3775,1710,2,0,176.221,0
6,3776,1718,2,0,177.089,0
6,3777,1726,2,0,194.41,0
6,3778,1734,2,0,155.881,0
6,3779,1742,2,0,146.40299999999999,0
6,3780,1750,2,0,154.006,0
6,3781,1758,2,0,162.97300000000001,0
6,3782,1766,2,0,154.06100000000001,0
6,3783,1774,2,0,165.34399999999999,0
6,3784,1782,2,0,159.93700000000001,0
6,3785,1790,2,0,176.09299999999999,0
6,3786,1798,2,0,165.00200000000001,0
6,3787,1806,2,0,189.804,0
6,3788,1814,2,0,180.18600000000001,0
6,3789,1822,2,0,148.68799999999999,0
6,3790,1830,2,0,175.53399999999999,0
6,3791,1838,2,0,197.34899999999999,0
6,3792,1846,2,0,221.30500000000001,0
6,3793,1854,2,0,173.399,0
6,3794,1862,2,0,175.017,0
6,3795,1870,2,0,171.75399999999999,0
6,3796,1878,2,0,192.28399999999999,0
6,3797,1886,2,0,140.785,0
6,3798,1894,2,0,179.797,0
6,3799,1902,2,0,171.06200000000001,0
6,3800,1910,2,0,187.46799999999999,0
6,3801,1918,2,0,153.37,0
6,3802,1926,2,0,187.50899999999999,0
6,3803,1934,2,0,192.625,0
6,3804,1942,2,0,189.74000000000001,0
6,3805,1950,2,0,206.36500000000001,0
6,3806,1958,2,0,188.97300000000001,0
6,3807,1966,2,0,194.36699999999999,0
6,3808,1974,2,0,204.464,0
6,3809,1982,2,0,193.494,0
6,3810,1990,2,0,150.279,0
6,3811,1998,2,0,161.50999999999999,0
6,3812,2006,2,0,196.94300000000001,0
6,3813,2014,2,0,138.86099999999999,0
6,3814,2022,2,0,186.48699999999999,0
6,3815,2030,2,0,169.15000000000001,0
6,3816,2038,2,0,148.328,0
6,3817,2046,2,0,189.636,0
6,3818,2054,2,0,150.43600000000001,0
6,3819,2062,2,0,187.72399999999999,0
6,3820,2070,2,0,166.672,0
6,3821,2078,2,0,188.654,0
6,3822,2086,2,0,169.24700000000001,0
6,3823,2094,2,0,186.66300000000001,0
6,3824,2102,2,0,153.59100000000001,0
6,3825,2110,2,0,172.41,0
6,3826,2118,2,0,162.41800000000001,0
6,3827,2126,2,0,182.44800000000001,0
6,3828,2134,2,0,174.678,0
6,3829,2142,2,0,184.97,0
6,3830,2150,2,0,162.39500000000001,0
6,3831,2158,2,0,163.38399999999999,0
6,3832,2166,2,0,145.126,0
6,3833,2174,2,0,179.29599999999999,0
6,3834,2182,2,0,175.096,0
6,3835,2190,2,0,171.22300000000001,0
6,3836,2198,2,0,194.37799999999999,0
6,3837,2206,2,0,209.852,0
6,3838,2214,2,0,152.09,0
6,3839,2222,2,0,192.07599999999999,0
6,3840,2230,2,0,170.38200000000001,0
6,3841,2238,2,0,154.26499999999999,0
6,3842,2246,2,0,180.27500000000001,0
6,3843,2254,2,0,177.38300000000001,0
6,3844,2262,2,0,205.965,0
6,3845,2270,2,0,189.28200000000001,0
6,3846,2278,2,0,143.66999999999999,0
6,3847,2286,2,0,156.06100000000001,0
6,3848,2294,2,0,178.93600000000001,0
6,3849,2302,2,0,186.834,0
6,3850,2310,2,0,167.459,0
6,3851,2318,2,0,163.84200000000001,0
6,3852,2326,2,0,178.31,0
6,3853,2334,2,0,179.459,0
6,3854,2342,2,0,165.87200000000001,0
6,3855,2350,2,0,196.21199999999999,0
6,3856,2358,2,0,206.69800000000001,0
6,3857,2366,2,0,175.38300000000001,0
6,3858,2374,2,0,188.11000000000001,0
6,3859,2382,2,0,184.066,0
6,3860,2390,2,0,175.24100000000001,0
6,3861,2398,2,0,176.89699999999999,0
6,3862,2406,2,0,146.952,0
6,3863,2414,2,0,188.38499999999999,0
6,3864,2422,2,0,190.89500000000001,0
6,3865,2430,2,0,184.66,0
6,3866,2438,2,0,156.50200000000001,0
6,3867,2446,2,0,184.821,0
6,3868,2454,2,0,185.916,0
6,3869,2462,2,0,201.21100000000001,0
6,3870,2470,2,0,197.268,0
6,3871,2478,2,0,190.41399999999999,0
6,3872,2486,2,0,181.697,0
6,3873,2494,2,0,175.935,0
6,3874,2502,2,0,169.65199999999999,0
6,3875,2510,2,0,193.79499999999999,0
6,3876,2518,2,0,178.227,0
6,3877,2526,2,0,197.80099999999999,0
6,3878,2534,2,0,183.126,0
6,3879,2542,2,0,178.69,0
6,3880,2550,2,0,175.93000000000001,0
6,3881,2558,2,0,189.34999999999999,0
6,3882,2566,2,0,161.114,0
6,3883,2574,2,0,167.006,0
6,3884,2582,2,0,180.55799999999999,0
6,3885,2590,2,0,151.91800000000001,0
6,3886,2598,2,0,169.62,0
6,3887,2606,2,0,170.58000000000001,0
6,3888,2614,2,0,170.75899999999999,0
6,3889,2622,2,0,176.994,0
6,3890,2630,2,0,182.39500000000001,0
6,3891,2638,2,0,200.08699999999999,0
6,3892,2646,2,0,182.696,0
6,3893,2654,2,0,131.946,0
6,3894,2662,2,0,116.52500000000001,0
6,3895,2670,2,0,190.74000000000001,0
6,3896,2678,2,0,175.583,0
6,3897,2686,2,0,214.58000000000001,0
6,3898,2694,2,0,157.685,0
6,3899,2702,2,0,171.69999999999999,0
6,3900,2710,2,0,178.47,0
6,3901,2718,2,0,174.31999999999999,0
6,3902,2726,2,0,202.39699999999999,0
6,3903,2734,2,0,182.37899999999999,0
6,3904,2742,2,0,199.602,0
6,3905,2750,2,0,177.19300000000001,0
6,3906,2758,2,0,190.995,0
6,3907,2766,2,0,243.21899999999999,0
6,3908,2774,2,0,179.47,0
6,3909,2782,2,0,158.26900000000001,0
6,3910,2790,2,0,178.28700000000001,0
6,3911,2798,2,0,181.28100000000001,0
6,3912,2806,2,0,159.04599999999999,0
6,3913,2814,2,0,163.99199999999999,0
6,3914,2822,2,0,168.82300000000001,0
6,3915,2830,2,0,189.73500000000001,0
6,3916,2838,2,0,154.13499999999999,0
6,3917,2846,2,0,130.06,0
6,3918,2854,2,0,132.262,0
6,3919,2862,2,0,219.63200000000001,0
6,3920,2870,2,0,190.971,0
6,3921,2878,2,0,165.54499999999999,0
6,3922,2886,2,0,199.31,0
6,3923,2894,2,0,165.434,0
6,3924,2902,2,0,147.33500000000001,0
6,3925,2910,2,0,130.19,0
6,3926,2918,2,0,184.08699999999999,0
6,3927,2926,2,0,189.44399999999999,0
6,3928,2934,2,0,179.941,0
6,3929,2942,2,0,190.18299999999999,0
6,3930,2950,2,0,191.90600000000001,0
6,3931,2958,2,0,180.80799999999999,0
6,3932,2966,2,0,184.42400000000001,0
6,3933,2974,2,0,170.65299999999999,0
6,3934,2982,2,0,174.75,0
6,3935,2990,2,0,191.20099999999999,0
6,3936,2998,2,0,169.05799999999999,0
6,3937,3006,2,0,173.81700000000001,0
6,3938,3014,2,0,189.096,0
6,3939,3022,2,0,204.41999999999999,0
6,3940,3030,2,0,185.071,0
6,3941,3038,2,0,157.40000000000001,0
6,3942,3046,2,0,205.28399999999999,0
6,3943,3054,2,0,187.75,0
6,3944,3062,2,0,172.67500000000001,0
6,3945,3070,2,0,176.571,0
6,3946,3078,2,0,183.09800000000001,0
6,3947,3086,2,0,168.91499999999999,0
6,3948,3094,2,0,163.512,0
6,3949,3102,2,0,177.78800000000001,0
6,3950,3110,2,0,178.261,0
6,3951,3118,2,0,158.24000000000001,0
6,3952,3126,2,0,177.81899999999999,0
6,3953,3134,2,0,201.26300000000001,0
6,3954,3142,2,0,185.95099999999999,0
6,3955,3150,2,0,164.41900000000001,0
6,3956,3158,2,0,156.006,0
6,3957,3166,2,0,188.95099999999999,0
6,3958,3174,2,0,177.024,0
6,3959,3182,2,0,197.774,0
6,3960,3190,2,0,192.05600000000001,0
6,3961,3198,2,0,184.12100000000001,0
6,3962,3206,2,0,176.37200000000001,0
6,3963,3214,2,0,174.19399999999999,0
6,3964,3222,2,0,173.87,0
6,3965,3230,2,0,118.23999999999999,0
6,3966,3238,2,0,151.66300000000001,0
6,3967,3246,2,0,181.97399999999999,0
6,3968,3254,2,0,191.536,0
6,3969,3262,2,0,186.91499999999999,0
6,3970,3270,2,0,176.13399999999999,0
6,3971,3278,2,0,190.916,0
6,3972,3286,2,0,206.67599999999999,0
6,3973,3294,2,0,179.018,0
6,3974,3302,2,0,221.762,0
6,3975,3310,2,0,174.08799999999999,0
6,3976,3318,2,0,189.05799999999999,0
6,3977,3326,2,0,183.542,0
6,3978,3334,2,0,169.49100000000001,0
6,3979,3342,2,0,179.501,0
6,3980,3350,2,0,184.60400000000001,0
6,3981,3358,2,0,156.12700000000001,0
6,3982,3366,2,0,206.74000000000001,0
6,3983,3374,2,0,156.15899999999999,0
6,3984,3382,2,0,165.16399999999999,0
6,3985,3390,2,0,187.55799999999999,0
6,3986,3398,2,0,170.755,0
6,3987,3406,2,0,174.88,0
6,3988,3414,2,0,157.52000000000001,0
6,3989,3422,2,0,182.72,0
6,3990,3430,2,0,178.21899999999999,0
6,3991,3438,2,0,170.97499999999999,0
6,3992,3446,2,0,189.56100000000001,0
6,3993,3454,2,0,174.33199999999999,0
6,3994,3462,2,0,178.005,0
6,3995,3470,2,0,200.25700000000001,0
6,3996,3478,2,0,185.85900000000001,0
6,3997,3486,2,0,170.648,0
6,3998,3494,2,0,132.21199999999999,0
6,3999,3502,2,0,164.465,0
6,4000,3510,2,0,170.386,0
6,4001,3518,2,0,145.483,0
6,4002,3526,2,0,173.80000000000001,0
6,4003,3534,2,0,162.762,0
6,4004,3542,2,0,198.75899999999999,0
6,4005,3550,2,0,156.26300000000001,0
6,4006,3558,2,0,185.36699999999999,0
6,4007,3566,2,0,162.33000000000001,0
6,4008,3574,2,0,184.70699999999999,0
6,4009,3582,2,0,191.53299999999999,0
6,4010,3590,2,0,201.50700000000001,0
6,4011,3598,2,0,177.18199999999999,0
6,4012,3606,2,0,157.559,0
6,4013,3614,2,0,178.16900000000001,0
6,4014,3622,2,0,178.59999999999999,0
6,4015,3630,2,0,198.21199999999999,0
6,4016,3638,2,0,188.535,0
6,4017,3646,2,0,159.31200000000001,0
6,4018,3654,2,0,182.31399999999999,0
6,4019,3662,2,0,180.41999999999999,0
6,4020,3670,2,0,157.75299999999999,0
6,4021,3678,2,0,151.99700000000001,0
6,4022,3686,2,0,205.03999999999999,0
6,4023,3694,2,0,153.506,0
6,4024,3702,2,0,176.155,0
6,4025,3710,2,0,201.501,0
6,4026,3718,2,0,164.52199999999999,0
6,4027,3726,2,0,184.285,0
6,4028,3734,2,0,191.93000000000001,0
6,4029,3742,2,0,174.61099999999999,0
6,4030,3750,2,0,194.14099999999999,0
6,4031,3758,2,0,162.86699999999999,0
6,4032,3766,2,0,191.02000000000001,0
6,4033,3774,2,0,184.11199999999999,0
6,4034,3782,2,0,193.56100000000001,0
6,4035,3790,2,0,183.65100000000001,0
6,4036,3798,2,0,156.81899999999999,0
6,4037,3806,2,0,159.16399999999999,0
6,4038,3814,2,0,170.11500000000001,0
6,4039,3822,2,0,190.042,0
6,4040,3830,2,0,167.81800000000001,0
6,4041,3838,2,0,190.79499999999999,0
6,4042,3846,2,0,163.63200000000001,0
6,4043,3854,2,0,177.98699999999999,0
6,4044,3862,2,0,165.547,0
6,4045,3870,2,0,188.31899999999999,0
6,4046,3878,2,0,172.68700000000001,0
6,4047,3886,2,0,161.727,0
6,4048,3894,2,0,153.44200000000001,0
6,4049,3902,2,0,188.06200000000001,0
6,4050,3910,2,0,176.536,0
6,4051,3918,2,0,164.80500000000001,0
6,4052,3926,2,0,172.69800000000001,0
6,4053,3934,2,0,176.90600000000001,0
6,4054,3942,2,0,179.78399999999999,0
6,4055,3950,2,0,189.59100000000001,0
6,4056,3958,2,0,197.64599999999999,0
6,4057,3966,2,0,174.16,0
6,4058,3974,2,0,171.74199999999999,0
6,4059,3982,2,0,181.471,0
6,4060,3990,2,0,184.53299999999999,0
6,4061,3998,2,0,188.809,0
6,4062,4006,2,0,157.36000000000001,0
6,4063,4014,2,0,159.27699999999999,0
6,4064,4022,2,0,165.38300000000001,0
6,4065,4030,2,0,177.393,0
6,4066,4038,2,0,139.75299999999999,0
6,4067,4046,2,0,137.66900000000001,0
6,4068,4054,2,0,210.274,0
6,4069,4062,2,0,156.97200000000001,0
6,4070,4070,2,0,179.40600000000001,0
6,4071,4078,2,0,183.68799999999999,0
6,4072,4086,2,0,154.00999999999999,0
6,4073,4094,2,0,164.40799999999999,0
6,4074,4102,2,0,204.476,0
6,4075,4110,2,0,178.589,0
6,4076,4118,2,0,177.03,0
6,4077,4126,2,0,199.95400000000001,0
6,4078,4134,2,0,179.48500000000001,0
6,4079,4142,2,0,160.744,0
6,4080,4150,2,0,142.012,0
6,4081,4158,2,0,116.367,0
6,4082,4166,2,0,170.97,0
6,4083,4174,2,0,189.41999999999999,0
6,4084,4182,2,0,194.86799999999999,0
6,4085,4190,2,0,133.458,0
6,4086,4198,2,0,169.64099999999999,0
6,4087,4206,2,0,153.375,0
6,4088,4214,2,0,154.31399999999999,0
6,4089,4222,2,0,182.96899999999999,0
6,4090,4230,2,0,159.75200000000001,0
6,4091,4238,2,0,192.749,0
6,4092,4246,2,0,162.85300000000001,0
6,4093,4254,2,0,194.31999999999999,0
6,4094,4262,2,0,181.249,0
6,4095,4270,2,0,123.80500000000001,0
6,4096,4278,2,0,180.26599999999999,0
6,4097,4286,2,0,160.69,0
6,4098,4294,2,0,152.39500000000001,0
6,4099,4302,2,0,143.40700000000001,0
6,4100,4310,2,0,146.774,0
6,4101,4318,2,0,199.69399999999999,0
6,4102,4326,2,0,163.131,0
6,4103,4334,2,0,171.596,0
6,4104,4342,2,0,191.13300000000001,0
6,4105,4350,2,0,156.28999999999999,0
6,4106,4358,2,0,156.30799999999999,0
6,4107,4366,2,0,190.46799999999999,0
6,4108,4374,2,0,168.68199999999999,0
6,4109,4382,2,0,140.02099999999999,0
6,4110,4390,2,0,192.56899999999999,0
6,4111,4398,2,0,175.86000000000001,0
6,4112,4406,2,0,179.249,0
6,4113,4414,2,0,125.289,0
6,4114,4422,2,0,177.95400000000001,0
6,4115,4430,2,0,196.44800000000001,0
6,4116,4438,2,0,187.81299999999999,0
6,4117,4446,2,0,127.295,0
6,4118,4454,2,0,137.99600000000001,0
6,4119,4462,2,0,174.83699999999999,0
6,4120,4470,2,0,161.90600000000001,0
6,4121,4478,2,0,177.684,0
6,4122,4486,2,0,194.535,0
6,4123,4494,2,0,184.08500000000001,0
6,4124,4502,2,0,148.53,0
6,4125,4510,2,0,198.81700000000001,0
6,4126,4518,2,0,176.667,0
6,4127,4526,2,0,177.64099999999999,0
6,4128,4534,2,0,198.90700000000001,0
6,4129,4542,2,0,175.47499999999999,0
6,4130,4550,2,0,184.971,0
6,4131,4558,2,0,188.089,0
6,4132,4566,2,0,203.15199999999999,0
6,4133,4574,2,0,179.197,0
6,4134,4582,2,0,187.44300000000001,0
6,4135,4590,2,0,190.529,0
6,4136,4598,2,0,197.77199999999999,0
6,4137,4606,2,0,164.89500000000001,0
6,4138,4614,2,0,184.58199999999999,0
6,4139,4622,2,0,194.09,0
6,4140,4630,2,0,190.077,0
6,4141,4638,2,0,199.53899999999999,0
6,4142,4646,2,0,187.34200000000001,0
6,4143,4654,2,0,202.69800000000001,0
6,4144,4662,2,0,225.09700000000001,0
6,4145,4670,2,0,208.01900000000001,0
6,4146,4678,2,0,189.36099999999999,0
6,4147,4686,2,0,130.17699999999999,0
6,4148,4694,2,0,175.643,0
6,4149,4702,2,0,187.92400000000001,0
6,4150,4710,2,0,185.928,0
6,4151,4718,2,0,171.64500000000001,0
6,4152,4726,2,0,197.39599999999999,0
6,4153,4734,2,0,176.72900000000001,0
6,4154,4742,2,0,178.762,0
6,4155,4750,2,0,124.10299999999999,0
6,4156,4758,2,0,155.77199999999999,0
6,4157,4766,2,0,155.06,0
6,4158,4774,2,0,148.953,0
6,4159,4782,2,0,172.261,0
6,4160,4790,2,0,176.511,0
6,4161,4798,2,0,139.65100000000001,0
6,4162,4806,2,0,143.78700000000001,0
6,4163,4814,2,0,184.535,0
6,4164,4822,2,0,186.786,0
6,4165,4830,2,0,193.89699999999999,0
6,4166,4838,2,0,205.50299999999999,0
6,4167,4846,2,0,174.71199999999999,0
6,4168,4854,2,0,197.60499999999999,0
6,4169,4862,2,0,168.24199999999999,0
6,4170,4870,2,0,190.36000000000001,0
6,4171,4878,2,0,192.77099999999999,0
6,4172,4886,2,0,196.17099999999999,0
6,4173,4894,2,0,195.37,0
6,4174,4902,2,0,171.43600000000001,0
6,4175,4910,2,0,165.85900000000001,0
6,4176,4918,2,0,187.31999999999999,0
6,4177,4926,2,0,161.09,0
6,4178,4934,2,0,183.03,0
6,4179,4942,2,0,189.59299999999999,0
6,4180,4950,2,0,177.17099999999999,0
6,4181,4958,2,0,177.52600000000001,0
6,4182,4966,2,0,190.24299999999999,0
6,4183,4974,2,0,187.935,0
6,4184,4982,2,0,188.36199999999999,0
6,4185,4990,2,0,184.13,0
6,4186,4998,2,0,165.84200000000001,0
6,4187,5006,2,0,191.589,0
6,4188,5014,2,0,197.209,0
6,4189,5022,2,0,175.38399999999999,0
6,4190,5030,2,0,201.09200000000001,0
6,4191,5038,2,0,188.43000000000001,0
6,4192,5046,2,0,162.21600000000001,0
6,4193,5054,2,0,188.035,0
6,4194,5062,2,0,143.15799999999999,0
6,4195,5070,2,0,200.215,0
6,4196,5078,2,0,173.58500000000001,0
6,4197,5086,2,0,192.67500000000001,0
6,4198,5094,2,0,158.27099999999999,0
6,4199,5102,2,0,192.03899999999999,0
6,4200,5110,2,0,188.173,0
6,4201,5118,2,0,177.64400000000001,0
6,4202,5126,2,0,196.11000000000001,0
6,4203,5134,2,0,181.316,0
6,4204,5142,2,0,158.38399999999999,0
6,4205,5150,2,0,160.501,0
6,4206,5158,2,0,173.136,0
6,4207,5166,2,0,158.80799999999999,0
6,4208,5174,2,0,191.35400000000001,0
6,4209,5182,2,0,191.76900000000001,0
6,4210,5190,2,0,175.15000000000001,0
6,4211,5198,2,0,195.53700000000001,0
6,4212,5206,2,0,181.00899999999999,0
6,4213,5214,2,0,209.50899999999999,0
6,4214,5222,2,0,167.88999999999999,0
6,4215,5230,2,0,184.29499999999999,0
6,4216,5238,2,0,188.483,0
6,4217,5246,2,0,166.23599999999999,0
6,4218,5254,2,0,184.25899999999999,0
6,4219,5262,2,0,198.494,0
6,4220,5270,2,0,128.261,0
6,4221,5278,2,0,194.99299999999999,0
6,4222,5286,2,0,139.017,0
6,4223,5294,2,0,172.464,0
6,4224,5302,2,0,166.87700000000001,0
6,4225,5310,2,0,173.52199999999999,0
6,4226,5318,2,0,178.059,0
6,4227,5326,2,0,163.79499999999999,0
6,4228,5334,2,0,218.489,0
6,4229,5342,2,0,189.602,0
6,4230,5350,2,0,169.25299999999999,0
6,4231,5358,2,0,165.035,0
6,4232,5366,2,0,176.21100000000001,0
6,4233,5374,2,0,188.578,0
6,4234,5382,2,0,168.56299999999999,0
6,4235,5390,2,0,188.56200000000001,0
6,4236,5398,2,0,161.90000000000001,0
6,4237,5406,2,0,162.291,0
6,4238,5414,2,0,204.28200000000001,0
6,4239,5422,2,0,172.89699999999999,0
6,4240,5430,2,0,174.249,0
6,4241,5438,2,0,192.41499999999999,0
6,4242,5446,2,0,180.54900000000001,0
6,4243,5454,2,0,204.21899999999999,0
6,4244,5462,2,0,171.37799999999999,0
6,4245,5470,2,0,184.33799999999999,0
6,4246,5478,2,0,181.09399999999999,0
6,4247,5486,2,0,179.10599999999999,0
6,4248,5494,2,0,164.33600000000001,0
6,4249,5502,2,0,170.149,0
6,4250,5510,2,0,130.041,0
6,4251,5518,2,0,183.72399999999999,0
6,4252,5526,2,0,201.89699999999999,0
6,4253,5534,2,0,213.21799999999999,0
6,4254,5542,2,0,192.501,0
6,4255,5550,2,0,163.06100000000001,0
6,4256,5558,2,0,177.952,0
6,4257,5566,2,0,210.904,0
6,4258,5574,2,0,157.57300000000001,0
6,4259,5582,2,0,167.642,0
6,4260,5590,2,0,177.304,0
6,4261,5598,2,0,120.39700000000001,0
6,4262,5606,2,0,159.73699999999999,0
6,4263,5614,2,0,175.21299999999999,0
6,4264,5622,2,0,174.29599999999999,0
6,4265,5630,2,0,174.03800000000001,0
6,4266,5638,2,0,233.21799999999999,0
6,4267,5646,2,0,181.08500000000001,0
6,4268,5654,2,0,139.13300000000001,0
6,4269,5662,2,0,162.01499999999999,0
6,4270,5670,2,0,169.857,0
6,4271,5678,2,0,159.25200000000001,0
6,4272,5686,2,0,159.33600000000001,0
6,4273,5694,2,0,200.07400000000001,0
6,4274,5702,2,0,164.13300000000001,0
6,4275,5710,2,0,214.86799999999999,0
6,4276,5718,2,0,178.17699999999999,0
6,4277,5726,2,0,197.40100000000001,0
6,4278,5734,2,0,172.16800000000001,0
6,4279,5742,2,0,161.21899999999999,0
6,4280,5750,2,0,144.352,0
6,4281,5758,2,0,180.398,0
6,4282,5766,2,0,192.398,0
6,4283,5774,2,0,182.18100000000001,0
6,4284,5782,2,0,189.255,0
6,4285,5790,2,0,184.13800000000001,0
6,4286,5798,2,0,164.72399999999999,0
6,4287,5806,2,0,172.03700000000001,0
6,4288,5814,2,0,192.03999999999999,0
6,4289,5822,2,0,149.23099999999999,0
6,4290,5830,2,0,200.77000000000001,0
6,4291,5838,2,0,203.54499999999999,0
6,4292,5846,2,0,195.196,0
6,4293,5854,2,0,169.417,0
6,4294,5862,2,0,175.79300000000001,0
6,4295,5870,2,0,153.53700000000001,0
6,4296,5878,2,0,155.53299999999999,0
6,4297,5886,2,0,200.43899999999999,0
6,4298,5894,2,0,194.80199999999999,0
6,4299,5902,2,0,188.23099999999999,0
6,4300,5910,2,0,195.91900000000001,0
6,4301,5918,2,0,191.65100000000001,0
6,4302,5926,2,0,181.35599999999999,0
6,4303,5934,2,0,177.08199999999999,0
6,4304,5942,2,0,180.261,0
6,4305,5950,2,0,176.76599999999999,0
6,4306,5958,2,0,192.583,0
6,4307,5966,2,0,146.39699999999999,0
6,4308,5974,2,0,156.81700000000001,0
6,4309,5982,2,0,181.39699999999999,0
6,4310,5990,2,0,186.68799999999999,0
6,4311,5998,2,0,193.464,0
6,4312,6006,2,0,149.46299999999999,0
6,4313,6014,2,0,216.20599999999999,0
6,4314,6022,2,0,197.297,0
6,4315,6030,2,0,183.315,0
6,4316,6038,2,0,190.416,0
6,4317,6046,2,0,147.39400000000001,0
6,4318,6054,2,0,189.18799999999999,0
6,4319,6062,2,0,175.66200000000001,0
6,4320,6070,2,0,146.761,0
6,4321,6078,2,0,134.74700000000001,0
6,4322,6086,2,0,182.982,0
6,4323,6094,2,0,187.72200000000001,0
6,4324,6102,2,0,190.94999999999999,0
6,4325,6110,2,0,141.268,0
6,4326,6118,2,0,183.916,0
6,4327,6126,2,0,188.857,0
6,4328,6134,2,0,184.76599999999999,0
6,4329,6142,2,0,196.41499999999999,0
6,4330,6150,2,0,158.79900000000001,0
6,4331,6158,2,0,127.69199999999999,0
6,4332,6166,2,0,177.50399999999999,0
6,4333,6174,2,0,178.24000000000001,0
6,4334,6182,2,0,175.81,0
6,4335,6190,2,0,130.74100000000001,0
6,4336,6198,2,0,174.94399999999999,0
6,4337,6206,2,0,176.47300000000001,0
6,4338,6214,2,0,169.208,0
6,4339,6222,2,0,174.43799999999999,0
6,4340,6230,2,0,186.84399999999999,0
6,4341,6238,2,0,167.249,0
6,4342,6246,2,0,156.38399999999999,0
6,4343,6254,2,0,183.61199999999999,0
6,4344,6262,2,0,136.035,0
6,4345,6270,2,0,187.179,0
6,4346,6278,2,0,190.99299999999999,0
6,4347,6286,2,0,199.16200000000001,0
6,4348,6294,2,0,168.06399999999999,0
6,4349,6302,2,0,187.571,0
6,4350,6310,2,0,181.452,0
6,4351,6318,2,0,214.59,0
6,4352,6326,2,0,161.732,0
6,4353,6334,2,0,182.78399999999999,0
6,4354,6342,2,0,136.46199999999999,0
6,4355,6350,2,0,158.51900000000001,0
6,4356,6358,2,0,137.38200000000001,0
6,4357,6366,2,0,174.80799999999999,0
6,4358,6374,2,0,171.27600000000001,0
6,4359,6382,2,0,183.03200000000001,0
6,4360,6390,2,0,176.345,0
6,4361,6398,2,0,169.435,0
6,4362,6406,2,0,180.72900000000001,0
6,4363,6414,2,0,177.029,0
6,4364,6422,2,0,155.52799999999999,0
6,4365,6430,2,0,198.977,0
6,4366,6438,2,0,137.31999999999999,0
6,4367,6446,2,0,141.48500000000001,0
6,4368,6454,2,0,183.04499999999999,0
6,4369,6462,2,0,185.42400000000001,0
6,4370,6470,2,0,195.30699999999999,0
6,4371,6478,2,0,179.13200000000001,0
6,4372,6486,2,0,187.797,0
6,4373,6494,2,0,185.93000000000001,0
6,4374,6502,2,0,165.33799999999999,0
6,4375,6510,2,0,190.262,0
6,4376,6518,2,0,171.85300000000001,0
6,4377,6526,2,0,199.53399999999999,0
6,4378,6534,2,0,182.35499999999999,0
6,4379,6542,2,0,155.327,0
6,4380,6550,2,0,184.322,0
6,4381,6558,2,0,176.31800000000001,0
6,4382,6566,2,0,194.96700000000001,0
6,4383,6574,2,0,205.078,0
6,4384,6582,2,0,175.11799999999999,0
6,4385,6590,2,0,157.22,0
6,4386,6598,2,0,215.06100000000001,0
6,4387,6606,2,0,169.107,0
6,4388,6614,2,0,185.96600000000001,0
6,4389,6622,2,0,143.87100000000001,0
6,4390,6630,2,0,136.63,0
6,4391,6638,2,0,175.24600000000001,0
6,4392,6646,2,0,174.42599999999999,0
6,4393,6654,2,0,205.81899999999999,0
6,4394,6662,2,0,128.49700000000001,0
6,4395,6670,2,0,146.93299999999999,0
6,4396,6678,2,0,149.119,0
6,4397,6686,2,0,169.00399999999999,0
6,4398,6694,2,0,199.21199999999999,0
6,4399,6702,2,0,148.80500000000001,0
6,4400,6710,2,0,170.38300000000001,0
6,4401,6718,2,0,198.01599999999999,0
6,4402,6726,2,0,191.21799999999999,0
6,4403,6734,2,0,208.60599999999999,0
6,4404,6742,2,0,191.791,0
6,4405,6750,2,0,185.214,0
6,4406,6758,2,0,166.05799999999999,0
6,4407,6766,2,0,172.06200000000001,0
6,4408,6774,2,0,140.298,0
6,4409,6782,2,0,210.566,0
6,4410,6790,2,0,136.78800000000001,0
6,4411,6798,2,0,183.708,0
6,4412,6806,2,0,181.358,0
6,4413,6814,2,0,181.31100000000001,0
6,4414,6822,2,0,201.143,0
6,4415,6830,2,0,173.63999999999999,0
6,4416,6838,2,0,201.93700000000001,0
6,4417,6846,2,0,176.34299999999999,0
6,4418,6854,2,0,174.47300000000001,0
6,4419,6862,2,0,211.048,0
6,4420,6870,2,0,133.649,0
6,4421,6878,2,0,164.61199999999999,0
6,4422,6886,2,0,174.33199999999999,0
6,4423,6894,2,0,191.31999999999999,0
6,4424,6902,2,0,182.315,0
6,4425,6910,2,0,141.42500000000001,0
6,4426,6918,2,0,178.364,0
6,4427,6926,2,0,181.89500000000001,0
6,4428,6934,2,0,189.97900000000001,0
6,4429,6942,2,0,193.51400000000001,0
6,4430,6950,2,0,182.227,0
6,4431,6958,2,0,186.32400000000001,0
6,4432,6966,2,0,136.11199999999999,0
6,4433,6974,2,0,205.357,0
6,4434,6982,2,0,181.51499999999999,0
6,4435,6990,2,0,179.94999999999999,0
6,4436,6998,2,0,142.88399999999999,0
6,4437,7006,2,0,164.04599999999999,0
6,4438,7014,2,0,196.97499999999999,0
6,4439,7022,2,0,193.452,0
6,4440,7030,2,0,176.935,0
6,4441,7038,2,0,143.63900000000001,0
6,4442,7046,2,0,169.184,0
6,4443,7054,2,0,183.268,0
6,4444,7062,2,0,202.613,0
6,4445,7070,2,0,169.06200000000001,0
6,4446,7078,2,0,159.441,0
6,4447,7086,2,0,158.53899999999999,0
6,4448,7094,2,0,165.50800000000001,0
6,4449,7102,2,0,204.67400000000001,0
6,4450,7110,2,0,185.858,0
6,4451,7118,2,0,205.26400000000001,0
6,4452,7126,2,0,172.63800000000001,0
6,4453,7134,2,0,175.55099999999999,0
6,4454,7142,2,0,161.845,0
6,4455,7150,2,0,160.63200000000001,0
6,4456,7158,2,0,175.68799999999999,0
6,4457,7166,2,0,202.423,0
6,4458,7174,2,0,112.22499999999999,0
6,4459,7182,2,0,192.44999999999999,0
6,4460,7190,2,0,152.18600000000001,0
6,4461,7198,2,0,181.93199999999999,0
6,4462,7206,2,0,168.352,0
6,4463,7214,2,0,145.08000000000001,0
6,4464,7222,2,0,155.97200000000001,0
6,4465,7230,2,0,158.46199999999999,0
6,4466,7238,2,0,143.96000000000001,0
6,4467,7246,2,0,145.881,0
6,4468,7254,2,0,163.94200000000001,0
6,4469,7262,2,0,186.55099999999999,0
6,4470,7270,2,0,178.904,0
6,4471,7278,2,0,208.10599999999999,0
6,4472,7286,2,0,182.77099999999999,0
6,4473,7294,2,0,160.13399999999999,0
6,4474,7302,2,0,150.86000000000001,0
6,4475,7310,2,0,170.28999999999999,0
6,4476,7318,2,0,181.97800000000001,0
6,4477,7326,2,0,188.87100000000001,0
6,4478,7334,2,0,192.178,0
6,4479,7342,2,0,169.01400000000001,0
6,4480,7350,2,0,157.17699999999999,0
6,4481,7358,2,0,171.34299999999999,0
6,4482,7366,2,0,216.16,0
6,4483,7374,2,0,199.661,0
6,4484,7382,2,0,170.14500000000001,0
6,4485,7390,2,0,172.24000000000001,0
6,4486,7398,2,0,148.64099999999999,0
6,4487,7406,2,0,163.45400000000001,0
6,4488,7414,2,0,137.489,0
6,4489,7422,2,0,198.28800000000001,0
6,4490,7430,2,0,124.913,0
6,4491,7438,2,0,191.11000000000001,0
6,4492,7446,2,0,162.245,0
6,4493,7454,2,0,174.679,0
6,4494,7462,2,0,179.03800000000001,0
6,4495,7470,2,0,209.16300000000001,0
6,4496,7478,2,0,173.381,0
6,4497,7486,2,0,172.74000000000001,0
6,4498,7494,2,0,188.46600000000001,0
6,4499,7502,2,0,197.75399999999999,0
6,4500,7510,2,0,175.95699999999999,0
6,4501,7518,2,0,175.52099999999999,0
6,4502,7526,2,0,151.86799999999999,0
6,4503,7534,2,0,184.89099999999999,0
6,4504,7542,2,0,195.292,0
6,4505,7550,2,0,160.20699999999999,0
6,4506,7558,2,0,165.251,0
6,4507,7566,2,0,175.512,0
6,4508,7574,2,0,156.16800000000001,0
6,4509,7582,2,0,133.05500000000001,0
6,4510,7590,2,0,186.27500000000001,0
6,4511,7598,2,0,183.911,0
6,4512,7606,2,0,151.87299999999999,0
6,4513,7614,2,0,208.12299999999999,0
6,4514,7622,2,0,186.10499999999999,0
6,4515,7630,2,0,183.952,0
6,4516,7638,2,0,152.29599999999999,0
6,4517,7646,2,0,198.89500000000001,0
6,4518,7654,2,0,183.16499999999999,0
6,4519,7662,2,0,154.249,0
6,4520,7670,2,0,149.65199999999999,0
6,4521,7678,2,0,169.155,0
6,4522,7686,2,0,133.577,0
6,4523,7694,2,0,182.17599999999999,0
6,4524,7702,2,0,178.60400000000001,0
6,4525,7710,2,0,195.828,0
6,4526,7718,2,0,115.738,0
6,4527,7726,2,0,181.20400000000001,0
6,4528,7734,2,0,191.10300000000001,0
6,4529,7742,2,0,167.21299999999999,0
6,4530,7750,2,0,185.364,0
6,4531,7758,2,0,164.36099999999999,0
6,4532,7766,2,0,168.035,0
6,4533,7774,2,0,194.98099999999999,0
6,4534,7782,2,0,135.572,0
6,4535,7790,2,0,155.87700000000001,0
6,4536,7798,2,0,187.173,0
6,4537,7806,2,0,185.59,0
6,4538,7814,2,0,182.71299999999999,0
6,4539,7822,2,0,183.31700000000001,0
6,4540,7830,2,0,152.99700000000001,0
6,4541,7838,2,0,172.351,0
6,4542,7846,2,0,193.07300000000001,0
6,4543,7854,2,0,179.77500000000001,0
6,4544,7862,2,0,181.43299999999999,0
6,4545,7870,2,0,151.363,0
6,4546,7878,2,0,151.28700000000001,0
6,4547,7886,2,0,195.56899999999999,0
6,4548,7894,2,0,203.83199999999999,0
6,4549,7902,2,0,159.72800000000001,0
6,4550,7910,2,0,167.17500000000001,0
6,4551,7918,2,0,152.09,0
6,4552,7926,2,0,158.46100000000001,0
6,4553,7934,2,0,153.18299999999999,0
6,4554,7942,2,0,175.52000000000001,0
6,4555,7950,2,0,130.749,0
6,4556,7958,2,0,177.12899999999999,0
6,4557,7966,2,0,179.56299999999999,0
6,4558,7974,2,0,172.876,0
6,4559,7982,2,0,158.80600000000001,0
6,4560,7990,2,0,158.88499999999999,0
6,4561,7998,2,0,175.34399999999999,0
6,4562,8006,2,0,185.83000000000001,0
6,4563,8014,2,0,197.11099999999999,0
6,4564,8022,2,0,208.524,0
6,4565,8030,2,0,174.78100000000001,0
6,4566,8038,2,0,193.56100000000001,0
6,4567,8046,2,0,206.08699999999999,0
6,4568,8054,2,0,185.649,0
6,4569,8062,2,0,168.21899999999999,0
6,4570,8070,2,0,170.97800000000001,0
6,4571,8078,2,0,182.184,0
6,4572,8086,2,0,177.71600000000001,0
6,4573,8094,2,0,132.98500000000001,0
6,4574,8102,2,0,175.49700000000001,0
6,4575,8110,2,0,183.73099999999999,0
6,4576,8118,2,0,181.92599999999999,0
6,4577,8126,2,0,161.70699999999999,0
6,4578,8134,2,0,144.511,0
6,4579,8142,2,0,192.42400000000001,0
6,4580,8150,2,0,187.512,0
6,4581,8158,2,0,176.298,0
6,4582,8166,2,0,133.714,0
6,4583,8174,2,0,129.863,0
6,4584,8182,2,0,173.285,0
6,4585,8190,2,0,186.678,0
6,4586,8198,2,0,149.227,0
6,4587,8206,2,0,130.94300000000001,0
6,4588,8214,2,0,174.83000000000001,0
6,4589,8222,2,0,168.80099999999999,0
6,4590,8230,2,0,201.328,0
6,4591,8238,2,0,191.88900000000001,0
6,4592,8246,2,0,155.41999999999999,0
6,4593,8254,2,0,182.58000000000001,0
6,4594,8262,2,0,178.51499999999999,0
6,4595,8270,2,0,159.78899999999999,0
6,4596,8278,2,0,155.071,0
6,4597,8286,2,0,156.19399999999999,0
6,4598,8294,2,0,144.65799999999999,0
6,4599,8302,2,0,156.47,0
6,4600,8310,2,0,181.00700000000001,0
6,4601,8318,2,0,173.18100000000001,0
6,4602,8326,2,0,157.43299999999999,0
6,4603,8334,2,0,151.661,0
6,4604,8342,2,0,163.66200000000001,0
6,4605,8350,2,0,115.37,0
6,4606,8358,2,0,174.56700000000001,0
6,4607,8366,2,0,177.35499999999999,0
6,4608,8374,2,0,181.66900000000001,0
6,4609,8382,2,0,200.393,0
6,4610,8390,2,0,166.602,0
6,4611,8398,2,0,180.851,0
6,4612,8406,2,0,126.18899999999999,0
6,4613,8414,2,0,179.87700000000001,0
6,4614,8422,2,0,179.524,0
6,4615,8430,2,0,190.97499999999999,0
6,4616,8438,2,0,192.708,0
6,4617,8446,2,0,159.41499999999999,0
6,4618,8454,2,0,133.74299999999999,0
6,4619,8462,2,0,193.381,0
6,4620,8470,2,0,135.887,0
6,4621,8478,2,0,189.46000000000001,0
6,4622,8486,2,0,158.066,0
6,4623,8494,2,0,170.93700000000001,0
6,4624,8502,2,0,184.273,0
6,4625,8510,2,0,192.67500000000001,0
6,4626,8518,2,0,138.28,0
6,4627,8526,2,0,150.703,0
6,4628,8534,2,0,177.345,0
6,4629,8542,2,0,177.184,0
6,4630,8550,2,0,175.82499999999999,0
6,4631,8558,2,0,174.209,0
6,4632,8566,2,0,185.45599999999999,0
6,4633,8574,2,0,199.07599999999999,0
6,4634,8582,2,0,170.86699999999999,0
6,4635,8590,2,0,193.142,0
6,4636,8598,2,0,178.88399999999999,0
6,4637,8606,2,0,135.01300000000001,0
6,4638,8614,2,0,141.416,0
6,4639,8622,2,0,184.05600000000001,0
6,4640,8630,2,0,155.59899999999999,0
6,4641,8638,2,0,172.86600000000001,0
6,4642,8646,2,0,197.75800000000001,0
6,4643,8654,2,0,187.63900000000001,0
6,4644,8662,2,0,152.43899999999999,0
6,4645,8670,2,0,201.239,0
6,4646,8678,2,0,182.708,0
6,4647,8686,2,0,192.90100000000001,0
6,4648,8694,2,0,178.691,0
6,4649,8702,2,0,163.989,0
6,4650,8710,2,0,161.095,0
6,4651,8718,2,0,188.149,0
6,4652,8726,2,0,205.636,0
6,4653,8734,2,0,170.99100000000001,0
6,4654,8742,2,0,152.58600000000001,0
6,4655,8750,2,0,175.82400000000001,0
6,4656,8758,2,0,160.03800000000001,0
6,4657,8766,2,0,177.31899999999999,0
6,4658,8774,2,0,199.73599999999999,0
6,4659,8782,2,0,173.69200000000001,0
6,4660,8790,2,0,164.51499999999999,0
6,4661,8798,2,0,187.82900000000001,0
6,4662,8806,2,0,178.345,0
6,4663,8814,2,0,157.01499999999999,0
6,4664,8822,2,0,178.16,0
6,4665,8830,2,0,156.09399999999999,0
6,4666,8838,2,0,178.32400000000001,0
6,4667,8846,2,0,179.33500000000001,0
6,4668,8854,2,0,160.03700000000001,0
6,4669,8862,2,0,177.33799999999999,0
6,4670,8870,2,0,188.71799999999999,0
6,4671,8878,2,0,173.93199999999999,0
6,4672,8886,2,0,197.42400000000001,0
6,4673,8894,2,0,170.08799999999999,0
6,4674,8902,2,0,196.90899999999999,0
6,4675,8910,2,0,178.62799999999999,0
6,4676,8918,2,0,159.03899999999999,0
6,4677,8926,2,0,174.98699999999999,0
6,4678,8934,2,0,170.696,0
6,4679,8942,2,0,177.12700000000001,0
6,4680,8950,2,0,179.345,0
6,4681,8958,2,0,184.56100000000001,0
6,4682,8966,2,0,170.53299999999999,0
6,4683,8974,2,0,173.10400000000001,0
6,4684,8982,2,0,172.751,0
6,4685,8990,2,0,130.88999999999999,0
6,4686,8998,2,0,164.69300000000001,0
6,4687,9006,2,0,172.798,0
6,4688,9014,2,0,172.03999999999999,0
6,4689,9022,2,0,176.49299999999999,0
6,4690,9030,2,0,194.327,0
6,4691,9038,2,0,177.38999999999999,0
6,4692,9046,2,0,182.304,0
6,4693,9054,2,0,171.87100000000001,0
6,4694,9062,2,0,202.77099999999999,0
6,4695,9070,2,0,186.929,0
6,4696,9078,2,0,159.321,0
6,4697,9086,2,0,151.65299999999999,0
6,4698,9094,2,0,185.66900000000001,0
6,4699,9102,2,0,187.94999999999999,0
6,4700,9110,2,0,197.887,0
6,4701,9118,2,0,168.774,0
6,4702,9126,2,0,167.70500000000001,0
6,4703,9134,2,0,167.732,0
6,4704,9142,2,0,153.542,0
6,4705,9150,2,0,138.827,0
6,4706,9158,2,0,184.56100000000001,0
6,4707,9166,2,0,194.309,0
6,4708,9174,2,0,159.73699999999999,0
6,4709,9182,2,0,171.935,0
6,4710,9190,2,0,188.20400000000001,0
6,4711,9198,2,0,177.417,0
6,4712,9206,2,0,182.59700000000001,0
6,4713,9214,2,0,177.297,0
6,4714,9222,2,0,208.41399999999999,0
6,4715,9230,2,0,179.94900000000001,0
6,4716,9238,2,0,149.46199999999999,0
6,4717,9246,2,0,189.47399999999999,0
6,4718,9254,2,0,173.49700000000001,0
6,4719,9262,2,0,184.309,0
6,4720,9270,2,0,180.381,0
6,4721,9278,2,0,188.84899999999999,0
6,4722,9286,2,0,152.42500000000001,0
6,4723,9294,2,0,152.364,0
6,4724,9302,2,0,179.90799999999999,0
6,4725,9310,2,0,150.786,0
6,4726,9318,2,0,180.25800000000001,0
6,4727,9326,2,0,165.81999999999999,0
6,4728,9334,2,0,188.792,0
6,4729,9342,2,0,174.82300000000001,0
6,4730,9350,2,0,148.79900000000001,0
6,4731,9358,2,0,173.51300000000001,0
6,4732,9366,2,0,155.483,0
6,4733,9374,2,0,212.18100000000001,0
6,4734,9382,2,0,170.733,0
6,4735,9390,2,0,196.00399999999999,0
6,4736,9398,2,0,235.428,0
6,4737,9406,2,0,176.476,0
6,4738,9414,2,0,172.01900000000001,0
6,4739,9422,2,0,117.587,0
6,4740,9430,2,0,150.49299999999999,0
6,4741,9438,2,0,152.86600000000001,0
6,4742,9446,2,0,164.41800000000001,0
6,4743,9454,2,0,161.44499999999999,0
6,4744,9462,2,0,173.02000000000001,0
6,4745,9470,2,0,192.71100000000001,0
6,4746,9478,2,0,144.875,0
6,4747,9486,2,0,177.17400000000001,0
6,4748,9494,2,0,183.416,0
6,4749,9502,2,0,184.965,0
6,4750,9510,2,0,130.71000000000001,0
6,4751,9518,2,0,198.85300000000001,0
6,4752,9526,2,0,161.44200000000001,0
6,4753,9534,2,0,131.59,0
6,4754,9542,2,0,162.24700000000001,0
6,4755,9550,2,0,191.535,0
6,4756,9558,2,0,176.33500000000001,0
6,4757,9566,2,0,203.39500000000001,0
6,4758,9574,2,0,168.666,0
6,4759,9582,2,0,158.28899999999999,0
6,4760,9590,2,0,172.239,0
6,4761,9598,2,0,186.58099999999999,0
6,4762,9606,2,0,181.25200000000001,0
6,4763,9614,2,0,182.11500000000001,0
6,4764,9622,2,0,174.78200000000001,0
6,4765,9630,2,0,173.06999999999999,0
6,4766,9638,2,0,203.97300000000001,0
6,4767,9646,2,0,182.91900000000001,0
6,4768,9654,2,0,177.02799999999999,0
6,4769,9662,2,0,165.93700000000001,0
6,4770,9670,2,0,192.941,0
6,4771,9678,2,0,185.33099999999999,0
6,4772,9686,2,0,203.18600000000001,0
6,4773,9694,2,0,196.05500000000001,0
6,4774,9702,2,0,189.529,0
6,4775,9710,2,0,177.04900000000001,0
6,4776,9718,2,0,199.37700000000001,0
6,4777,9726,2,0,181.16999999999999,0
6,4778,9734,2,0,169.739,0
6,4779,9742,2,0,193.20099999999999,0
6,4780,9750,2,0,192.69900000000001,0
6,4781,9758,2,0,164.73400000000001,0
6,4782,9766,2,0,205.821,0
6,4783,9774,2,0,197.172,0
6,4784,9782,2,0,174.18000000000001,0
6,4785,9790,2,0,156.41499999999999,0
6,4786,9798,2,0,138.523,0
6,4787,9806,2,0,181.93000000000001,0
6,4788,9814,2,0,154.07900000000001,0
6,4789,9822,2,0,199.30199999999999,0
6,4790,9830,2,0,199.94200000000001,0
6,4791,9838,2,0,178.69499999999999,0
6,4792,9846,2,0,194.65799999999999,0
6,4793,9854,2,0,172.685,0
6,4794,9862,2,0,179.428,0
6,4795,9870,2,0,166.47999999999999,0
6,4796,9878,2,0,123.371,0
6,4797,9886,2,0,187.39099999999999,0
6,4798,9894,2,0,144.916,0
6,4799,9902,2,0,128.31,0
6,4800,9910,2,0,135.05699999999999,0
6,4801,9918,2,0,162.74799999999999,0
6,4802,9926,2,0,174.24199999999999,0
6,4803,9934,2,0,168.94999999999999,0
6,4804,9942,2,0,139.47399999999999,0
6,4805,9950,2,0,146.42500000000001,0
6,4806,9958,2,0,168.30699999999999,0
6,4807,9966,2,0,209.41,0
6,4808,9974,2,0,196.28200000000001,0
6,4809,9982,2,0,170.892,0
6,4810,9990,2,0,182.16,0
6,4811,9998,2,0,177.72200000000001,0
6,4812,10006,2,0,154.33500000000001,0
6,4813,10014,2,0,192.386,0
6,4814,10022,2,0,174.95699999999999,0
6,4815,10030,2,0,193.798,0
6,4816,10038,2,0,186.571,0
6,4817,10046,2,0,176.22399999999999,0
6,4818,10054,2,0,169.291,0
6,4819,10062,2,0,167.41200000000001,0
6,4820,10070,2,0,205.98699999999999,0
6,4821,10078,2,0,213.38,0
6,4822,10086,2,0,205.60400000000001,0
6,4823,10094,2,0,178.47399999999999,0
6,4824,10102,2,0,175.70400000000001,0
6,4825,10110,2,0,175.77099999999999,0
6,4826,10118,2,0,194.98099999999999,0
6,4827,10126,2,0,135.88499999999999,0
6,4828,10134,2,0,162.25299999999999,0
6,4829,10142,2,0,188.74799999999999,0
6,4830,10150,2,0,186.054,0
6,4831,10158,2,0,154.697,0
6,4832,10166,2,0,188.31100000000001,0
6,4833,10174,2,0,168.15299999999999,0
6,4834,10182,2,0,140.386,0
6,4835,10190,2,0,168.91499999999999,0
6,4836,10198,2,0,170.732,0
6,4837,10206,2,0,194.38999999999999,0
6,4838,10214,2,0,170.66300000000001,0
6,4839,10222,2,0,171.41300000000001,0
6,4840,10230,2,0,130.26599999999999,0
6,4841,10238,2,0,168.684,0
6,4842,10246,2,0,168.52000000000001,0
6,4843,10254,2,0,169.61000000000001,0
6,4844,10262,2,0,160.428,0
6,4845,10270,2,0,198.66800000000001,0
6,4846,10278,2,0,185.821,0
6,4847,10286,2,0,146.00899999999999,0
6,4848,10294,2,0,194.27699999999999,0
6,4849,10302,2,0,176.13499999999999,0
6,4850,10310,2,0,152.33799999999999,0
6,4851,10318,2,0,206.82300000000001,0
6,4852,10326,2,0,167.71899999999999,0
6,4853,10334,2,0,181.19800000000001,0
6,4854,10342,2,0,191.006,0
6,4855,10350,2,0,188.804,0
6,4856,10358,2,0,165.023,0
6,4857,10366,2,0,163.02199999999999,0
6,4858,10374,2,0,174.78899999999999,0
6,4859,10382,2,0,181.23099999999999,0
6,4860,10390,2,0,189.30799999999999,0
6,4861,10398,2,0,192.18199999999999,0
6,4862,10406,2,0,191.97900000000001,0
6,4863,10414,2,0,182.303,0
6,4864,10422,2,0,200.86600000000001,0
6,4865,10430,2,0,181.69900000000001,0
6,4866,10438,2,0,173.92599999999999,0
6,4867,10446,2,0,166.85300000000001,0
6,4868,10454,2,0,198.429,0
6,4869,10462,2,0,190.58099999999999,0
6,4870,10470,2,0,172.898,0
6,4871,10478,2,0,184.14599999999999,0
6,4872,10486,2,0,190.047,0
6,4873,10494,2,0,171.71899999999999,0
6,4874,10502,2,0,181.90799999999999,0
6,4875,10510,2,0,115.316,0
6,4876,10518,2,0,124.613,0
6,4877,10526,2,0,185.571,0
6,4878,10534,2,0,161.68799999999999,0
6,4879,10542,2,0,127.70399999999999,0
6,4880,10550,2,0,165.62899999999999,0
6,4881,10558,2,0,176.04499999999999,0
6,4882,10566,2,0,182.476,0
6,4883,10574,2,0,165.50700000000001,0
6,4884,10582,2,0,170.262,0
6,4885,10590,2,0,175.636,0
6,4886,10598,2,0,179.227,0
6,4887,10606,2,0,183.959,0
6,4888,10614,2,0,180.47800000000001,0
6,4889,10622,2,0,201.64400000000001,0
6,4890,10630,2,0,176.863,0
6,4891,10638,2,0,192.90100000000001,0
6,4892,10646,2,0,195.42400000000001,0
6,4893,10654,2,0,185.137,0
6,4894,10662,2,0,198.05600000000001,0
6,4895,10670,2,0,165.41,0
6,4896,10678,2,0,133.95599999999999,0
6,4897,10686,2,0,174.31200000000001,0
6,4898,10694,2,0,203.34999999999999,0
6,4899,10702,2,0,188.09,0
6,4900,10710,2,0,155.786,0
6,4901,10718,2,0,178.02600000000001,0
6,4902,10726,2,0,165.79599999999999,0
6,4903,10734,2,0,193.25,0
6,4904,10742,2,0,189.477,0
6,4905,10750,2,0,189.71799999999999,0
6,4906,10758,2,0,215.98699999999999,0
6,4907,10766,2,0,186.99299999999999,0
6,4908,10774,2,0,163.77699999999999,0
6,4909,10782,2,0,185.10499999999999,0
6,4910,10790,2,0,136.55799999999999,0
6,4911,10798,2,0,180.32599999999999,0
6,4912,10806,2,0,188.774,0
6,4913,10814,2,0,190.92500000000001,0
6,4914,10822,2,0,185.87799999999999,0
6,4915,10830,2,0,159.5,0
6,4916,10838,2,0,171.578,0
6,4917,10846,2,0,199.346,0
6,4918,10854,2,0,166.35900000000001,0
6,4919,10862,2,0,197.46199999999999,0
6,4920,10870,2,0,196.59899999999999,0
6,4921,10878,2,0,185.76900000000001,0
6,4922,10886,2,0,148.922,0
6,4923,10894,2,0,158.18100000000001,0
6,4924,10902,2,0,185.85499999999999,0
6,4925,10910,2,0,165.40000000000001,0
6,4926,10918,2,0,195.28100000000001,0
6,4927,10926,2,0,182.97200000000001,0
6,4928,10934,2,0,172.69499999999999,0
6,4929,10942,2,0,178.697,0
6,4930,10950,2,0,211.11600000000001,0
6,4931,10958,2,0,161.63200000000001,0
6,4932,10966,2,0,153.34399999999999,0
6,4933,10974,2,0,179.48699999999999,0
6,4934,10982,2,0,167.506,0
6,4935,10990,2,0,164.386,0
6,4936,10998,2,0,165.09200000000001,0
6,4937,11006,2,0,187.31399999999999,0
6,4938,11014,2,0,176.09700000000001,0
6,4939,11022,2,0,173.37100000000001,0
6,4940,11030,2,0,186.91300000000001,0
6,4941,11038,2,0,165.16999999999999,0
6,4942,11046,2,0,151.78999999999999,0
6,4943,11054,2,0,158.66,0
6,4944,11062,2,0,130.655,0
6,4945,11070,2,0,185.96799999999999,0
6,4946,11078,2,0,176.78,0
6,4947,11086,2,0,146.42400000000001,0
6,4948,11094,2,0,190.71000000000001,0
6,4949,11102,2,0,156.71199999999999,0
6,4950,11110,2,0,202.15899999999999,0
6,4951,11118,2,0,201.441,0
6,4952,11126,2,0,175.43600000000001,0
6,4953,11134,2,0,191.339,0
6,4954,11142,2,0,132.60300000000001,0
6,4955,11150,2,0,196.929,0
6,4956,11158,2,0,187.124,0
6,4957,11166,2,0,138.608,0
6,4958,11174,2,0,168.202,0
6,4959,11182,2,0,193.67500000000001,0
6,4960,11190,2,0,181.18299999999999,0
6,4961,11198,2,0,173.554,0
6,4962,11206,2,0,198.57300000000001,0
6,4963,11214,2,0,197.28100000000001,0
6,4964,11222,2,0,204.399,0
6,4965,11230,2,0,187.251,0
6,4966,11238,2,0,204.715,0
6,4967,11246,2,0,171.5,0
6,4968,11254,2,0,191.06399999999999,0
6,4969,11262,2,0,194.62100000000001,0
6,4970,11270,2,0,201.92099999999999,0
6,4971,11278,2,0,180.215,0
6,4972,11286,2,0,193.85300000000001,0
6,4973,11294,2,0,181.72499999999999,0
6,4974,11302,2,0,123.818,0
6,4975,11310,2,0,184.55799999999999,0
6,4976,11318,2,0,158.583,0
6,4977,11326,2,0,135.82900000000001,0
6,4978,11334,2,0,185.916,0
6,4979,11342,2,0,168.14500000000001,0
6,4980,11350,2,0,186.34899999999999,0
6,4981,11358,2,0,156.327,0
6,4982,11366,2,0,202.50299999999999,0
6,4983,11374,2,0,166.333,0
6,4984,11382,2,0,199.65199999999999,0
6,4985,11390,2,0,190.339,0
6,4986,11398,2,0,169.02199999999999,0
6,4987,11406,2,0,195.80500000000001,0
6,4988,11414,2,0,140.863,0
6,4989,11422,2,0,198.976,0
6,4990,11430,2,0,217.93700000000001,0
6,4991,11438,2,0,191.988,0
6,4992,11446,2,0,191.12100000000001,0
6,4993,11454,2,0,128.465,0
6,4994,11462,2,0,155.78800000000001,0
6,4995,11470,2,0,186.429,0
6,4996,11478,2,0,172.16900000000001,0
6,4997,11486,2,0,150.959,0
6,4998,11494,2,0,193.12700000000001,0
6,4999,11502,2,0,182.749,0
6,5000,11510,2,0,187.75700000000001,0
6,5001,11518,2,0,125.699,0
6,5002,11526,2,0,168.59200000000001,0
6,5003,11534,2,0,140.755,0
6,5004,11542,2,0,186.779,0
6,5005,11550,2,0,176.69,0
6,5006,11558,2,0,141.33199999999999,0
6,5007,11566,2,0,157.649,0
6,5008,11574,2,0,170.59200000000001,0
6,5009,11582,2,0,195.994,0
6,5010,11590,2,0,190.63499999999999,0
6,5011,11598,2,0,198.72200000000001,0
6,5012,11606,2,0,188.25899999999999,0
6,5013,11614,2,0,188.00700000000001,0
6,5014,11622,2,0,194.46199999999999,0
6,5015,11630,2,0,197.93799999999999,0
6,5016,11638,2,0,164.15299999999999,0
6,5017,11646,2,0,194.096,0
6,5018,11654,2,0,187.321,0
6,5019,11662,2,0,192.00700000000001,0
6,5020,11670,2,0,199.249,0
6,5021,11678,2,0,180.714,0
6,5022,11686,2,0,176.15100000000001,0
6,5023,11694,2,0,172.74199999999999,0
6,5024,11702,2,0,153.11099999999999,0
6,5025,11710,2,0,200.77699999999999,0
6,5026,11718,2,0,185.93199999999999,0
6,5027,11726,2,0,149.773,0
6,5028,11734,2,0,188.61099999999999,0
6,5029,11742,2,0,176.14699999999999,0
6,5030,11750,2,0,174.83600000000001,0
6,5031,11758,2,0,160.49100000000001,0
6,5032,11766,2,0,199.172,0
6,5033,11774,2,0,178.322,0
6,5034,11782,2,0,178.72800000000001,0
6,5035,11790,2,0,134.04300000000001,0
6,5036,11798,2,0,171.44800000000001,0
6,5037,11806,2,0,195.22200000000001,0
6,5038,11814,2,0,199.113,0
6,5039,11822,2,0,188.595,0
6,5040,11830,2,0,175.36099999999999,0
6,5041,11838,2,0,165.54599999999999,0
6,5042,11846,2,0,166.53,0
6,5043,11854,2,0,186.32499999999999,0
6,5044,11862,2,0,200.523,0
6,5045,11870,2,0,179.374,0
6,5046,11878,2,0,174.346,0
6,5047,11886,2,0,143.97,0
6,5048,11894,2,0,177.54400000000001,0
6,5049,11902,2,0,186.851,0
6,5050,11910,2,0,115.687,0
6,5051,11918,2,0,182.76300000000001,0
6,5052,11926,2,0,181.648,0
6,5053,11934,2,0,159.07499999999999,0
6,5054,11942,2,0,170.96199999999999,0
6,5055,11950,2,0,177.387,0
6,5056,11958,2,0,145.96899999999999,0
6,5057,11966,2,0,171.202,0
6,5058,11974,2,0,184.66399999999999,0
6,5059,11982,2,0,160.17400000000001,0
6,5060,11990,2,0,180.209,0
6,5061,11998,2,0,178.40600000000001,0
6,5062,12006,2,0,123.741,0
6,5063,12014,2,0,162.23500000000001,0
6,5064,12022,2,0,171.51499999999999,0
6,5065,12030,2,0,159.881,0
6,5066,12038,2,0,198.61500000000001,0
6,5067,12046,2,0,157.982,0
6,5068,12054,2,0,200.262,0
6,5069,12062,2,0,174.78,0
6,5070,12070,2,0,175.5,0
6,5071,12078,2,0,150.465,0
6,5072,12086,2,0,190.06399999999999,0
6,5073,12094,2,0,189.68899999999999,0
6,5074,12102,2,0,167.58699999999999,0
6,5075,12110,2,0,223.88499999999999,0
6,5076,12118,2,0,184.25200000000001,0
6,5077,12126,2,0,200.285,0
6,5078,12134,2,0,182.43899999999999,0
6,5079,12142,2,0,150.792,0
6,5080,12150,2,0,188.26499999999999,0
6,5081,12158,2,0,215.03700000000001,0
6,5082,12166,2,0,193.125,0
6,5083,12174,2,0,185.22900000000001,0
6,5084,12182,2,0,179.45400000000001,0
6,5085,12190,2,0,183.02099999999999,0
6,5086,12198,2,0,197.11000000000001,0
6,5087,12206,2,0,120.71299999999999,0
6,5088,12214,2,0,183.68700000000001,0
6,5089,12222,2,0,147.732,0
6,5090,12230,2,0,203.47900000000001,0
6,5091,12238,2,0,166.56100000000001,0
6,5092,12246,2,0,154.279,0
6,5093,12254,2,0,207.797,0
6,5094,12262,2,0,159.51300000000001,0
6,5095,12270,2,0,175.69399999999999,0
6,5096,12278,2,0,191.78299999999999,0
6,5097,12286,2,0,158.79599999999999,0
6,5098,12294,2,0,161.084,0
6,5099,12302,2,0,200.61799999999999,0
6,5100,12310,2,0,185.07400000000001,0
6,5101,12318,2,0,170.922,0
6,5102,12326,2,0,198.51300000000001,0
6,5103,12334,2,0,190.71100000000001,0
6,5104,12342,2,0,173.03,0
6,5105,12350,2,0,181.47800000000001,0
6,5106,12358,2,0,178.273,0
6,5107,12366,2,0,149.66800000000001,0
6,5108,12374,2,0,148.38499999999999,0
6,5109,12382,2,0,184.833,0
6,5110,12390,2,0,176.98699999999999,0
6,5111,12398,2,0,178.94800000000001,0
6,5112,12406,2,0,187.35900000000001,0
6,5113,12414,2,0,165.292,0
6,5114,12422,2,0,161.834,0
6,5115,12430,2,0,167.51400000000001,0
6,5116,12438,2,0,166.85599999999999,0
6,5117,12446,2,0,149.185,0
6,5118,12454,2,0,179.73400000000001,0
6,5119,12462,2,0,133.07300000000001,0
6,5120,12470,2,0,133.536,0
6,5121,12478,2,0,170.166,0
6,5122,12486,2,0,146.70400000000001,0
6,5123,12494,2,0,168.88499999999999,0
6,5124,12502,2,0,181.95699999999999,0
6,5125,12510,2,0,172.93000000000001,0
6,5126,12518,2,0,144.447,0
6,5127,12526,2,0,170.447,0
6,5128,12534,2,0,175.898,0
6,5129,12542,2,0,189.066,0
6,5130,12550,2,0,203.27799999999999,0
6,5131,12558,2,0,185.63399999999999,0
6,5132,12566,2,0,198.63900000000001,0
6,5133,12574,2,0,163.58099999999999,0
6,5134,12582,2,0,200.65799999999999,0
6,5135,12590,2,0,208.44499999999999,0
6,5136,12598,2,0,191.92099999999999,0
6,5137,12606,2,0,166.27500000000001,0
6,5138,12614,2,0,192.99000000000001,0
6,5139,12622,2,0,149.04900000000001,0
6,5140,12630,2,0,176.387,0
6,5141,12638,2,0,192.44,0
6,5142,12646,2,0,191.77799999999999,0
6,5143,12654,2,0,201.874,0
6,5144,12662,2,0,204.102,0
6,5145,12670,2,0,146.18899999999999,0
6,5146,12678,2,0,179.99700000000001,0
6,5147,12686,2,0,185.89099999999999,0
6,5148,12694,2,0,158.916,0
6,5149,12702,2,0,166.03200000000001,0
6,5150,12710,2,0,158.16900000000001,0
6,5151,12718,2,0,178.27000000000001,0
6,5152,12726,2,0,185.714,0
6,5153,12734,2,0,186.91200000000001,0
6,5154,12742,2,0,179.584,0
6,5155,12750,2,0,174.416,0
6,5156,12758,2,0,135.09100000000001,0
6,5157,12766,2,0,179.411,0
6,5158,12774,2,0,171.512,0
6,5159,12782,2,0,146.81200000000001,0
6,5160,12790,2,0,142.35300000000001,0
6,5161,12798,2,0,186.31299999999999,0
6,5162,12806,2,0,127.627,0
6,5163,12814,2,0,185.35900000000001,0
6,5164,12822,2,0,191.75899999999999,0
6,5165,12830,2,0,161.30600000000001,0
6,5166,12838,2,0,156.24100000000001,0
6,5167,12846,2,0,205.023,0
6,5168,12854,2,0,169.11000000000001,0
6,5169,12862,2,0,163.852,0
6,5170,12870,2,0,164.04599999999999,0
6,5171,12878,2,0,148.684,0
6,5172,12886,2,0,167.06700000000001,0
6,5173,12894,2,0,139.601,0
6,5174,12902,2,0,184.995,0
6,5175,12910,2,0,149.70099999999999,0
6,5176,12918,2,0,155.673,0
6,5177,12926,2,0,185.274,0
6,5178,12934,2,0,181.93299999999999,0
6,5179,12942,2,0,157.559,0
6,5180,12950,2,0,180.12100000000001,0
6,5181,12958,2,0,152.36000000000001,0
6,5182,12966,2,0,231.56,0
6,5183,12974,2,0,190.71000000000001,0
6,5184,12982,2,0,195.11199999999999,0
6,5185,12990,2,0,156.34200000000001,0
6,5186,12998,2,0,197.37899999999999,0
6,5187,13006,2,0,168.29900000000001,0
6,5188,13014,2,0,201.18199999999999,0
6,5189,13022,2,0,122.803,0
6,5190,13030,2,0,129.423,0
6,5191,13038,2,0,209.85300000000001,0
6,5192,13046,2,0,176.273,0
6,5193,13054,2,0,134.93100000000001,0
6,5194,13062,2,0,195.07499999999999,0
6,5195,13070,2,0,193.10900000000001,0
6,5196,13078,2,0,168.535,0
6,5197,13086,2,0,160.411,0
6,5198,13094,2,0,194.65700000000001,0
6,5199,13102,2,0,174.59700000000001,0
6,5200,13110,2,0,195.535,0
6,5201,13118,2,0,179.89400000000001,0
6,5202,13126,2,0,164.232,0
6,5203,13134,2,0,182.62799999999999,0
6,5204,13142,2,0,194.57599999999999,0
6,5205,13150,2,0,133.13499999999999,0
6,5206,13158,2,0,191.85400000000001,0
6,5207,13166,2,0,170.04900000000001,0
6,5208,13174,2,0,195.018,0
6,5209,13182,2,0,120.413,0
6,5210,13190,2,0,176.15799999999999,0
6,5211,13198,2,0,188.46000000000001,0
6,5212,13206,2,0,181.16800000000001,0
6,5213,13214,2,0,185.11500000000001,0
6,5214,13222,2,0,156.572,0
6,5215,13230,2,0,161.25200000000001,0
6,5216,13238,2,0,178.738,0
6,5217,13246,2,0,168.49700000000001,0
6,5218,13254,2,0,135.24600000000001,0
6,5219,13262,2,0,187.31800000000001,0
6,5220,13270,2,0,167.77600000000001,0
6,5221,13278,2,0,190.22900000000001,0
6,5222,13286,2,0,184.19900000000001,0
6,5223,13294,2,0,195.56299999999999,0
6,5224,13302,2,0,158.11500000000001,0
6,5225,13310,2,0,183.517,0
6,5226,13318,2,0,150.333,0
6,5227,13326,2,0,150.029,0
6,5228,13334,2,0,174.88200000000001,0
6,5229,13342,2,0,182.29900000000001,0
6,5230,13350,2,0,175.29599999999999,0
6,5231,13358,2,0,183.73599999999999,0
6,5232,13366,2,0,177.40299999999999,0
6,5233,13374,2,0,165.77699999999999,0
6,5234,13382,2,0,187.417,0
6,5235,13390,2,0,168.33199999999999,0
6,5236,13398,2,0,166.32400000000001,0
6,5237,13406,2,0,166.49000000000001,0
6,5238,13414,2,0,122.377,0
6,5239,13422,2,0,189.90000000000001,0
6,5240,13430,2,0,171.953,0
6,5241,13438,2,0,187.565,0
6,5242,13446,2,0,111.476,0
6,5243,13454,2,0,178.68299999999999,0
6,5244,13462,2,0,220.98099999999999,0
6,5245,13470,2,0,182.38399999999999,0
6,5246,13478,2,0,160.49299999999999,0
6,5247,13486,2,0,194.23400000000001,0
6,5248,13494,2,0,171.60300000000001,0
6,5249,13502,2,0,186.619,0
6,5250,13510,2,0,187.666,0
6,5251,13518,2,0,184.50299999999999,0
6,5252,13526,2,0,149.18700000000001,0
6,5253,13534,2,0,197.607,0
6,5254,13542,2,0,162.62,0
6,5255,13550,2,0,175.13399999999999,0
6,5256,13558,2,0,185.49700000000001,0
6,5257,13566,2,0,182.351,0
6,5258,13574,2,0,143.953,0
6,5259,13582,2,0,161.44200000000001,0
6,5260,13590,2,0,186.36600000000001,0
6,5261,13598,2,0,172.32900000000001,0
6,5262,13606,2,0,192.279,0
6,5263,13614,2,0,137.149,0
6,5264,13622,2,0,165.65299999999999,0
6,5265,13630,2,0,177.512,0
6,5266,13638,2,0,192.21799999999999,0
6,5267,13646,2,0,155.80000000000001,0
6,5268,13654,2,0,142.02000000000001,0
6,5269,13662,2,0,179.80600000000001,0
6,5270,13670,2,0,183.399,0
6,5271,13678,2,0,182.98500000000001,0
6,5272,13686,2,0,171.88999999999999,0
6,5273,13694,2,0,190.08000000000001,0
6,5274,13702,2,0,184.631,0
6,5275,13710,2,0,186.96799999999999,0
6,5276,13718,2,0,163.90700000000001,0
6,5277,13726,2,0,182.72399999999999,0
6,5278,13734,2,0,186.381,0
6,5279,13742,2,0,178.08699999999999,0
6,5280,13750,2,0,167.744,0
6,5281,13758,2,0,169.52000000000001,0
6,5282,13766,2,0,153.42599999999999,0
6,5283,13774,2,0,177.547,0
6,5284,13782,2,0,176.416,0
6,5285,13790,2,0,146.91200000000001,0
6,5286,13798,2,0,198.45699999999999,0
6,5287,13806,2,0,178.21100000000001,0
6,5288,13814,2,0,192.60900000000001,0
6,5289,13822,2,0,192.98500000000001,0
6,5290,13830,2,0,136.75200000000001,0
6,5291,13838,2,0,189.34299999999999,0
6,5292,13846,2,0,186.37,0
6,5293,13854,2,0,140.273,0
6,5294,13862,2,0,156.59700000000001,0
6,5295,13870,2,0,153.86699999999999,0
6,5296,13878,2,0,200.858,0
6,5297,13886,2,0,199.05699999999999,0
6,5298,13894,2,0,170.928,0
6,5299,13902,2,0,178.87200000000001,0
6,5300,13910,2,0,177.34100000000001,0
6,5301,13918,2,0,145.358,0
6,5302,13926,2,0,193.08799999999999,0
6,5303,13934,2,0,181.40100000000001,0
6,5304,13942,2,0,182.00299999999999,0
6,5305,13950,2,0,188.846,0
6,5306,13958,2,0,159.398,0
6,5307,13966,2,0,201.613,0
6,5308,13974,2,0,167.292,0
6,5309,13982,2,0,157.05600000000001,0
6,5310,13990,2,0,145.143,0
6,5311,13998,2,0,151.964,0
6,5312,14006,2,0,154.148,0
6,5313,14014,2,0,164.72300000000001,0
6,5314,14022,2,0,199.87899999999999,0
6,5315,14030,2,0,206.51599999999999,0
6,5316,14038,2,0,196.41200000000001,0
6,5317,14046,2,0,127.941,0
6,5318,14054,2,0,197.053,0
6,5319,14062,2,0,183.90799999999999,0
6,5320,14070,2,0,172.22900000000001,0
6,5321,14078,2,0,153.517,0
6,5322,14086,2,0,187.45699999999999,0
6,5323,14094,2,0,152.83699999999999,0
6,5324,14102,2,0,169.072,0
6,5325,14110,2,0,178.31299999999999,0
6,5326,14118,2,0,173.721,0
6,5327,14126,2,0,177.637,0
6,5328,14134,2,0,162.28200000000001,0
6,5329,14142,2,0,194.904,0
6,5330,14150,2,0,193.58699999999999,0
6,5331,14158,2,0,191.107,0
6,5332,14166,2,0,162.63800000000001,0
6,5333,14174,2,0,150.06800000000001,0
6,5334,14182,2,0,125.929,0
6,5335,14190,2,0,169.85599999999999,0
6,5336,14198,2,0,160.59800000000001,0
6,5337,14206,2,0,174.833,0
6,5338,14214,2,0,191.274,0
6,5339,14222,2,0,178.65600000000001,0
6,5340,14230,2,0,168.291,0
6,5341,14238,2,0,168.99000000000001,0
6,5342,14246,2,0,152.75800000000001,0
6,5343,6,3,0,172.857,0
6,5344,14,3,0,153.80699999999999,0
6,5345,22,3,0,175.07599999999999,0
6,5346,30,3,0,197.25700000000001,0
6,5347,38,3,0,185.47200000000001,0
6,5348,46,3,0,183.14099999999999,0
6,5349,54,3,0,167.05600000000001,0
6,5350,62,3,0,199.09800000000001,0
6,5351,70,3,0,175.476,0
6,5352,78,3,0,188.684,0
6,5353,86,3,0,173.501,0
6,5354,94,3,0,169.96600000000001,0
6,5355,102,3,0,181.5,0
6,5356,110,3,0,162.08099999999999,0
6,5357,118,3,0,138.34899999999999,0
6,5358,126,3,0,166.369,0
6,5359,134,3,0,190.43199999999999,0
6,5360,142,3,0,189.042,0
6,5361,150,3,0,172.39400000000001,0
6,5362,158,3,0,167.97900000000001,0
6,5363,166,3,0,189.96299999999999,0
6,5364,174,3,0,191.756,0
6,5365,182,3,0,173.12,0
6,5366,190,3,0,191.03100000000001,0
6,5367,198,3,0,189.846,0
6,5368,206,3,0,161.739,0
6,5369,214,3,0,183.02199999999999,0
6,5370,222,3,0,186.36500000000001,0
6,5371,230,3,0,184.001,0
6,5372,238,3,0,168.357,0
6,5373,246,3,0,171.47999999999999,0
6,5374,254,3,0,163.78399999999999,0
6,5375,262,3,0,165.21799999999999,0
6,5376,270,3,0,172.524,0
6,5377,278,3,0,143.904,0
6,5378,286,3,0,155.71799999999999,0
6,5379,294,3,0,177.90100000000001,0
6,5380,302,3,0,170.08199999999999,0
6,5381,310,3,0,126.173,0
6,5382,318,3,0,151.97,0
6,5383,326,3,0,189.25800000000001,0
6,5384,334,3,0,199.31800000000001,0
6,5385,342,3,0,161.476,0
6,5386,350,3,0,181.441,0
6,5387,358,3,0,171.035,0
6,5388,366,3,0,178.839,0
6,5389,374,3,0,179.43700000000001,0
6,5390,382,3,0,162.92400000000001,0
6,5391,390,3,0,159.49600000000001,0
6,5392,398,3,0,171.01599999999999,0
6,5393,406,3,0,189.363,0
6,5394,414,3,0,144.39500000000001,0
6,5395,422,3,0,192.625,0
6,5396,430,3,0,216.81899999999999,0
6,5397,438,3,0,190.08799999999999,0
6,5398,446,3,0,176.10599999999999,0
6,5399,454,3,0,166.18100000000001,0
6,5400,462,3,0,168.31999999999999,0
6,5401,470,3,0,165.13999999999999,0
6,5402,478,3,0,156.83600000000001,0
6,5403,486,3,0,154.32599999999999,0
6,5404,494,3,0,177.10499999999999,0
6,5405,502,3,0,177.58699999999999,0
6,5406,510,3,0,180.29900000000001,0
6,5407,518,3,0,183.92500000000001,0
6,5408,526,3,0,192.351,0
6,5409,534,3,0,218.12200000000001,0
6,5410,542,3,0,197.54300000000001,0
6,5411,550,3,0,156.803,0
6,5412,558,3,0,196.98099999999999,0
6,5413,566,3,0,195.35599999999999,0
6,5414,574,3,0,181.42500000000001,0
6,5415,582,3,0,181.85599999999999,0
6,5416,590,3,0,140.97499999999999,0
6,5417,598,3,0,178.678,0
6,5418,606,3,0,163.02000000000001,0
6,5419,614,3,0,173.76499999999999,0
6,5420,622,3,0,134.49600000000001,0
6,5421,630,3,0,165.40100000000001,0
6,5422,638,3,0,153.309,0
6,5423,646,3,0,195.01900000000001,0
6,5424,654,3,0,166.63499999999999,0
6,5425,662,3,0,189.995,0
6,5426,670,3,0,180.59200000000001,0
6,5427,678,3,0,153.92400000000001,0
6,5428,686,3,0,173.249,0
6,5429,694,3,0,157.74700000000001,0
6,5430,702,3,0,160.08199999999999,0
6,5431,710,3,0,179.06700000000001,0
6,5432,718,3,0,217.709,0
6,5433,726,3,0,174.22900000000001,0
6,5434,734,3,0,178.38399999999999,0
6,5435,742,3,0,160.614,0
6,5436,750,3,0,183.238,0
6,5437,758,3,0,178.80600000000001,0
6,5438,766,3,0,203.762,0
6,5439,774,3,0,199.37799999999999,0
6,5440,782,3,0,151.666,0
6,5441,790,3,0,182.24100000000001,0
6,5442,798,3,0,185.489,0
6,5443,806,3,0,169.441,0
6,5444,814,3,0,150.10300000000001,0
6,5445,822,3,0,135.28700000000001,0
6,5446,830,3,0,172.054,0
6,5447,838,3,0,160.185,0
6,5448,846,3,0,161.50899999999999,0
6,5449,854,3,0,187.05099999999999,0
6,5450,862,3,0,185.68799999999999,0
6,5451,870,3,0,177.52799999999999,0
6,5452,878,3,0,194.601,0
6,5453,886,3,0,182.39099999999999,0
6,5454,894,3,0,132.65899999999999,0
6,5455,902,3,0,197.93899999999999,0
6,5456,910,3,0,168.851,0
6,5457,918,3,0,188.68899999999999,0
6,5458,926,3,0,199.19800000000001,0
6,5459,934,3,0,179.048,0
6,5460,942,3,0,166.60300000000001,0
6,5461,950,3,0,188.18799999999999,0
6,5462,958,3,0,163.202,0
6,5463,966,3,0,188.11600000000001,0
6,5464,974,3,0,180.05699999999999,0
6,5465,982,3,0,180.44999999999999,0
6,5466,990,3,0,186.28100000000001,0
6,5467,998,3,0,177.465,0
6,5468,1006,3,0,193.083,0
6,5469,1014,3,0,157.52099999999999,0
6,5470,1022,3,0,198.96899999999999,0
6,5471,1030,3,0,128.92099999999999,0
6,5472,1038,3,0,169.24000000000001,0
6,5473,1046,3,0,181.08500000000001,0
6,5474,1054,3,0,159.09700000000001,0
6,5475,1062,3,0,188.73400000000001,0
6,5476,1070,3,0,170.88,0
6,5477,1078,3,0,180.27600000000001,0
6,5478,1086,3,0,183.30199999999999,0
6,5479,1094,3,0,185.708,0
6,5480,1102,3,0,188.62100000000001,0
6,5481,1110,3,0,138.94399999999999,0
6,5482,1118,3,0,153.05600000000001,0
6,5483,1126,3,0,185.828,0
6,5484,1134,3,0,179.779,0
6,5485,1142,3,0,168.01300000000001,0
6,5486,1150,3,0,187.99799999999999,0
6,5487,1158,3,0,192.68700000000001,0
6,5488,1166,3,0,170.34700000000001,0
6,5489,1174,3,0,153.554,0
6,5490,1182,3,0,196.05799999999999,0
6,5491,1190,3,0,174.42599999999999,0
6,5492,1198,3,0,150.80600000000001,0
6,5493,1206,3,0,175.92599999999999,0
6,5494,1214,3,0,215.405,0
6,5495,1222,3,0,172.875,0
6,5496,1230,3,0,137.126,0
6,5497,1238,3,0,169.25800000000001,0
6,5498,1246,3,0,203.227,0
6,5499,1254,3,0,170.43000000000001,0
6,5500,1262,3,0,164.571,0
6,5501,1270,3,0,170.12,0
6,5502,1278,3,0,204.27199999999999,0
6,5503,1286,3,0,156.506,0
6,5504,1294,3,0,166.941,0
6,5505,1302,3,0,184.601,0
6,5506,1310,3,0,157.25299999999999,0
6,5507,1318,3,0,185.101,0
6,5508,1326,3,0,171.62100000000001,0
6,5509,1334,3,0,175.47999999999999,0
6,5510,1342,3,0,177.28999999999999,0
6,5511,1350,3,0,186.36500000000001,0
6,5512,1358,3,0,167.14400000000001,0
6,5513,1366,3,0,150.072,0
6,5514,1374,3,0,156.82499999999999,0
6,5515,1382,3,0,196.785,0
6,5516,1390,3,0,194.99299999999999,0
6,5517,1398,3,0,135.982,0
6,5518,1406,3,0,191.869,0
6,5519,1414,3,0,191.71299999999999,0
6,5520,1422,3,0,150.85499999999999,0
6,5521,1430,3,0,181.738,0
6,5522,1438,3,0,199.83199999999999,0
6,5523,1446,3,0,187.5,0
6,5524,1454,3,0,157.14400000000001,0
6,5525,1462,3,0,130.77199999999999,0
6,5526,1470,3,0,183.87200000000001,0
6,5527,1478,3,0,189.958,0
6,5528,1486,3,0,184.684,0
6,5529,1494,3,0,146.54400000000001,0
6,5530,1502,3,0,150.70400000000001,0
6,5531,1510,3,0,183.761,0
6,5532,1518,3,0,174.739,0
6,5533,1526,3,0,193.83199999999999,0
6,5534,1534,3,0,199.46600000000001,0
6,5535,1542,3,0,158.47200000000001,0
6,5536,1550,3,0,208.017,0
6,5537,1558,3,0,197.28,0
6,5538,1566,3,0,158.11699999999999,0
6,5539,1574,3,0,161.01900000000001,0
6,5540,1582,3,0,165.28200000000001,0
6,5541,1590,3,0,162.89500000000001,0
6,5542,1598,3,0,144.12700000000001,0
6,5543,1606,3,0,185.601,0
6,5544,1614,3,0,164.80199999999999,0
6,5545,1622,3,0,158.38399999999999,0
6,5546,1630,3,0,176.512,0
6,5547,1638,3,0,177.72499999999999,0
6,5548,1646,3,0,159.97,0
6,5549,1654,3,0,185.959,0
6,5550,1662,3,0,191.268,0
6,5551,1670,3,0,176.15199999999999,0
6,5552,1678,3,0,180.322,0
6,5553,1686,3,0,186.221,0
6,5554,1694,3,0,145.78100000000001,0
6,5555,1702,3,0,163.607,0
6,5556,1710,3,0,174.65100000000001,0
6,5557,1718,3,0,177.589,0
6,5558,1726,3,0,195.46799999999999,0
6,5559,1734,3,0,159.25899999999999,0
6,5560,1742,3,0,143.82400000000001,0
6,5561,1750,3,0,160.31700000000001,0
6,5562,1758,3,0,164.49700000000001,0
6,5563,1766,3,0,158.172,0
6,5564,1774,3,0,170.51900000000001,0
6,5565,1782,3,0,163.547,0
6,5566,1790,3,0,173.93000000000001,0
6,5567,1798,3,0,171.11000000000001,0
6,5568,1806,3,0,189.00299999999999,0
6,5569,1814,3,0,179.66900000000001,0
6,5570,1822,3,0,150.75899999999999,0
6,5571,1830,3,0,176.505,0
6,5572,1838,3,0,199.07400000000001,0
6,5573,1846,3,0,221.13200000000001,0
6,5574,1854,3,0,172.02600000000001,0
6,5575,1862,3,0,175.393,0
6,5576,1870,3,0,173.52500000000001,0
6,5577,1878,3,0,191.09,0
6,5578,1886,3,0,143.34999999999999,0
6,5579,1894,3,0,175.60400000000001,0
6,5580,1902,3,0,173.78100000000001,0
6,5581,1910,3,0,185.613,0
6,5582,1918,3,0,154.78,0
6,5583,1926,3,0,218.37,0
6,5584,1934,3,0,195.07599999999999,0
6,5585,1942,3,0,187.82599999999999,0
6,5586,1950,3,0,178.76900000000001,0
6,5587,1958,3,0,188.43199999999999,0
6,5588,1966,3,0,192.25299999999999,0
6,5589,1974,3,0,208.96700000000001,0
6,5590,1982,3,0,192.61000000000001,0
6,5591,1990,3,0,151.685,0
6,5592,1998,3,0,161.31899999999999,0
6,5593,2006,3,0,198.399,0
6,5594,2014,3,0,138.73699999999999,0
6,5595,2022,3,0,186.417,0
6,5596,2030,3,0,171.60499999999999,0
6,5597,2038,3,0,150.87,0
6,5598,2046,3,0,190.36699999999999,0
6,5599,2054,3,0,150.178,0
6,5600,2062,3,0,190.613,0
6,5601,2070,3,0,169.29599999999999,0
6,5602,2078,3,0,188.81800000000001,0
6,5603,2086,3,0,170.07599999999999,0
6,5604,2094,3,0,187.512,0
6,5605,2102,3,0,154.93700000000001,0
6,5606,2110,3,0,173.852,0
6,5607,2118,3,0,160.953,0
6,5608,2126,3,0,184.46799999999999,0
6,5609,2134,3,0,173.16999999999999,0
6,5610,2142,3,0,194.405,0
6,5611,2150,3,0,163.197,0
6,5612,2158,3,0,159.929,0
6,5613,2166,3,0,149.36099999999999,0
6,5614,2174,3,0,185.364,0
6,5615,2182,3,0,173.65299999999999,0
6,5616,2190,3,0,173.77799999999999,0
6,5617,2198,3,0,192.363,0
6,5618,2206,3,0,210.941,0
6,5619,2214,3,0,156.02000000000001,0
6,5620,2222,3,0,194.17699999999999,0
6,5621,2230,3,0,168.892,0
6,5622,2238,3,0,152.97,0
6,5623,2246,3,0,176.673,0
6,5624,2254,3,0,180.678,0
6,5625,2262,3,0,206.60300000000001,0
6,5626,2270,3,0,190.47399999999999,0
6,5627,2278,3,0,144.13900000000001,0
6,5628,2286,3,0,157.10400000000001,0
6,5629,2294,3,0,181.75899999999999,0
6,5630,2302,3,0,182.59999999999999,0
6,5631,2310,3,0,167.14400000000001,0
6,5632,2318,3,0,163.81,0
6,5633,2326,3,0,178.499,0
6,5634,2334,3,0,181.755,0
6,5635,2342,3,0,166.346,0
6,5636,2350,3,0,192.52000000000001,0
6,5637,2358,3,0,203.072,0
6,5638,2366,3,0,177.32499999999999,0
6,5639,2374,3,0,185.65600000000001,0
6,5640,2382,3,0,186.11600000000001,0
6,5641,2390,3,0,176.916,0
6,5642,2398,3,0,179.06800000000001,0
6,5643,2406,3,0,145.82300000000001,0
6,5644,2414,3,0,189.64099999999999,0
6,5645,2422,3,0,188.167,0
6,5646,2430,3,0,184.245,0
6,5647,2438,3,0,158.24299999999999,0
6,5648,2446,3,0,183.79900000000001,0
6,5649,2454,3,0,188.29400000000001,0
6,5650,2462,3,0,200.202,0
6,5651,2470,3,0,196.983,0
6,5652,2478,3,0,191.25899999999999,0
6,5653,2486,3,0,181.68100000000001,0
6,5654,2494,3,0,178.93600000000001,0
6,5655,2502,3,0,168.59,0
6,5656,2510,3,0,191.22200000000001,0
6,5657,2518,3,0,182.46899999999999,0
6,5658,2526,3,0,194.16,0
6,5659,2534,3,0,177.024,0
6,5660,2542,3,0,179.58000000000001,0
6,5661,2550,3,0,172.11199999999999,0
6,5662,2558,3,0,186.86199999999999,0
6,5663,2566,3,0,162.72900000000001,0
6,5664,2574,3,0,164.685,0
6,5665,2582,3,0,182.02000000000001,0
6,5666,2590,3,0,153.999,0
6,5667,2598,3,0,166.339,0
6,5668,2606,3,0,197.42500000000001,0
6,5669,2614,3,0,171.80500000000001,0
6,5670,2622,3,0,174.47,0
6,5671,2630,3,0,150.571,0
6,5672,2638,3,0,200.42500000000001,0
6,5673,2646,3,0,183.87,0
6,5674,2654,3,0,134.34999999999999,0
6,5675,2662,3,0,115.60599999999999,0
6,5676,2670,3,0,192.631,0
6,5677,2678,3,0,172.80600000000001,0
6,5678,2686,3,0,214.10900000000001,0
6,5679,2694,3,0,154.018,0
6,5680,2702,3,0,169.642,0
6,5681,2710,3,0,181.51400000000001,0
6,5682,2718,3,0,177.142,0
6,5683,2726,3,0,203.87799999999999,0
6,5684,2734,3,0,179.482,0
6,5685,2742,3,0,195.11099999999999,0
6,5686,2750,3,0,176.39599999999999,0
6,5687,2758,3,0,189.946,0
6,5688,2766,3,0,242.21600000000001,0
6,5689,2774,3,0,177.18799999999999,0
6,5690,2782,3,0,156.328,0
6,5691,2790,3,0,177.37799999999999,0
6,5692,2798,3,0,178.99600000000001,0
6,5693,2806,3,0,158.173,0
6,5694,2814,3,0,163.596,0
6,5695,2822,3,0,177.58000000000001,0
6,5696,2830,3,0,198.245,0
6,5697,2838,3,0,152.471,0
6,5698,2846,3,0,127.58199999999999,0
6,5699,2854,3,0,129.66300000000001,0
6,5700,2862,3,0,220.22800000000001,0
6,5701,2870,3,0,191.09800000000001,0
6,5702,2878,3,0,165.76900000000001,0
6,5703,2886,3,0,190.48699999999999,0
6,5704,2894,3,0,163.49199999999999,0
6,5705,2902,3,0,148.886,0
6,5706,2910,3,0,133.821,0
6,5707,2918,3,0,180.41300000000001,0
6,5708,2926,3,0,188.38300000000001,0
6,5709,2934,3,0,179.26400000000001,0
6,5710,2942,3,0,188.04300000000001,0
6,5711,2950,3,0,193.36099999999999,0
6,5712,2958,3,0,188.24000000000001,0
6,5713,2966,3,0,183.74799999999999,0
6,5714,2974,3,0,168.77000000000001,0
6,5715,2982,3,0,176.08500000000001,0
6,5716,2990,3,0,192.31399999999999,0
6,5717,2998,3,0,168.458,0
6,5718,3006,3,0,175.495,0
6,5719,3014,3,0,188.71299999999999,0
6,5720,3022,3,0,203.48699999999999,0
6,5721,3030,3,0,184.017,0
6,5722,3038,3,0,157.13300000000001,0
6,5723,3046,3,0,201.66300000000001,0
6,5724,3054,3,0,186.464,0
6,5725,3062,3,0,172.43000000000001,0
6,5726,3070,3,0,177.822,0
6,5727,3078,3,0,182.97800000000001,0
6,5728,3086,3,0,162.64099999999999,0
6,5729,3094,3,0,164.858,0
6,5730,3102,3,0,175.07499999999999,0
6,5731,3110,3,0,176.99299999999999,0
6,5732,3118,3,0,156.80600000000001,0
6,5733,3126,3,0,176.31999999999999,0
6,5734,3134,3,0,200.99299999999999,0
6,5735,3142,3,0,183.07400000000001,0
6,5736,3150,3,0,164.37200000000001,0
6,5737,3158,3,0,155.62799999999999,0
6,5738,3166,3,0,190.43799999999999,0
6,5739,3174,3,0,178.762,0
6,5740,3182,3,0,192.548,0
6,5741,3190,3,0,188.94900000000001,0
6,5742,3198,3,0,183.61000000000001,0
6,5743,3206,3,0,179.999,0
6,5744,3214,3,0,176.119,0
6,5745,3222,3,0,172.87299999999999,0
6,5746,3230,3,0,122.39400000000001,0
6,5747,3238,3,0,151.86699999999999,0
6,5748,3246,3,0,181.209,0
6,5749,3254,3,0,191.94300000000001,0
6,5750,3262,3,0,188.16200000000001,0
6,5751,3270,3,0,173.887,0
6,5752,3278,3,0,218.011,0
6,5753,3286,3,0,206.14699999999999,0
6,5754,3294,3,0,177.971,0
6,5755,3302,3,0,188.43899999999999,0
6,5756,3310,3,0,175.63300000000001,0
6,5757,3318,3,0,187.61699999999999,0
6,5758,3326,3,0,187.631,0
6,5759,3334,3,0,167.76900000000001,0
6,5760,3342,3,0,180.852,0
6,5761,3350,3,0,186.37299999999999,0
6,5762,3358,3,0,158.33799999999999,0
6,5763,3366,3,0,206.19800000000001,0
6,5764,3374,3,0,157.00299999999999,0
6,5765,3382,3,0,164.03200000000001,0
6,5766,3390,3,0,182.96799999999999,0
6,5767,3398,3,0,174.69800000000001,0
6,5768,3406,3,0,179.119,0
6,5769,3414,3,0,161.726,0
6,5770,3422,3,0,183.02699999999999,0
6,5771,3430,3,0,187.364,0
6,5772,3438,3,0,171.24799999999999,0
6,5773,3446,3,0,190.62299999999999,0
6,5774,3454,3,0,176.41,0
6,5775,3462,3,0,178.833,0
6,5776,3470,3,0,200.185,0
6,5777,3478,3,0,191.06200000000001,0
6,5778,3486,3,0,171.99199999999999,0
6,5779,3494,3,0,131.87799999999999,0
6,5780,3502,3,0,166.06,0
6,5781,3510,3,0,169.774,0
6,5782,3518,3,0,146.03100000000001,0
6,5783,3526,3,0,175.17400000000001,0
6,5784,3534,3,0,167.589,0
6,5785,3542,3,0,201.11199999999999,0
6,5786,3550,3,0,158.80199999999999,0
6,5787,3558,3,0,186.53200000000001,0
6,5788,3566,3,0,164.31299999999999,0
6,5789,3574,3,0,186.84,0
6,5790,3582,3,0,191.333,0
6,5791,3590,3,0,204.108,0
6,5792,3598,3,0,179.94399999999999,0
6,5793,3606,3,0,155.86600000000001,0
6,5794,3614,3,0,178.55099999999999,0
6,5795,3622,3,0,182.10599999999999,0
6,5796,3630,3,0,197.18899999999999,0
6,5797,3638,3,0,191.07300000000001,0
6,5798,3646,3,0,162.13399999999999,0
6,5799,3654,3,0,186.58600000000001,0
6,5800,3662,3,0,180.31999999999999,0
6,5801,3670,3,0,157.179,0
6,5802,3678,3,0,152.07599999999999,0
6,5803,3686,3,0,204.572,0
6,5804,3694,3,0,156.41300000000001,0
6,5805,3702,3,0,175.52099999999999,0
6,5806,3710,3,0,200.298,0
6,5807,3718,3,0,170.97,0
6,5808,3726,3,0,185.12200000000001,0
6,5809,3734,3,0,191.86699999999999,0
6,5810,3742,3,0,176.982,0
6,5811,3750,3,0,193.876,0
6,5812,3758,3,0,166.297,0
6,5813,3766,3,0,181.22399999999999,0
6,5814,3774,3,0,181.65899999999999,0
6,5815,3782,3,0,193.07599999999999,0
6,5816,3790,3,0,181.315,0
6,5817,3798,3,0,162.93600000000001,0
6,5818,3806,3,0,159.40299999999999,0
6,5819,3814,3,0,176.03299999999999,0
6,5820,3822,3,0,192.41900000000001,0
6,5821,3830,3,0,165.059,0
6,5822,3838,3,0,191.36600000000001,0
6,5823,3846,3,0,160.90199999999999,0
6,5824,3854,3,0,175.41200000000001,0
6,5825,3862,3,0,160.73500000000001,0
6,5826,3870,3,0,186.78100000000001,0
6,5827,3878,3,0,173.80099999999999,0
6,5828,3886,3,0,163.96299999999999,0
6,5829,3894,3,0,151.578,0
6,5830,3902,3,0,187.12100000000001,0
6,5831,3910,3,0,185.94900000000001,0
6,5832,3918,3,0,161.75899999999999,0
6,5833,3926,3,0,173.32499999999999,0
6,5834,3934,3,0,176.96600000000001,0
6,5835,3942,3,0,179.96899999999999,0
6,5836,3950,3,0,187.83199999999999,0
6,5837,3958,3,0,234.846,0
6,5838,3966,3,0,169.90199999999999,0
6,5839,3974,3,0,171.042,0
6,5840,3982,3,0,151.86099999999999,0
6,5841,3990,3,0,186.24600000000001,0
6,5842,3998,3,0,197.21600000000001,0
6,5843,4006,3,0,152.15100000000001,0
6,5844,4014,3,0,159.89599999999999,0
6,5845,4022,3,0,162.25800000000001,0
6,5846,4030,3,0,177.17599999999999,0
6,5847,4038,3,0,136.44499999999999,0
6,5848,4046,3,0,131.40799999999999,0
6,5849,4054,3,0,206.19200000000001,0
6,5850,4062,3,0,155.15199999999999,0
6,5851,4070,3,0,180.65899999999999,0
6,5852,4078,3,0,184.24799999999999,0
6,5853,4086,3,0,152.47499999999999,0
6,5854,4094,3,0,158.21700000000001,0
6,5855,4102,3,0,202.66300000000001,0
6,5856,4110,3,0,175.34899999999999,0
6,5857,4118,3,0,174.75700000000001,0
6,5858,4126,3,0,195.27099999999999,0
6,5859,4134,3,0,177.31899999999999,0
6,5860,4142,3,0,160.309,0
6,5861,4150,3,0,145.39500000000001,0
6,5862,4158,3,0,119.773,0
6,5863,4166,3,0,177.65700000000001,0
6,5864,4174,3,0,193.31399999999999,0
6,5865,4182,3,0,186.83199999999999,0
6,5866,4190,3,0,130.41399999999999,0
6,5867,4198,3,0,168.893,0
6,5868,4206,3,0,154.084,0
6,5869,4214,3,0,154.744,0
6,5870,4222,3,0,186.74000000000001,0
6,5871,4230,3,0,158.73699999999999,0
6,5872,4238,3,0,201.63300000000001,0
6,5873,4246,3,0,160.017,0
6,5874,4254,3,0,193.81200000000001,0
6,5875,4262,3,0,181.827,0
6,5876,4270,3,0,126.92,0
6,5877,4278,3,0,177.50700000000001,0
6,5878,4286,3,0,161.04900000000001,0
6,5879,4294,3,0,147.44200000000001,0
6,5880,4302,3,0,139.88499999999999,0
6,5881,4310,3,0,147.80699999999999,0
6,5882,4318,3,0,198.691,0
6,5883,4326,3,0,162.72999999999999,0
6,5884,4334,3,0,168.209,0
6,5885,4342,3,0,190.113,0
6,5886,4350,3,0,154.47,0
6,5887,4358,3,0,156.06100000000001,0
6,5888,4366,3,0,188.268,0
6,5889,4374,3,0,168.60900000000001,0
6,5890,4382,3,0,139.548,0
6,5891,4390,3,0,197.375,0
6,5892,4398,3,0,173.88,0
6,5893,4406,3,0,181.82400000000001,0
6,5894,4414,3,0,128.18000000000001,0
6,5895,4422,3,0,177.89500000000001,0
6,5896,4430,3,0,195.893,0
6,5897,4438,3,0,188.37899999999999,0
6,5898,4446,3,0,125.961,0
6,5899,4454,3,0,136.14599999999999,0
6,5900,4462,3,0,178.12100000000001,0
6,5901,4470,3,0,165.09999999999999,0
6,5902,4478,3,0,177.47300000000001,0
6,5903,4486,3,0,191.75399999999999,0
6,5904,4494,3,0,180.375,0
6,5905,4502,3,0,150.06100000000001,0
6,5906,4510,3,0,198.41200000000001,0
6,5907,4518,3,0,176.33199999999999,0
6,5908,4526,3,0,177.43700000000001,0
6,5909,4534,3,0,199.54900000000001,0
6,5910,4542,3,0,174.69,0
6,5911,4550,3,0,182.27500000000001,0
6,5912,4558,3,0,187.77799999999999,0
6,5913,4566,3,0,208.51900000000001,0
6,5914,4574,3,0,174.86000000000001,0
6,5915,4582,3,0,188.21899999999999,0
6,5916,4590,3,0,192.649,0
6,5917,4598,3,0,195.441,0
6,5918,4606,3,0,166.68799999999999,0
6,5919,4614,3,0,184.976,0
6,5920,4622,3,0,192.86600000000001,0
6,5921,4630,3,0,189.87700000000001,0
6,5922,4638,3,0,229.5,0
6,5923,4646,3,0,182.90799999999999,0
6,5924,4654,3,0,199.911,0
6,5925,4662,3,0,196.542,0
6,5926,4670,3,0,203.15100000000001,0
6,5927,4678,3,0,193.77799999999999,0
6,5928,4686,3,0,120.97499999999999,0
6,5929,4694,3,0,172.232,0
6,5930,4702,3,0,185.46700000000001,0
6,5931,4710,3,0,186.309,0
6,5932,4718,3,0,172.39099999999999,0
6,5933,4726,3,0,189.65700000000001,0
6,5934,4734,3,0,172.357,0
6,5935,4742,3,0,181.96299999999999,0
6,5936,4750,3,0,125.831,0
6,5937,4758,3,0,157.70699999999999,0
6,5938,4766,3,0,158.85599999999999,0
6,5939,4774,3,0,150.173,0
6,5940,4782,3,0,172.953,0
6,5941,4790,3,0,176.42599999999999,0
6,5942,4798,3,0,135.958,0
6,5943,4806,3,0,146.19800000000001,0
6,5944,4814,3,0,183.989,0
6,5945,4822,3,0,184.63999999999999,0
6,5946,4830,3,0,189.886,0
6,5947,4838,3,0,205.51300000000001,0
6,5948,4846,3,0,173.34299999999999,0
6,5949,4854,3,0,198.922,0
6,5950,4862,3,0,166.893,0
6,5951,4870,3,0,190.947,0
6,5952,4878,3,0,191.417,0
6,5953,4886,3,0,195.27699999999999,0
6,5954,4894,3,0,194.50299999999999,0
6,5955,4902,3,0,173.696,0
6,5956,4910,3,0,177.613,0
6,5957,4918,3,0,182.577,0
6,5958,4926,3,0,160.381,0
6,5959,4934,3,0,182.65600000000001,0
6,5960,4942,3,0,190.80699999999999,0
6,5961,4950,3,0,183.36600000000001,0
6,5962,4958,3,0,179.227,0
6,5963,4966,3,0,187.24000000000001,0
6,5964,4974,3,0,181.61000000000001,0
6,5965,4982,3,0,191.19900000000001,0
6,5966,4990,3,0,181.93299999999999,0
6,5967,4998,3,0,166.34299999999999,0
6,5968,5006,3,0,185.84299999999999,0
6,5969,5014,3,0,201.85499999999999,0
6,5970,5022,3,0,175.65000000000001,0
6,5971,5030,3,0,200.726,0
6,5972,5038,3,0,189.99600000000001,0
6,5973,5046,3,0,165.24799999999999,0
6,5974,5054,3,0,189.036,0
6,5975,5062,3,0,143.28100000000001,0
6,5976,5070,3,0,195.886,0
6,5977,5078,3,0,172.26499999999999,0
6,5978,5086,3,0,192.529,0
6,5979,5094,3,0,160.44800000000001,0
6,5980,5102,3,0,191.322,0
6,5981,5110,3,0,187.29400000000001,0
6,5982,5118,3,0,179.91800000000001,0
6,5983,5126,3,0,197.196,0
6,5984,5134,3,0,182.84399999999999,0
6,5985,5142,3,0,157.48699999999999,0
6,5986,5150,3,0,161.85300000000001,0
6,5987,5158,3,0,171.94999999999999,0
6,5988,5166,3,0,160.82300000000001,0
6,5989,5174,3,0,194.06700000000001,0
6,5990,5182,3,0,191.51400000000001,0
6,5991,5190,3,0,176.09399999999999,0
6,5992,5198,3,0,197.18100000000001,0
6,5993,5206,3,0,188.29499999999999,0
6,5994,5214,3,0,198.47399999999999,0
6,5995,5222,3,0,169.791,0
6,5996,5230,3,0,185.678,0
6,5997,5238,3,0,192.80600000000001,0
6,5998,5246,3,0,166.5,0
6,5999,5254,3,0,182.45400000000001,0
6,6000,5262,3,0,200.88999999999999,0
6,6001,5270,3,0,127.247,0
6,6002,5278,3,0,191.643,0
6,6003,5286,3,0,139.20599999999999,0
6,6004,5294,3,0,175.62799999999999,0
6,6005,5302,3,0,167.90199999999999,0
6,6006,5310,3,0,202.80000000000001,0
6,6007,5318,3,0,173.41,0
6,6008,5326,3,0,161.92099999999999,0
6,6009,5334,3,0,188.21600000000001,0
6,6010,5342,3,0,189.99100000000001,0
6,6011,5350,3,0,168.715,0
6,6012,5358,3,0,168,0
6,6013,5366,3,0,178.315,0
6,6014,5374,3,0,191.16300000000001,0
6,6015,5382,3,0,169.93000000000001,0
6,6016,5390,3,0,189.50200000000001,0
6,6017,5398,3,0,164.98500000000001,0
6,6018,5406,3,0,161.322,0
6,6019,5414,3,0,202.99600000000001,0
6,6020,5422,3,0,170.434,0
6,6021,5430,3,0,176.51599999999999,0
6,6022,5438,3,0,192.744,0
6,6023,5446,3,0,182.124,0
6,6024,5454,3,0,207.858,0
6,6025,5462,3,0,167.49199999999999,0
6,6026,5470,3,0,188.07499999999999,0
6,6027,5478,3,0,180.476,0
6,6028,5486,3,0,181.25899999999999,0
6,6029,5494,3,0,165.833,0
6,6030,5502,3,0,168.73699999999999,0
6,6031,5510,3,0,132.16499999999999,0
6,6032,5518,3,0,182.691,0
6,6033,5526,3,0,196.78100000000001,0
6,6034,5534,3,0,211.18700000000001,0
6,6035,5542,3,0,189.029,0
6,6036,5550,3,0,164.553,0
6,6037,5558,3,0,176.74299999999999,0
6,6038,5566,3,0,203.899,0
6,6039,5574,3,0,157.36699999999999,0
6,6040,5582,3,0,163.56800000000001,0
6,6041,5590,3,0,175.63999999999999,0
6,6042,5598,3,0,121.398,0
6,6043,5606,3,0,159.27099999999999,0
6,6044,5614,3,0,171.96199999999999,0
6,6045,5622,3,0,172.56899999999999,0
6,6046,5630,3,0,175.39599999999999,0
6,6047,5638,3,0,234.279,0
6,6048,5646,3,0,182.25800000000001,0
6,6049,5654,3,0,135.11699999999999,0
6,6050,5662,3,0,160.245,0
6,6051,5670,3,0,172.45099999999999,0
6,6052,5678,3,0,160.67400000000001,0
6,6053,5686,3,0,157.80000000000001,0
6,6054,5694,3,0,199.93700000000001,0
6,6055,5702,3,0,165.00299999999999,0
6,6056,5710,3,0,215.86600000000001,0
6,6057,5718,3,0,179.249,0
6,6058,5726,3,0,195.91,0
6,6059,5734,3,0,172.05000000000001,0
6,6060,5742,3,0,163.84999999999999,0
6,6061,5750,3,0,146.83500000000001,0
6,6062,5758,3,0,182.29499999999999,0
6,6063,5766,3,0,188.81899999999999,0
6,6064,5774,3,0,184.19900000000001,0
6,6065,5782,3,0,186.81,0
6,6066,5790,3,0,184.22399999999999,0
6,6067,5798,3,0,162.19499999999999,0
6,6068,5806,3,0,170.40700000000001,0
6,6069,5814,3,0,193.48599999999999,0
6,6070,5822,3,0,149.661,0
6,6071,5830,3,0,197.52699999999999,0
6,6072,5838,3,0,202.06899999999999,0
6,6073,5846,3,0,191.59200000000001,0
6,6074,5854,3,0,168.77600000000001,0
6,6075,5862,3,0,178.363,0
6,6076,5870,3,0,156.477,0
6,6077,5878,3,0,153.51900000000001,0
6,6078,5886,3,0,206.29599999999999,0
6,6079,5894,3,0,193.148,0
6,6080,5902,3,0,188.81399999999999,0
6,6081,5910,3,0,193.08099999999999,0
6,6082,5918,3,0,192.88800000000001,0
6,6083,5926,3,0,180.53899999999999,0
6,6084,5934,3,0,181.99600000000001,0
6,6085,5942,3,0,179.00800000000001,0
6,6086,5950,3,0,173.25800000000001,0
6,6087,5958,3,0,189.64500000000001,0
6,6088,5966,3,0,145.15600000000001,0
6,6089,5974,3,0,159.309,0
6,6090,5982,3,0,182.15000000000001,0
6,6091,5990,3,0,215.989,0
6,6092,5998,3,0,191.077,0
6,6093,6006,3,0,144.94499999999999,0
6,6094,6014,3,0,190.15899999999999,0
6,6095,6022,3,0,198.72999999999999,0
6,6096,6030,3,0,183.27099999999999,0
6,6097,6038,3,0,191.00800000000001,0
6,6098,6046,3,0,148.23699999999999,0
6,6099,6054,3,0,188.41,0
6,6100,6062,3,0,179.27500000000001,0
6,6101,6070,3,0,145.90799999999999,0
6,6102,6078,3,0,134.47800000000001,0
6,6103,6086,3,0,184.565,0
6,6104,6094,3,0,188.614,0
6,6105,6102,3,0,194.386,0
6,6106,6110,3,0,142.387,0
6,6107,6118,3,0,185.364,0
6,6108,6126,3,0,189.625,0
6,6109,6134,3,0,182.95099999999999,0
6,6110,6142,3,0,195.15600000000001,0
6,6111,6150,3,0,156.755,0
6,6112,6158,3,0,125.563,0
6,6113,6166,3,0,178.37200000000001,0
6,6114,6174,3,0,177.23699999999999,0
6,6115,6182,3,0,176.07400000000001,0
6,6116,6190,3,0,130.70699999999999,0
6,6117,6198,3,0,172.74000000000001,0
6,6118,6206,3,0,177.381,0
6,6119,6214,3,0,174.471,0
6,6120,6222,3,0,170.63800000000001,0
6,6121,6230,3,0,185.76900000000001,0
6,6122,6238,3,0,168.78100000000001,0
6,6123,6246,3,0,158.34800000000001,0
6,6124,6254,3,0,181.97999999999999,0
6,6125,6262,3,0,134.84700000000001,0
6,6126,6270,3,0,185.78,0
6,6127,6278,3,0,196.00899999999999,0
6,6128,6286,3,0,198.274,0
6,6129,6294,3,0,168.328,0
6,6130,6302,3,0,187.91900000000001,0
6,6131,6310,3,0,179.83699999999999,0
6,6132,6318,3,0,209.08600000000001,0
6,6133,6326,3,0,159.048,0
6,6134,6334,3,0,184.02500000000001,0
6,6135,6342,3,0,134.21700000000001,0
6,6136,6350,3,0,162.06399999999999,0
6,6137,6358,3,0,135.477,0
6,6138,6366,3,0,172.73500000000001,0
6,6139,6374,3,0,171.81700000000001,0
6,6140,6382,3,0,182.39500000000001,0
6,6141,6390,3,0,167.93000000000001,0
6,6142,6398,3,0,163.374,0
6,6143,6406,3,0,178.947,0
6,6144,6414,3,0,178.54599999999999,0
6,6145,6422,3,0,158.27000000000001,0
6,6146,6430,3,0,202.79900000000001,0
6,6147,6438,3,0,137.17500000000001,0
6,6148,6446,3,0,142.785,0
6,6149,6454,3,0,189.376,0
6,6150,6462,3,0,183.73500000000001,0
6,6151,6470,3,0,194.369,0
6,6152,6478,3,0,177.047,0
6,6153,6486,3,0,191.953,0
6,6154,6494,3,0,188.864,0
6,6155,6502,3,0,167.61000000000001,0
6,6156,6510,3,0,194.80600000000001,0
6,6157,6518,3,0,171.89699999999999,0
6,6158,6526,3,0,196.45099999999999,0
6,6159,6534,3,0,184.50899999999999,0
6,6160,6542,3,0,152.02600000000001,0
6,6161,6550,3,0,184.166,0
6,6162,6558,3,0,169.74199999999999,0
6,6163,6566,3,0,195.50700000000001,0
6,6164,6574,3,0,204.65100000000001,0
6,6165,6582,3,0,174.95400000000001,0
6,6166,6590,3,0,156.739,0
6,6167,6598,3,0,215.393,0
6,6168,6606,3,0,166.16399999999999,0
6,6169,6614,3,0,184.83000000000001,0
6,6170,6622,3,0,145.602,0
6,6171,6630,3,0,136.20699999999999,0
6,6172,6638,3,0,179.23400000000001,0
6,6173,6646,3,0,174.59999999999999,0
6,6174,6654,3,0,209.00899999999999,0
6,6175,6662,3,0,129.98400000000001,0
6,6176,6670,3,0,178.78,0
6,6177,6678,3,0,150.786,0
6,6178,6686,3,0,166.84100000000001,0
6,6179,6694,3,0,166.49799999999999,0
6,6180,6702,3,0,143.81,0
6,6181,6710,3,0,167.852,0
6,6182,6718,3,0,199.816,0
6,6183,6726,3,0,182.33799999999999,0
6,6184,6734,3,0,209.29900000000001,0
6,6185,6742,3,0,192.08600000000001,0
6,6186,6750,3,0,186.08199999999999,0
6,6187,6758,3,0,169.732,0
6,6188,6766,3,0,171.41900000000001,0
6,6189,6774,3,0,138.57599999999999,0
6,6190,6782,3,0,214.238,0
6,6191,6790,3,0,136.41200000000001,0
6,6192,6798,3,0,173.61799999999999,0
6,6193,6806,3,0,183.35499999999999,0
6,6194,6814,3,0,182.346,0
6,6195,6822,3,0,202.23500000000001,0
6,6196,6830,3,0,173.62799999999999,0
6,6197,6838,3,0,200.84,0
6,6198,6846,3,0,177.22,0
6,6199,6854,3,0,185.53200000000001,0
6,6200,6862,3,0,212.54599999999999,0
6,6201,6870,3,0,132.92099999999999,0
6,6202,6878,3,0,166.63,0
6,6203,6886,3,0,176.185,0
6,6204,6894,3,0,190.626,0
6,6205,6902,3,0,187.28999999999999,0
6,6206,6910,3,0,142.16,0
6,6207,6918,3,0,176.167,0
6,6208,6926,3,0,183.708,0
6,6209,6934,3,0,188.309,0
6,6210,6942,3,0,193.03800000000001,0
6,6211,6950,3,0,184.89500000000001,0
6,6212,6958,3,0,189.589,0
6,6213,6966,3,0,139.244,0
6,6214,6974,3,0,200.96700000000001,0
6,6215,6982,3,0,179.46299999999999,0
6,6216,6990,3,0,177.12299999999999,0
6,6217,6998,3,0,138.36799999999999,0
6,6218,7006,3,0,168.28999999999999,0
6,6219,7014,3,0,195.54300000000001,0
6,6220,7022,3,0,188.99600000000001,0
6,6221,7030,3,0,174.66499999999999,0
6,6222,7038,3,0,145.21000000000001,0
6,6223,7046,3,0,176.12799999999999,0
6,6224,7054,3,0,186.07300000000001,0
6,6225,7062,3,0,203.898,0
6,6226,7070,3,0,172.911,0
6,6227,7078,3,0,159.102,0
6,6228,7086,3,0,167.77799999999999,0
6,6229,7094,3,0,166.52600000000001,0
6,6230,7102,3,0,208.20599999999999,0
6,6231,7110,3,0,185.48599999999999,0
6,6232,7118,3,0,205.614,0
6,6233,7126,3,0,172.56700000000001,0
6,6234,7134,3,0,175.863,0
6,6235,7142,3,0,159.786,0
6,6236,7150,3,0,154.04599999999999,0
6,6237,7158,3,0,178.589,0
6,6238,7166,3,0,203.02500000000001,0
6,6239,7174,3,0,114.726,0
6,6240,7182,3,0,192.56100000000001,0
6,6241,7190,3,0,149.49000000000001,0
6,6242,7198,3,0,180.833,0
6,6243,7206,3,0,167.81999999999999,0
6,6244,7214,3,0,146.10300000000001,0
6,6245,7222,3,0,156.44999999999999,0
6,6246,7230,3,0,157.33699999999999,0
6,6247,7238,3,0,143.066,0
6,6248,7246,3,0,147.053,0
6,6249,7254,3,0,160.70400000000001,0
6,6250,7262,3,0,184.779,0
6,6251,7270,3,0,176.57300000000001,0
6,6252,7278,3,0,208.56200000000001,0
6,6253,7286,3,0,180.20099999999999,0
6,6254,7294,3,0,161.86600000000001,0
6,6255,7302,3,0,151.75399999999999,0
6,6256,7310,3,0,171.297,0
6,6257,7318,3,0,182.38900000000001,0
6,6258,7326,3,0,188.703,0
6,6259,7334,3,0,194.86699999999999,0
6,6260,7342,3,0,201.64500000000001,0
6,6261,7350,3,0,156.40000000000001,0
6,6262,7358,3,0,169.59899999999999,0
6,6263,7366,3,0,184.02199999999999,0
6,6264,7374,3,0,201.51400000000001,0
6,6265,7382,3,0,176.26599999999999,0
6,6266,7390,3,0,173.10300000000001,0
6,6267,7398,3,0,145.80099999999999,0
6,6268,7406,3,0,162.56100000000001,0
6,6269,7414,3,0,139.417,0
6,6270,7422,3,0,199.15799999999999,0
6,6271,7430,3,0,122.56399999999999,0
6,6272,7438,3,0,193.714,0
6,6273,7446,3,0,159.70699999999999,0
6,6274,7454,3,0,176.41399999999999,0
6,6275,7462,3,0,178.27799999999999,0
6,6276,7470,3,0,212.18899999999999,0
6,6277,7478,3,0,176.61199999999999,0
6,6278,7486,3,0,174.02799999999999,0
6,6279,7494,3,0,188.39699999999999,0
6,6280,7502,3,0,199.542,0
6,6281,7510,3,0,176.464,0
6,6282,7518,3,0,173.97300000000001,0
6,6283,7526,3,0,151.70599999999999,0
6,6284,7534,3,0,183.803,0
6,6285,7542,3,0,197.39500000000001,0
6,6286,7550,3,0,157.09999999999999,0
6,6287,7558,3,0,162.654,0
6,6288,7566,3,0,178.91300000000001,0
6,6289,7574,3,0,157.22999999999999,0
6,6290,7582,3,0,132.52099999999999,0
6,6291,7590,3,0,187.95099999999999,0
6,6292,7598,3,0,182.15299999999999,0
6,6293,7606,3,0,153.12100000000001,0
6,6294,7614,3,0,206.80000000000001,0
6,6295,7622,3,0,186.52099999999999,0
6,6296,7630,3,0,181.51400000000001,0
6,6297,7638,3,0,155.74600000000001,0
6,6298,7646,3,0,204.12700000000001,0
6,6299,7654,3,0,186.34299999999999,0
6,6300,7662,3,0,156.90100000000001,0
6,6301,7670,3,0,147.08099999999999,0
6,6302,7678,3,0,174.59700000000001,0
6,6303,7686,3,0,136.489,0
6,6304,7694,3,0,185.59399999999999,0
6,6305,7702,3,0,179.50800000000001,0
6,6306,7710,3,0,199.374,0
6,6307,7718,3,0,112.61799999999999,0
6,6308,7726,3,0,181.905,0
6,6309,7734,3,0,186.58500000000001,0
6,6310,7742,3,0,169.57300000000001,0
6,6311,7750,3,0,189.56899999999999,0
6,6312,7758,3,0,162.55699999999999,0
6,6313,7766,3,0,168.44499999999999,0
6,6314,7774,3,0,189.46199999999999,0
6,6315,7782,3,0,133.74000000000001,0
6,6316,7790,3,0,156.44999999999999,0
6,6317,7798,3,0,185.624,0
6,6318,7806,3,0,183.161,0
6,6319,7814,3,0,186.886,0
6,6320,7822,3,0,181.571,0
6,6321,7830,3,0,148.93899999999999,0
6,6322,7838,3,0,172.78700000000001,0
6,6323,7846,3,0,194.70699999999999,0
6,6324,7854,3,0,185.47,0
6,6325,7862,3,0,183.00700000000001,0
6,6326,7870,3,0,153.42500000000001,0
6,6327,7878,3,0,153.38900000000001,0
6,6328,7886,3,0,190.07300000000001,0
6,6329,7894,3,0,203.459,0
6,6330,7902,3,0,160.33099999999999,0
6,6331,7910,3,0,173.36600000000001,0
6,6332,7918,3,0,153.047,0
6,6333,7926,3,0,162.65000000000001,0
6,6334,7934,3,0,154.26900000000001,0
6,6335,7942,3,0,182.55199999999999,0
6,6336,7950,3,0,133.18600000000001,0
6,6337,7958,3,0,179.84100000000001,0
6,6338,7966,3,0,183.20400000000001,0
6,6339,7974,3,0,176.78200000000001,0
6,6340,7982,3,0,164.51900000000001,0
6,6341,7990,3,0,165.22300000000001,0
6,6342,7998,3,0,180.828,0
6,6343,8006,3,0,190.19800000000001,0
6,6344,8014,3,0,202.18700000000001,0
6,6345,8022,3,0,242.64500000000001,0
6,6346,8030,3,0,177.74700000000001,0
6,6347,8038,3,0,194.66900000000001,0
6,6348,8046,3,0,177.97300000000001,0
6,6349,8054,3,0,187.37899999999999,0
6,6350,8062,3,0,172.35300000000001,0
6,6351,8070,3,0,171.976,0
6,6352,8078,3,0,183.77199999999999,0
6,6353,8086,3,0,187.16399999999999,0
6,6354,8094,3,0,135.66,0
6,6355,8102,3,0,179.40000000000001,0
6,6356,8110,3,0,189.05000000000001,0
6,6357,8118,3,0,184.524,0
6,6358,8126,3,0,162.83099999999999,0
6,6359,8134,3,0,148.66900000000001,0
6,6360,8142,3,0,200.98099999999999,0
6,6361,8150,3,0,192.816,0
6,6362,8158,3,0,178.547,0
6,6363,8166,3,0,136.96199999999999,0
6,6364,8174,3,0,130.375,0
6,6365,8182,3,0,175.69399999999999,0
6,6366,8190,3,0,189.315,0
6,6367,8198,3,0,151.124,0
6,6368,8206,3,0,127.214,0
6,6369,8214,3,0,174.977,0
6,6370,8222,3,0,167.792,0
6,6371,8230,3,0,203.73500000000001,0
6,6372,8238,3,0,194.61099999999999,0
6,6373,8246,3,0,162.227,0
6,6374,8254,3,0,182.59100000000001,0
6,6375,8262,3,0,181.54400000000001,0
6,6376,8270,3,0,160.42599999999999,0
6,6377,8278,3,0,155.79499999999999,0
6,6378,8286,3,0,160.548,0
6,6379,8294,3,0,149.29499999999999,0
6,6380,8302,3,0,158.21799999999999,0
6,6381,8310,3,0,180.208,0
6,6382,8318,3,0,176.02699999999999,0
6,6383,8326,3,0,160.13300000000001,0
6,6384,8334,3,0,152.49100000000001,0
6,6385,8342,3,0,170.85300000000001,0
6,6386,8350,3,0,115.48,0
6,6387,8358,3,0,174.643,0
6,6388,8366,3,0,179.95400000000001,0
6,6389,8374,3,0,182.71199999999999,0
6,6390,8382,3,0,207.12200000000001,0
6,6391,8390,3,0,169.553,0
6,6392,8398,3,0,180.226,0
6,6393,8406,3,0,123.47499999999999,0
6,6394,8414,3,0,181.10400000000001,0
6,6395,8422,3,0,178.59999999999999,0
6,6396,8430,3,0,192.94399999999999,0
6,6397,8438,3,0,201.08600000000001,0
6,6398,8446,3,0,159.52000000000001,0
6,6399,8454,3,0,133.44200000000001,0
6,6400,8462,3,0,196.30000000000001,0
6,6401,8470,3,0,135.77799999999999,0
6,6402,8478,3,0,190.279,0
6,6403,8486,3,0,163.93100000000001,0
6,6404,8494,3,0,159.922,0
6,6405,8502,3,0,186.666,0
6,6406,8510,3,0,192.26400000000001,0
6,6407,8518,3,0,141.19399999999999,0
6,6408,8526,3,0,154.53700000000001,0
6,6409,8534,3,0,182.93100000000001,0
6,6410,8542,3,0,175.291,0
6,6411,8550,3,0,174.50399999999999,0
6,6412,8558,3,0,176.934,0
6,6413,8566,3,0,184.07400000000001,0
6,6414,8574,3,0,201.83699999999999,0
6,6415,8582,3,0,172.869,0
6,6416,8590,3,0,201.75800000000001,0
6,6417,8598,3,0,185.32300000000001,0
6,6418,8606,3,0,135.78100000000001,0
6,6419,8614,3,0,144.03,0
6,6420,8622,3,0,186.38300000000001,0
6,6421,8630,3,0,156.262,0
6,6422,8638,3,0,171.35599999999999,0
6,6423,8646,3,0,202.041,0
6,6424,8654,3,0,189.31200000000001,0
6,6425,8662,3,0,152.86699999999999,0
6,6426,8670,3,0,206.36699999999999,0
6,6427,8678,3,0,179.26499999999999,0
6,6428,8686,3,0,195.273,0
6,6429,8694,3,0,178.113,0
6,6430,8702,3,0,190.41800000000001,0
6,6431,8710,3,0,164.58000000000001,0
6,6432,8718,3,0,190.453,0
6,6433,8726,3,0,173.173,0
6,6434,8734,3,0,174.02199999999999,0
6,6435,8742,3,0,157.43000000000001,0
6,6436,8750,3,0,178.239,0
6,6437,8758,3,0,172.113,0
6,6438,8766,3,0,181.03999999999999,0
6,6439,8774,3,0,206.49700000000001,0
6,6440,8782,3,0,176.54599999999999,0
6,6441,8790,3,0,166.52500000000001,0
6,6442,8798,3,0,192.947,0
6,6443,8806,3,0,181.49000000000001,0
6,6444,8814,3,0,156.20099999999999,0
6,6445,8822,3,0,181.74299999999999,0
6,6446,8830,3,0,160.672,0
6,6447,8838,3,0,180.92699999999999,0
6,6448,8846,3,0,182.58500000000001,0
6,6449,8854,3,0,161.13999999999999,0
6,6450,8862,3,0,177.61000000000001,0
6,6451,8870,3,0,189.471,0
6,6452,8878,3,0,178.80199999999999,0
6,6453,8886,3,0,208.042,0
6,6454,8894,3,0,171.28999999999999,0
6,6455,8902,3,0,195.023,0
6,6456,8910,3,0,179.44399999999999,0
6,6457,8918,3,0,163.94399999999999,0
6,6458,8926,3,0,172.14500000000001,0
6,6459,8934,3,0,177.233,0
6,6460,8942,3,0,180.309,0
6,6461,8950,3,0,189.47800000000001,0
6,6462,8958,3,0,186.648,0
6,6463,8966,3,0,177.20400000000001,0
6,6464,8974,3,0,173.13200000000001,0
6,6465,8982,3,0,180.42099999999999,0
6,6466,8990,3,0,132.40199999999999,0
6,6467,8998,3,0,162.64599999999999,0
6,6468,9006,3,0,176.816,0
6,6469,9014,3,0,171.61099999999999,0
6,6470,9022,3,0,179.24299999999999,0
6,6471,9030,3,0,201.22200000000001,0
6,6472,9038,3,0,181.57300000000001,0
6,6473,9046,3,0,179.571,0
6,6474,9054,3,0,173.89099999999999,0
6,6475,9062,3,0,197.886,0
6,6476,9070,3,0,191.77799999999999,0
6,6477,9078,3,0,161.441,0
6,6478,9086,3,0,150.96299999999999,0
6,6479,9094,3,0,184.78,0
6,6480,9102,3,0,190.29400000000001,0
6,6481,9110,3,0,207.18700000000001,0
6,6482,9118,3,0,171.19399999999999,0
6,6483,9126,3,0,166.185,0
6,6484,9134,3,0,164.31100000000001,0
6,6485,9142,3,0,154.54900000000001,0
6,6486,9150,3,0,138.25200000000001,0
6,6487,9158,3,0,186.828,0
6,6488,9166,3,0,197.71100000000001,0
6,6489,9174,3,0,159.81700000000001,0
6,6490,9182,3,0,171.417,0
6,6491,9190,3,0,188.89699999999999,0
6,6492,9198,3,0,180.88499999999999,0
6,6493,9206,3,0,188.274,0
6,6494,9214,3,0,179.786,0
6,6495,9222,3,0,210.863,0
6,6496,9230,3,0,181.66900000000001,0
6,6497,9238,3,0,146.185,0
6,6498,9246,3,0,191.76499999999999,0
6,6499,9254,3,0,180.559,0
6,6500,9262,3,0,175.62,0
6,6501,9270,3,0,177.72999999999999,0
6,6502,9278,3,0,189.714,0
6,6503,9286,3,0,152.22499999999999,0
6,6504,9294,3,0,156.44200000000001,0
6,6505,9302,3,0,182.18000000000001,0
6,6506,9310,3,0,150.65199999999999,0
6,6507,9318,3,0,178.40299999999999,0
6,6508,9326,3,0,166.87,0
6,6509,9334,3,0,192.404,0
6,6510,9342,3,0,183.30099999999999,0
6,6511,9350,3,0,150.53100000000001,0
6,6512,9358,3,0,175.02500000000001,0
6,6513,9366,3,0,155.99299999999999,0
6,6514,9374,3,0,241.31800000000001,0
6,6515,9382,3,0,170.22499999999999,0
6,6516,9390,3,0,200.101,0
6,6517,9398,3,0,204.43000000000001,0
6,6518,9406,3,0,179.71299999999999,0
6,6519,9414,3,0,171.90299999999999,0
6,6520,9422,3,0,116.977,0
6,6521,9430,3,0,154.977,0
6,6522,9438,3,0,161.76300000000001,0
6,6523,9446,3,0,172.21299999999999,0
6,6524,9454,3,0,163.43799999999999,0
6,6525,9462,3,0,172.38999999999999,0
6,6526,9470,3,0,199.779,0
6,6527,9478,3,0,150.09700000000001,0
6,6528,9486,3,0,182.126,0
6,6529,9494,3,0,196.68299999999999,0
6,6530,9502,3,0,187.46700000000001,0
6,6531,9510,3,0,133.084,0
6,6532,9518,3,0,200.018,0
6,6533,9526,3,0,164.40799999999999,0
6,6534,9534,3,0,128.79300000000001,0
6,6535,9542,3,0,162.25999999999999,0
6,6536,9550,3,0,190.62899999999999,0
6,6537,9558,3,0,178.33799999999999,0
6,6538,9566,3,0,204.81999999999999,0
6,6539,9574,3,0,172.61500000000001,0
6,6540,9582,3,0,152.857,0
6,6541,9590,3,0,172.846,0
6,6542,9598,3,0,184.66300000000001,0
6,6543,9606,3,0,186.01400000000001,0
6,6544,9614,3,0,183.453,0
6,6545,9622,3,0,171.178,0
6,6546,9630,3,0,175.81999999999999,0
6,6547,9638,3,0,201.274,0
6,6548,9646,3,0,183.327,0
6,6549,9654,3,0,179.779,0
6,6550,9662,3,0,177.05000000000001,0
6,6551,9670,3,0,194.946,0
6,6552,9678,3,0,188.709,0
6,6553,9686,3,0,201.47200000000001,0
6,6554,9694,3,0,197.94800000000001,0
6,6555,9702,3,0,196.48500000000001,0
6,6556,9710,3,0,178.40100000000001,0
6,6557,9718,3,0,200.12700000000001,0
6,6558,9726,3,0,180.34800000000001,0
6,6559,9734,3,0,171.292,0
6,6560,9742,3,0,199.012,0
6,6561,9750,3,0,199.03299999999999,0
6,6562,9758,3,0,169.483,0
6,6563,9766,3,0,206.69499999999999,0
6,6564,9774,3,0,191.995,0
6,6565,9782,3,0,175.16300000000001,0
6,6566,9790,3,0,165.68100000000001,0
6,6567,9798,3,0,139.059,0
6,6568,9806,3,0,191.95400000000001,0
6,6569,9814,3,0,156.01499999999999,0
6,6570,9822,3,0,200.589,0
6,6571,9830,3,0,202.76599999999999,0
6,6572,9838,3,0,185.94900000000001,0
6,6573,9846,3,0,198.316,0
6,6574,9854,3,0,175.416,0
6,6575,9862,3,0,181.708,0
6,6576,9870,3,0,168.23699999999999,0
6,6577,9878,3,0,127.777,0
6,6578,9886,3,0,189.75,0
6,6579,9894,3,0,141.012,0
6,6580,9902,3,0,128.76400000000001,0
6,6581,9910,3,0,138.57599999999999,0
6,6582,9918,3,0,166.81299999999999,0
6,6583,9926,3,0,178.91900000000001,0
6,6584,9934,3,0,178.37100000000001,0
6,6585,9942,3,0,139.87299999999999,0
6,6586,9950,3,0,149.31399999999999,0
6,6587,9958,3,0,171.21899999999999,0
6,6588,9966,3,0,208.708,0
6,6589,9974,3,0,203.38900000000001,0
6,6590,9982,3,0,163.65899999999999,0
6,6591,9990,3,0,184.55099999999999,0
6,6592,9998,3,0,180.369,0
6,6593,10006,3,0,154.08600000000001,0
6,6594,10014,3,0,195.38,0
6,6595,10022,3,0,181.16800000000001,0
6,6596,10030,3,0,198.36500000000001,0
6,6597,10038,3,0,189.619,0
6,6598,10046,3,0,177.238,0
6,6599,10054,3,0,199.15899999999999,0
6,6600,10062,3,0,173.67500000000001,0
6,6601,10070,3,0,208.47,0
6,6602,10078,3,0,186.81399999999999,0
6,6603,10086,3,0,208.191,0
6,6604,10094,3,0,177.02500000000001,0
6,6605,10102,3,0,173.42699999999999,0
6,6606,10110,3,0,179.08600000000001,0
6,6607,10118,3,0,195.685,0
6,6608,10126,3,0,139.61600000000001,0
6,6609,10134,3,0,161.053,0
6,6610,10142,3,0,187.05199999999999,0
6,6611,10150,3,0,190.10599999999999,0
6,6612,10158,3,0,154.12299999999999,0
6,6613,10166,3,0,188.23099999999999,0
6,6614,10174,3,0,171.751,0
6,6615,10182,3,0,136.173,0
6,6616,10190,3,0,171.23400000000001,0
6,6617,10198,3,0,177.15299999999999,0
6,6618,10206,3,0,195.13800000000001,0
6,6619,10214,3,0,178.15899999999999,0
6,6620,10222,3,0,170.96799999999999,0
6,6621,10230,3,0,129.62100000000001,0
6,6622,10238,3,0,167.34999999999999,0
6,6623,10246,3,0,169.566,0
6,6624,10254,3,0,164.09100000000001,0
6,6625,10262,3,0,161.541,0
6,6626,10270,3,0,202.62700000000001,0
6,6627,10278,3,0,186.09899999999999,0
6,6628,10286,3,0,143.08199999999999,0
6,6629,10294,3,0,201.18199999999999,0
6,6630,10302,3,0,181.42099999999999,0
6,6631,10310,3,0,157.10300000000001,0
6,6632,10318,3,0,209.31,0
6,6633,10326,3,0,167.268,0
6,6634,10334,3,0,186.30199999999999,0
6,6635,10342,3,0,194.92599999999999,0
6,6636,10350,3,0,194.04499999999999,0
6,6637,10358,3,0,168.60599999999999,0
6,6638,10366,3,0,163.09800000000001,0
6,6639,10374,3,0,179.59200000000001,0
6,6640,10382,3,0,178.32900000000001,0
6,6641,10390,3,0,190.71799999999999,0
6,6642,10398,3,0,196.19200000000001,0
6,6643,10406,3,0,196.48699999999999,0
6,6644,10414,3,0,181.24799999999999,0
6,6645,10422,3,0,207.71199999999999,0
6,6646,10430,3,0,188.101,0
6,6647,10438,3,0,176.07499999999999,0
6,6648,10446,3,0,169.11000000000001,0
6,6649,10454,3,0,195.607,0
6,6650,10462,3,0,186.77600000000001,0
6,6651,10470,3,0,177.85499999999999,0
6,6652,10478,3,0,189.18199999999999,0
6,6653,10486,3,0,200.452,0
6,6654,10494,3,0,177.565,0
6,6655,10502,3,0,182.92400000000001,0
6,6656,10510,3,0,120.73,0
6,6657,10518,3,0,128.89699999999999,0
6,6658,10526,3,0,184.58699999999999,0
6,6659,10534,3,0,165.13399999999999,0
6,6660,10542,3,0,135.43199999999999,0
6,6661,10550,3,0,157.62299999999999,0
6,6662,10558,3,0,182.06800000000001,0
6,6663,10566,3,0,190.28399999999999,0
6,6664,10574,3,0,166.39400000000001,0
6,6665,10582,3,0,174.274,0
6,6666,10590,3,0,178.72900000000001,0
6,6667,10598,3,0,176.99799999999999,0
6,6668,10606,3,0,191.00399999999999,0
6,6669,10614,3,0,183.50999999999999,0
6,6670,10622,3,0,208.61099999999999,0
6,6671,10630,3,0,179.75800000000001,0
6,6672,10638,3,0,192.06,0
6,6673,10646,3,0,202.36699999999999,0
6,6674,10654,3,0,187.87200000000001,0
6,6675,10662,3,0,199.166,0
6,6676,10670,3,0,169.714,0
6,6677,10678,3,0,132.53700000000001,0
6,6678,10686,3,0,175.607,0
6,6679,10694,3,0,206.58600000000001,0
6,6680,10702,3,0,187.99799999999999,0
6,6681,10710,3,0,156.97999999999999,0
6,6682,10718,3,0,180.483,0
6,6683,10726,3,0,165.30500000000001,0
6,6684,10734,3,0,223.52000000000001,0
6,6685,10742,3,0,190.81,0
6,6686,10750,3,0,188.52099999999999,0
6,6687,10758,3,0,199.46199999999999,0
6,6688,10766,3,0,191.43899999999999,0
6,6689,10774,3,0,160.553,0
6,6690,10782,3,0,189.26599999999999,0
6,6691,10790,3,0,138.762,0
6,6692,10798,3,0,185.43799999999999,0
6,6693,10806,3,0,192.18600000000001,0
6,6694,10814,3,0,197.405,0
6,6695,10822,3,0,199.05799999999999,0
6,6696,10830,3,0,161.84299999999999,0
6,6697,10838,3,0,174.375,0
6,6698,10846,3,0,203.57499999999999,0
6,6699,10854,3,0,168.32499999999999,0
6,6700,10862,3,0,205.07400000000001,0
6,6701,10870,3,0,200.441,0
6,6702,10878,3,0,188.267,0
6,6703,10886,3,0,151.23699999999999,0
6,6704,10894,3,0,161.29499999999999,0
6,6705,10902,3,0,186.125,0
6,6706,10910,3,0,166.18700000000001,0
6,6707,10918,3,0,195.124,0
6,6708,10926,3,0,187.262,0
6,6709,10934,3,0,175.68000000000001,0
6,6710,10942,3,0,182.042,0
6,6711,10950,3,0,209.63,0
6,6712,10958,3,0,168.65700000000001,0
6,6713,10966,3,0,154.24700000000001,0
6,6714,10974,3,0,178.36199999999999,0
6,6715,10982,3,0,171.733,0
6,6716,10990,3,0,168.733,0
6,6717,10998,3,0,164.09800000000001,0
6,6718,11006,3,0,192.233,0
6,6719,11014,3,0,180.15000000000001,0
6,6720,11022,3,0,175.06899999999999,0
6,6721,11030,3,0,190.80500000000001,0
6,6722,11038,3,0,163.50399999999999,0
6,6723,11046,3,0,150.72200000000001,0
6,6724,11054,3,0,161.88300000000001,0
6,6725,11062,3,0,134.90199999999999,0
6,6726,11070,3,0,189.10400000000001,0
6,6727,11078,3,0,177.63900000000001,0
6,6728,11086,3,0,155.24799999999999,0
6,6729,11094,3,0,197.09100000000001,0
6,6730,11102,3,0,158.13499999999999,0
6,6731,11110,3,0,207.55699999999999,0
6,6732,11118,3,0,202.83000000000001,0
6,6733,11126,3,0,181.04900000000001,0
6,6734,11134,3,0,191.07300000000001,0
6,6735,11142,3,0,134.88300000000001,0
6,6736,11150,3,0,198.10400000000001,0
6,6737,11158,3,0,189.96000000000001,0
6,6738,11166,3,0,139.96199999999999,0
6,6739,11174,3,0,171.37100000000001,0
6,6740,11182,3,0,198.66800000000001,0
6,6741,11190,3,0,183.429,0
6,6742,11198,3,0,174.52000000000001,0
6,6743,11206,3,0,200.06999999999999,0
6,6744,11214,3,0,200.51900000000001,0
6,6745,11222,3,0,204.59299999999999,0
6,6746,11230,3,0,186.042,0
6,6747,11238,3,0,208.292,0
6,6748,11246,3,0,170.886,0
6,6749,11254,3,0,196.21299999999999,0
6,6750,11262,3,0,193.62,0
6,6751,11270,3,0,202.97,0
6,6752,11278,3,0,185.185,0
6,6753,11286,3,0,196.26900000000001,0
6,6754,11294,3,0,185.66499999999999,0
6,6755,11302,3,0,124.352,0
6,6756,11310,3,0,190.71700000000001,0
6,6757,11318,3,0,163.41900000000001,0
6,6758,11326,3,0,138.959,0
6,6759,11334,3,0,186.99700000000001,0
6,6760,11342,3,0,170.99700000000001,0
6,6761,11350,3,0,189.31999999999999,0
6,6762,11358,3,0,158.59200000000001,0
6,6763,11366,3,0,202.40199999999999,0
6,6764,11374,3,0,166.11099999999999,0
6,6765,11382,3,0,209.90700000000001,0
6,6766,11390,3,0,192.642,0
6,6767,11398,3,0,174.50800000000001,0
6,6768,11406,3,0,229.482,0
6,6769,11414,3,0,140.59800000000001,0
6,6770,11422,3,0,198.001,0
6,6771,11430,3,0,192.84899999999999,0
6,6772,11438,3,0,193.60499999999999,0
6,6773,11446,3,0,193.577,0
6,6774,11454,3,0,130.15799999999999,0
6,6775,11462,3,0,158.411,0
6,6776,11470,3,0,188.66499999999999,0
6,6777,11478,3,0,173.22200000000001,0
6,6778,11486,3,0,154.459,0
6,6779,11494,3,0,199.09700000000001,0
6,6780,11502,3,0,190.404,0
6,6781,11510,3,0,189.28200000000001,0
6,6782,11518,3,0,126.72199999999999,0
6,6783,11526,3,0,170.971,0
6,6784,11534,3,0,141.15899999999999,0
6,6785,11542,3,0,187.929,0
6,6786,11550,3,0,175.447,0
6,6787,11558,3,0,143.14699999999999,0
6,6788,11566,3,0,157.767,0
6,6789,11574,3,0,174.404,0
6,6790,11582,3,0,198.15899999999999,0
6,6791,11590,3,0,192.58699999999999,0
6,6792,11598,3,0,202.20500000000001,0
6,6793,11606,3,0,189.78,0
6,6794,11614,3,0,185.82900000000001,0
6,6795,11622,3,0,195.23400000000001,0
6,6796,11630,3,0,200.078,0
6,6797,11638,3,0,165.31800000000001,0
6,6798,11646,3,0,193.31800000000001,0
6,6799,11654,3,0,188.53899999999999,0
6,6800,11662,3,0,195.85300000000001,0
6,6801,11670,3,0,203.80699999999999,0
6,6802,11678,3,0,182.01599999999999,0
6,6803,11686,3,0,179.798,0
6,6804,11694,3,0,173.161,0
6,6805,11702,3,0,156.57400000000001,0
6,6806,11710,3,0,206.923,0
6,6807,11718,3,0,189.672,0
6,6808,11726,3,0,151.81100000000001,0
6,6809,11734,3,0,187.70699999999999,0
6,6810,11742,3,0,185.345,0
6,6811,11750,3,0,175.108,0
6,6812,11758,3,0,165.732,0
6,6813,11766,3,0,203.04499999999999,0
6,6814,11774,3,0,188.553,0
6,6815,11782,3,0,179.55099999999999,0
6,6816,11790,3,0,136.50700000000001,0
6,6817,11798,3,0,173.36500000000001,0
6,6818,11806,3,0,205.27199999999999,0
6,6819,11814,3,0,198.58799999999999,0
6,6820,11822,3,0,190.35300000000001,0
6,6821,11830,3,0,168.029,0
6,6822,11838,3,0,166.107,0
6,6823,11846,3,0,166.18199999999999,0
6,6824,11854,3,0,184.71799999999999,0
6,6825,11862,3,0,199.327,0
6,6826,11870,3,0,182.08199999999999,0
6,6827,11878,3,0,177.983,0
6,6828,11886,3,0,152.78800000000001,0
6,6829,11894,3,0,187.58699999999999,0
6,6830,11902,3,0,188.804,0
6,6831,11910,3,0,116.658,0
6,6832,11918,3,0,186.47900000000001,0
6,6833,11926,3,0,180.417,0
6,6834,11934,3,0,161.453,0
6,6835,11942,3,0,174.59,0
6,6836,11950,3,0,177.02000000000001,0
6,6837,11958,3,0,146.65100000000001,0
6,6838,11966,3,0,175.571,0
6,6839,11974,3,0,190.101,0
6,6840,11982,3,0,160.59200000000001,0
6,6841,11990,3,0,186.69200000000001,0
6,6842,11998,3,0,176.53999999999999,0
6,6843,12006,3,0,134.77600000000001,0
6,6844,12014,3,0,164.86199999999999,0
6,6845,12022,3,0,174.48599999999999,0
6,6846,12030,3,0,166.88499999999999,0
6,6847,12038,3,0,207.19300000000001,0
6,6848,12046,3,0,154.977,0
6,6849,12054,3,0,203.26900000000001,0
6,6850,12062,3,0,172.858,0
6,6851,12070,3,0,174.71199999999999,0
6,6852,12078,3,0,152.261,0
6,6853,12086,3,0,222.00200000000001,0
6,6854,12094,3,0,190.80500000000001,0
6,6855,12102,3,0,162.97999999999999,0
6,6856,12110,3,0,194.738,0
6,6857,12118,3,0,188.661,0
6,6858,12126,3,0,205.797,0
6,6859,12134,3,0,179.71899999999999,0
6,6860,12142,3,0,148.44200000000001,0
6,6861,12150,3,0,191.98599999999999,0
6,6862,12158,3,0,215.63499999999999,0
6,6863,12166,3,0,200.81800000000001,0
6,6864,12174,3,0,187.126,0
6,6865,12182,3,0,183.048,0
6,6866,12190,3,0,178.09,0
6,6867,12198,3,0,192.506,0
6,6868,12206,3,0,126.384,0
6,6869,12214,3,0,188.76300000000001,0
6,6870,12222,3,0,145.74799999999999,0
6,6871,12230,3,0,216.72499999999999,0
6,6872,12238,3,0,169.30600000000001,0
6,6873,12246,3,0,155.553,0
6,6874,12254,3,0,210.06,0
6,6875,12262,3,0,159.74299999999999,0
6,6876,12270,3,0,175.285,0
6,6877,12278,3,0,194.08500000000001,0
6,6878,12286,3,0,160.06,0
6,6879,12294,3,0,162.36000000000001,0
6,6880,12302,3,0,207.71000000000001,0
6,6881,12310,3,0,185.72999999999999,0
6,6882,12318,3,0,170.29499999999999,0
6,6883,12326,3,0,200.72399999999999,0
6,6884,12334,3,0,190.91800000000001,0
6,6885,12342,3,0,178.83099999999999,0
6,6886,12350,3,0,182.96700000000001,0
6,6887,12358,3,0,179.047,0
6,6888,12366,3,0,151.98400000000001,0
6,6889,12374,3,0,149.60900000000001,0
6,6890,12382,3,0,190.00700000000001,0
6,6891,12390,3,0,182.803,0
6,6892,12398,3,0,178.93899999999999,0
6,6893,12406,3,0,191.553,0
6,6894,12414,3,0,170.35900000000001,0
6,6895,12422,3,0,172.28999999999999,0
6,6896,12430,3,0,171.97,0
6,6897,12438,3,0,173.202,0
6,6898,12446,3,0,149.16399999999999,0
6,6899,12454,3,0,180.15299999999999,0
6,6900,12462,3,0,133.035,0
6,6901,12470,3,0,138.261,0
6,6902,12478,3,0,175.09100000000001,0
6,6903,12486,3,0,153.727,0
6,6904,12494,3,0,171.86099999999999,0
6,6905,12502,3,0,181.935,0
6,6906,12510,3,0,177.02799999999999,0
6,6907,12518,3,0,145.012,0
6,6908,12526,3,0,172.721,0
6,6909,12534,3,0,186.75200000000001,0
6,6910,12542,3,0,195.43799999999999,0
6,6911,12550,3,0,205.947,0
6,6912,12558,3,0,188.328,0
6,6913,12566,3,0,200.517,0
6,6914,12574,3,0,166.761,0
6,6915,12582,3,0,206.31299999999999,0
6,6916,12590,3,0,204.30000000000001,0
6,6917,12598,3,0,194.43700000000001,0
6,6918,12606,3,0,166.816,0
6,6919,12614,3,0,199.86000000000001,0
6,6920,12622,3,0,154.012,0
6,6921,12630,3,0,181.98599999999999,0
6,6922,12638,3,0,191.72999999999999,0
6,6923,12646,3,0,195.37899999999999,0
6,6924,12654,3,0,208.20400000000001,0
6,6925,12662,3,0,208.44200000000001,0
6,6926,12670,3,0,148.565,0
6,6927,12678,3,0,181.55799999999999,0
6,6928,12686,3,0,191.51400000000001,0
6,6929,12694,3,0,165.00200000000001,0
6,6930,12702,3,0,174.36600000000001,0
6,6931,12710,3,0,162.92099999999999,0
6,6932,12718,3,0,182.57599999999999,0
6,6933,12726,3,0,187.756,0
6,6934,12734,3,0,195.197,0
6,6935,12742,3,0,183.90600000000001,0
6,6936,12750,3,0,176.51599999999999,0
6,6937,12758,3,0,133.70599999999999,0
6,6938,12766,3,0,212.68000000000001,0
6,6939,12774,3,0,168.39699999999999,0
6,6940,12782,3,0,142.56399999999999,0
6,6941,12790,3,0,114.322,0
6,6942,12798,3,0,195.75299999999999,0
6,6943,12806,3,0,126.642,0
6,6944,12814,3,0,187.03800000000001,0
6,6945,12822,3,0,194.95699999999999,0
6,6946,12830,3,0,166.846,0
6,6947,12838,3,0,157.67099999999999,0
6,6948,12846,3,0,210.64500000000001,0
6,6949,12854,3,0,173.126,0
6,6950,12862,3,0,156.666,0
6,6951,12870,3,0,165.21299999999999,0
6,6952,12878,3,0,149.83099999999999,0
6,6953,12886,3,0,172.17099999999999,0
6,6954,12894,3,0,144.08699999999999,0
6,6955,12902,3,0,183.83600000000001,0
6,6956,12910,3,0,153.46600000000001,0
6,6957,12918,3,0,155.828,0
6,6958,12926,3,0,185.78700000000001,0
6,6959,12934,3,0,194.53,0
6,6960,12942,3,0,155.11600000000001,0
6,6961,12950,3,0,180.935,0
6,6962,12958,3,0,154.63499999999999,0
6,6963,12966,3,0,233.66,0
6,6964,12974,3,0,191.90199999999999,0
6,6965,12982,3,0,200.22200000000001,0
6,6966,12990,3,0,165.17500000000001,0
6,6967,12998,3,0,197.52799999999999,0
6,6968,13006,3,0,167.29900000000001,0
6,6969,13014,3,0,200.16499999999999,0
6,6970,13022,3,0,129.57400000000001,0
6,6971,13030,3,0,129.672,0
6,6972,13038,3,0,210.96600000000001,0
6,6973,13046,3,0,177.833,0
6,6974,13054,3,0,134.251,0
6,6975,13062,3,0,194.50999999999999,0
6,6976,13070,3,0,203.048,0
6,6977,13078,3,0,169.10400000000001,0
6,6978,13086,3,0,163.13,0
6,6979,13094,3,0,195.26400000000001,0
6,6980,13102,3,0,170.56299999999999,0
6,6981,13110,3,0,197.68299999999999,0
6,6982,13118,3,0,187.172,0
6,6983,13126,3,0,164.28,0
6,6984,13134,3,0,178.351,0
6,6985,13142,3,0,183.077,0
6,6986,13150,3,0,134.15299999999999,0
6,6987,13158,3,0,187.892,0
6,6988,13166,3,0,175.74000000000001,0
6,6989,13174,3,0,196.023,0
6,6990,13182,3,0,123.16500000000001,0
6,6991,13190,3,0,171.28399999999999,0
6,6992,13198,3,0,192.55099999999999,0
6,6993,13206,3,0,185.38399999999999,0
6,6994,13214,3,0,182.74799999999999,0
6,6995,13222,3,0,156.56100000000001,0
6,6996,13230,3,0,164.018,0
6,6997,13238,3,0,179.148,0
6,6998,13246,3,0,168.19800000000001,0
6,6999,13254,3,0,141.59800000000001,0
6,7000,13262,3,0,187.22499999999999,0
6,7001,13270,3,0,167.732,0
6,7002,13278,3,0,189.86699999999999,0
6,7003,13286,3,0,182.62299999999999,0
6,7004,13294,3,0,198.31899999999999,0
6,7005,13302,3,0,160.173,0
6,7006,13310,3,0,186.65299999999999,0
6,7007,13318,3,0,147.887,0
6,7008,13326,3,0,151.49000000000001,0
6,7009,13334,3,0,173.00999999999999,0
6,7010,13342,3,0,184.03299999999999,0
6,7011,13350,3,0,181.22,0
6,7012,13358,3,0,185.048,0
6,7013,13366,3,0,178.81399999999999,0
6,7014,13374,3,0,164.13900000000001,0
6,7015,13382,3,0,197.73500000000001,0
6,7016,13390,3,0,172.476,0
6,7017,13398,3,0,165.09700000000001,0
6,7018,13406,3,0,167.19499999999999,0
6,7019,13414,3,0,123.711,0
6,7020,13422,3,0,189.16999999999999,0
6,7021,13430,3,0,174.29300000000001,0
6,7022,13438,3,0,223.34800000000001,0
6,7023,13446,3,0,113.44,0
6,7024,13454,3,0,176.67500000000001,0
6,7025,13462,3,0,192.28700000000001,0
6,7026,13470,3,0,177.20599999999999,0
6,7027,13478,3,0,161.999,0
6,7028,13486,3,0,198.04900000000001,0
6,7029,13494,3,0,172.69399999999999,0
6,7030,13502,3,0,193.05500000000001,0
6,7031,13510,3,0,186.577,0
6,7032,13518,3,0,182.16,0
6,7033,13526,3,0,149.768,0
6,7034,13534,3,0,205.446,0
6,7035,13542,3,0,164.83600000000001,0
6,7036,13550,3,0,165.68000000000001,0
6,7037,13558,3,0,182.41399999999999,0
6,7038,13566,3,0,177.672,0
6,7039,13574,3,0,146.846,0
6,7040,13582,3,0,161.66,0
6,7041,13590,3,0,184.483,0
6,7042,13598,3,0,176.36099999999999,0
6,7043,13606,3,0,186.03899999999999,0
6,7044,13614,3,0,136.964,0
6,7045,13622,3,0,162.114,0
6,7046,13630,3,0,179.49799999999999,0
6,7047,13638,3,0,194.76499999999999,0
6,7048,13646,3,0,156.381,0
6,7049,13654,3,0,137.91800000000001,0
6,7050,13662,3,0,178.102,0
6,7051,13670,3,0,188.22499999999999,0
6,7052,13678,3,0,183.22200000000001,0
6,7053,13686,3,0,168.34299999999999,0
6,7054,13694,3,0,189.06,0
6,7055,13702,3,0,175.67599999999999,0
6,7056,13710,3,0,187.04400000000001,0
6,7057,13718,3,0,165.58500000000001,0
6,7058,13726,3,0,182.154,0
6,7059,13734,3,0,187.11500000000001,0
6,7060,13742,3,0,183.339,0
6,7061,13750,3,0,171.00800000000001,0
6,7062,13758,3,0,185.126,0
6,7063,13766,3,0,152.404,0
6,7064,13774,3,0,179.178,0
6,7065,13782,3,0,174.75299999999999,0
6,7066,13790,3,0,143.72499999999999,0
6,7067,13798,3,0,197.27799999999999,0
6,7068,13806,3,0,178.422,0
6,7069,13814,3,0,190.74700000000001,0
6,7070,13822,3,0,190.726,0
6,7071,13830,3,0,138.76599999999999,0
6,7072,13838,3,0,186.26400000000001,0
6,7073,13846,3,0,184.43600000000001,0
6,7074,13854,3,0,145.059,0
6,7075,13862,3,0,159.79300000000001,0
6,7076,13870,3,0,154.08199999999999,0
6,7077,13878,3,0,200.97399999999999,0
6,7078,13886,3,0,192.99700000000001,0
6,7079,13894,3,0,170.333,0
6,7080,13902,3,0,186.81999999999999,0
6,7081,13910,3,0,175.81299999999999,0
6,7082,13918,3,0,145.72200000000001,0
6,7083,13926,3,0,189.74299999999999,0
6,7084,13934,3,0,182.65700000000001,0
6,7085,13942,3,0,186.43799999999999,0
6,7086,13950,3,0,191.876,0
6,7087,13958,3,0,160.80699999999999,0
6,7088,13966,3,0,201.61500000000001,0
6,7089,13974,3,0,160.76599999999999,0
6,7090,13982,3,0,155.886,0
6,7091,13990,3,0,149.32300000000001,0
6,7092,13998,3,0,153.286,0
6,7093,14006,3,0,151.185,0
6,7094,14014,3,0,166.102,0
6,7095,14022,3,0,194.815,0
6,7096,14030,3,0,204.92099999999999,0
6,7097,14038,3,0,199.149,0
6,7098,14046,3,0,126.93000000000001,0
6,7099,14054,3,0,197.14400000000001,0
6,7100,14062,3,0,176.809,0
6,7101,14070,3,0,171.42500000000001,0
6,7102,14078,3,0,154.22800000000001,0
6,7103,14086,3,0,186.23599999999999,0
6,7104,14094,3,0,154.678,0
6,7105,14102,3,0,168.458,0
6,7106,14110,3,0,171.85400000000001,0
6,7107,14118,3,0,199.93199999999999,0
6,7108,14126,3,0,177.876,0
6,7109,14134,3,0,162.63300000000001,0
6,7110,14142,3,0,164.91399999999999,0
6,7111,14150,3,0,197.32300000000001,0
6,7112,14158,3,0,188.47800000000001,0
6,7113,14166,3,0,163.892,0
6,7114,14174,3,0,150.53399999999999,0
6,7115,14182,3,0,124.72499999999999,0
6,7116,14190,3,0,165.304,0
6,7117,14198,3,0,158.804,0
6,7118,14206,3,0,174.21100000000001,0
6,7119,14214,3,0,188.96199999999999,0
6,7120,14222,3,0,179.36799999999999,0
6,7121,14230,3,0,170.45099999999999,0
6,7122,14238,3,0,167.089,0
6,7123,14246,3,0,150.35499999999999,0
7,0,7,0,0,171.40799999999999,0
7,1,15,0,0,152.85400000000001,0
7,2,23,0,0,174.857,0
7,3,31,0,0,187.595,0
7,4,39,0,0,166.458,0
7,5,47,0,0,131.209,0
7,6,55,0,0,179.464,0
7,7,63,0,0,185.21299999999999,0
7,8,71,0,0,170.256,0
7,9,79,0,0,173.595,0
7,10,87,0,0,137.26599999999999,0
7,11,95,0,0,180.953,0
7,12,103,0,0,175.297,0
7,13,111,0,0,159.52199999999999,0
7,14,119,0,0,143.88499999999999,0
7,15,127,0,0,179.61500000000001,0
7,16,135,0,0,195.328,0
7,17,143,0,0,174.62100000000001,0
7,18,151,0,0,200.595,0
7,19,159,0,0,163.77600000000001,0
7,20,167,0,0,173.971,0
7,21,175,0,0,183.422,0
7,22,183,0,0,172.506,0
7,23,191,0,0,144.934,0
7,24,199,0,0,198.691,0
7,25,207,0,0,148.71899999999999,0
7,26,215,0,0,162.655,0
7,27,223,0,0,171.304,0
7,28,231,0,0,168.30799999999999,0
7,29,239,0,0,191.48099999999999,0
7,30,247,0,0,159.755,0
7,31,255,0,0,177.005,0
7,32,263,0,0,172.18700000000001,0
7,33,271,0,0,175.19900000000001,0
7,34,279,0,0,145.881,0
7,35,287,0,0,176.65899999999999,0
7,36,295,0,0,178.35400000000001,0
7,37,303,0,0,139.178,0
7,38,311,0,0,183.13200000000001,0
7,39,319,0,0,154.44399999999999,0
7,40,327,0,0,175.083,0
7,41,335,0,0,151.02099999999999,0
7,42,343,0,0,175.78800000000001,0
7,43,351,0,0,137.52500000000001,0
7,44,359,0,0,169.63300000000001,0
7,45,367,0,0,169.899,0
7,46,375,0,0,144.119,0
7,47,383,0,0,186.72200000000001,0
7,48,391,0,0,165.43299999999999,0
7,49,399,0,0,196.99000000000001,0
7,50,407,0,0,171.61699999999999,0
7,51,415,0,0,161.56899999999999,0
7,52,423,0,0,171.05600000000001,0
7,53,431,0,0,191.34200000000001,0
7,54,439,0,0,202.22499999999999,0
7,55,447,0,0,169.589,0
7,56,455,0,0,192.51300000000001,0
7,57,463,0,0,138.90700000000001,0
7,58,471,0,0,181.733,0
7,59,479,0,0,127.929,0
7,60,487,0,0,180.79300000000001,0
7,61,495,0,0,172.613,0
7,62,503,0,0,150.215,0
7,63,511,0,0,180.44800000000001,0
7,64,519,0,0,145.10300000000001,0
7,65,527,0,0,182.53100000000001,0
7,66,535,0,0,175.63900000000001,0
7,67,543,0,0,153.964,0
7,68,551,0,0,190.44300000000001,0
7,69,559,0,0,193.20500000000001,0
7,70,567,0,0,179.47,0
7,71,575,0,0,193.017,0
7,72,583,0,0,199.56700000000001,0
7,73,591,0,0,133.46100000000001,0
7,74,599,0,0,199.239,0
7,75,607,0,0,200.76300000000001,0
7,76,615,0,0,162.745,0
7,77,623,0,0,175.02500000000001,0
7,78,631,0,0,187.946,0
7,79,639,0,0,167.631,0
7,80,647,0,0,215.68600000000001,0
7,81,655,0,0,182.58500000000001,0
7,82,663,0,0,145.98500000000001,0
7,83,671,0,0,193.70500000000001,0
7,84,679,0,0,153.25700000000001,0
7,85,687,0,0,178.76300000000001,0
7,86,695,0,0,163.62799999999999,0
7,87,703,0,0,156.005,0
7,88,711,0,0,200.636,0
7,89,719,0,0,168.71100000000001,0
7,90,727,0,0,169.44499999999999,0
7,91,735,0,0,178.53899999999999,0
7,92,743,0,0,210.58799999999999,0
7,93,751,0,0,150.22499999999999,0
7,94,759,0,0,194.524,0
7,95,767,0,0,175.72200000000001,0
7,96,775,0,0,175.63200000000001,0
7,97,783,0,0,163.79900000000001,0
7,98,791,0,0,152.55099999999999,0
7,99,799,0,0,178.14500000000001,0
7,100,807,0,0,171.273,0
7,101,815,0,0,178.958,0
7,102,823,0,0,173.755,0
7,103,831,0,0,181.27500000000001,0
7,104,839,0,0,180.68299999999999,0
7,105,847,0,0,201.679,0
7,106,855,0,0,176.52000000000001,0
7,107,863,0,0,182.63300000000001,0
7,108,871,0,0,174.75399999999999,0
7,109,879,0,0,127.607,0
7,110,887,0,0,138.279,0
7,111,895,0,0,184.58600000000001,0
7,112,903,0,0,184.95400000000001,0
7,113,911,0,0,141.19399999999999,0
7,114,919,0,0,176.50800000000001,0
7,115,927,0,0,151.22499999999999,0
7,116,935,0,0,137.53299999999999,0
7,117,943,0,0,194.88300000000001,0
7,118,951,0,0,185.26400000000001,0
7,119,959,0,0,186.125,0
7,120,967,0,0,173.60499999999999,0
7,121,975,0,0,135.47499999999999,0
7,122,983,0,0,184.61000000000001,0
7,123,991,0,0,198.369,0
7,124,999,0,0,195.773,0
7,125,1007,0,0,157.30500000000001,0
7,126,1015,0,0,184.607,0
7,127,1023,0,0,165.10400000000001,0
7,128,1031,0,0,184.51400000000001,0
7,129,1039,0,0,182.47800000000001,0
7,130,1047,0,0,171.41399999999999,0
7,131,1055,0,0,187.34899999999999,0
7,132,1063,0,0,149.691,0
7,133,1071,0,0,186.191,0
7,134,1079,0,0,180.99100000000001,0
7,135,1087,0,0,151.72800000000001,0
7,136,1095,0,0,130.08500000000001,0
7,137,1103,0,0,159.31100000000001,0
7,138,1111,0,0,177.83500000000001,0
7,139,1119,0,0,181.43600000000001,0
7,140,1127,0,0,187.035,0
7,141,1135,0,0,201.92400000000001,0
7,142,1143,0,0,170.61500000000001,0
7,143,1151,0,0,184.58600000000001,0
7,144,1159,0,0,192.07599999999999,0
7,145,1167,0,0,171.04499999999999,0
7,146,1175,0,0,152.22999999999999,0
7,147,1183,0,0,150.62200000000001,0
7,148,1191,0,0,137.53399999999999,0
7,149,1199,0,0,167.11099999999999,0
7,150,1207,0,0,184.197,0
7,151,1215,0,0,156.971,0
7,152,1223,0,0,161.51300000000001,0
7,153,1231,0,0,171.768,0
7,154,1239,0,0,192.881,0
7,155,1247,0,0,153.774,0
7,156,1255,0,0,208.726,0
7,157,1263,0,0,165.89400000000001,0
7,158,1271,0,0,133.13900000000001,0
7,159,1279,0,0,179.00399999999999,0
7,160,1287,0,0,178.387,0
7,161,1295,0,0,200.28399999999999,0
7,162,1303,0,0,163.95699999999999,0
7,163,1311,0,0,190.40199999999999,0
7,164,1319,0,0,200.02199999999999,0
7,165,1327,0,0,196.60599999999999,0
7,166,1335,0,0,149.042,0
7,167,1343,0,0,156.77799999999999,0
7,168,1351,0,0,170.274,0
7,169,1359,0,0,193.89500000000001,0
7,170,1367,0,0,174.42400000000001,0
7,171,1375,0,0,136.78100000000001,0
7,172,1383,0,0,192.155,0
7,173,1391,0,0,137.30199999999999,0
7,174,1399,0,0,194.239,0
7,175,1407,0,0,169.56200000000001,0
7,176,1415,0,0,181.11500000000001,0
7,177,1423,0,0,173.054,0
7,178,1431,0,0,169.11099999999999,0
7,179,1439,0,0,172.49600000000001,0
7,180,1447,0,0,220.34299999999999,0
7,181,1455,0,0,173.24799999999999,0
7,182,1463,0,0,184.88800000000001,0
7,183,1471,0,0,201.82599999999999,0
7,184,1479,0,0,143.87899999999999,0
7,185,1487,0,0,179.68600000000001,0
7,186,1495,0,0,166.17699999999999,0
7,187,1503,0,0,166,0
7,188,1511,0,0,177.14400000000001,0
7,189,1519,0,0,195.06200000000001,0
7,190,1527,0,0,129.64099999999999,0
7,191,1535,0,0,205.20699999999999,0
7,192,1543,0,0,187.946,0
7,193,1551,0,0,171.822,0
7,194,1559,0,0,187.20599999999999,0
7,195,1567,0,0,183.167,0
7,196,1575,0,0,146.446,0
7,197,1583,0,0,162.18799999999999,0
7,198,1591,0,0,167.417,0
7,199,1599,0,0,135.78200000000001,0
7,200,1607,0,0,170.322,0
7,201,1615,0,0,190.44399999999999,0
7,202,1623,0,0,140.20500000000001,0
7,203,1631,0,0,162.38800000000001,0
7,204,1639,0,0,159.79900000000001,0
7,205,1647,0,0,178.702,0
7,206,1655,0,0,196.95599999999999,0
7,207,1663,0,0,157.29499999999999,0
7,208,1671,0,0,172.89500000000001,0
7,209,1679,0,0,191.25700000000001,0
7,210,1687,0,0,183.79300000000001,0
7,211,1695,0,0,173.51599999999999,0
7,212,1703,0,0,163.30199999999999,0
7,213,1711,0,0,185.804,0
7,214,1719,0,0,160.577,0
7,215,1727,0,0,175.387,0
7,216,1735,0,0,186.815,0
7,217,1743,0,0,124.09,0
7,218,1751,0,0,151.578,0
7,219,1759,0,0,170.47399999999999,0
7,220,1767,0,0,153.36099999999999,0
7,221,1775,0,0,125.44499999999999,0
7,222,1783,0,0,156.82400000000001,0
7,223,1791,0,0,141.99000000000001,0
7,224,1799,0,0,132.83199999999999,0
7,225,1807,0,0,145.892,0
7,226,1815,0,0,175.22999999999999,0
7,227,1823,0,0,178.107,0
7,228,1831,0,0,203.88399999999999,0
7,229,1839,0,0,140.21100000000001,0
7,230,1847,0,0,156.50999999999999,0
7,231,1855,0,0,190.34999999999999,0
7,232,1863,0,0,181.74299999999999,0
7,233,1871,0,0,218.35300000000001,0
7,234,1879,0,0,150.19200000000001,0
7,235,1887,0,0,162.70099999999999,0
7,236,1895,0,0,126.93000000000001,0
7,237,1903,0,0,181.16399999999999,0
7,238,1911,0,0,181.149,0
7,239,1919,0,0,127.827,0
7,240,1927,0,0,143.57300000000001,0
7,241,1935,0,0,160.572,0
7,242,1943,0,0,200.58000000000001,0
7,243,1951,0,0,228.172,0
7,244,1959,0,0,148.15700000000001,0
7,245,1967,0,0,132.28200000000001,0
7,246,1975,0,0,183.94800000000001,0
7,247,1983,0,0,185.34,0
7,248,1991,0,0,201.88,0
7,249,1999,0,0,187.31700000000001,0
7,250,2007,0,0,204.19300000000001,0
7,251,2015,0,0,196.458,0
7,252,2023,0,0,207.24700000000001,0
7,253,2031,0,0,190.93600000000001,0
7,254,2039,0,0,197.506,0
7,255,2047,0,0,135.07300000000001,0
7,256,2055,0,0,192.381,0
7,257,2063,0,0,129.47200000000001,0
7,258,2071,0,0,197.41200000000001,0
7,259,2079,0,0,187.36799999999999,0
7,260,2087,0,0,157.41300000000001,0
7,261,2095,0,0,173.73500000000001,0
7,262,2103,0,0,157.55199999999999,0
7,263,2111,0,0,190.87200000000001,0
7,264,2119,0,0,177.21700000000001,0
7,265,2127,0,0,151.358,0
7,266,2135,0,0,175.001,0
7,267,2143,0,0,196.73400000000001,0
7,268,2151,0,0,158.87,0
7,269,2159,0,0,145.625,0
7,270,2167,0,0,204.09800000000001,0
7,271,2175,0,0,174.10400000000001,0
7,272,2183,0,0,179.34700000000001,0
7,273,2191,0,0,174.672,0
7,274,2199,0,0,192.416,0
7,275,2207,0,0,144.14599999999999,0
7,276,2215,0,0,186.55000000000001,0
7,277,2223,0,0,161.04900000000001,0
7,278,2231,0,0,187.10900000000001,0
7,279,2239,0,0,183.708,0
7,280,2247,0,0,188.49700000000001,0
7,281,2255,0,0,168.107,0
7,282,2263,0,0,153.98400000000001,0
7,283,2271,0,0,157.63999999999999,0
7,284,2279,0,0,197.161,0
7,285,2287,0,0,187.672,0
7,286,2295,0,0,185.03399999999999,0
7,287,2303,0,0,171.017,0
7,288,2311,0,0,174.279,0
7,289,2319,0,0,182.07400000000001,0
7,290,2327,0,0,192.62100000000001,0
7,291,2335,0,0,187.905,0
7,292,2343,0,0,172.012,0
7,293,2351,0,0,172.24600000000001,0
7,294,2359,0,0,219.68199999999999,0
7,295,2367,0,0,161.63900000000001,0
7,296,2375,0,0,138.864,0
7,297,2383,0,0,151.303,0
7,298,2391,0,0,203.57599999999999,0
7,299,2399,0,0,169.625,0
7,300,2407,0,0,180.721,0
7,301,2415,0,0,174.19399999999999,0
7,302,2423,0,0,180.31200000000001,0
7,303,2431,0,0,190.75399999999999,0
7,304,2439,0,0,193.732,0
7,305,2447,0,0,144.71799999999999,0
7,306,2455,0,0,182.13300000000001,0
7,307,2463,0,0,200.00399999999999,0
7,308,2471,0,0,152.268,0
7,309,2479,0,0,163.971,0
7,310,2487,0,0,177.33799999999999,0
7,311,2495,0,0,151.005,0
7,312,2503,0,0,189.05600000000001,0
7,313,2511,0,0,189.41,0
7,314,2519,0,0,182.547,0
7,315,2527,0,0,175.13499999999999,0
7,316,2535,0,0,151.58699999999999,0
7,317,2543,0,0,173.804,0
7,318,2551,0,0,168.61099999999999,0
7,319,2559,0,0,221.42099999999999,0
7,320,2567,0,0,181.952,0
7,321,2575,0,0,160.52799999999999,0
7,322,2583,0,0,158.702,0
7,323,2591,0,0,173.482,0
7,324,2599,0,0,184.13800000000001,0
7,325,2607,0,0,200.09899999999999,0
7,326,2615,0,0,182.08500000000001,0
7,327,2623,0,0,130.28800000000001,0
7,328,2631,0,0,177.28100000000001,0
7,329,2639,0,0,152.58500000000001,0
7,330,2647,0,0,174.72200000000001,0
7,331,2655,0,0,185.041,0
7,332,2663,0,0,193.279,0
7,333,2671,0,0,178.84200000000001,0
7,334,2679,0,0,219.995,0
7,335,2687,0,0,116.307,0
7,336,2695,0,0,177.10400000000001,0
7,337,2703,0,0,176.69200000000001,0
7,338,2711,0,0,183.33000000000001,0
7,339,2719,0,0,151.01400000000001,0
7,340,2727,0,0,150.58799999999999,0
7,341,2735,0,0,166.167,0
7,342,2743,0,0,167.40299999999999,0
7,343,2751,0,0,205.67699999999999,0
7,344,2759,0,0,168.68299999999999,0
7,345,2767,0,0,189.417,0
7,346,2775,0,0,178.46600000000001,0
7,347,2783,0,0,181.91999999999999,0
7,348,2791,0,0,209.44499999999999,0
7,349,2799,0,0,187.35499999999999,0
7,350,2807,0,0,196.976,0
7,351,2815,0,0,178.887,0
7,352,2823,0,0,168.43700000000001,0
7,353,2831,0,0,188.77500000000001,0
7,354,2839,0,0,183.94300000000001,0
7,355,2847,0,0,137.334,0
7,356,2855,0,0,175.416,0
7,357,2863,0,0,185.09200000000001,0
7,358,2871,0,0,136.679,0
7,359,2879,0,0,185.678,0
7,360,2887,0,0,165.19200000000001,0
7,361,2895,0,0,192.626,0
7,362,2903,0,0,164.87299999999999,0
7,363,2911,0,0,183.36699999999999,0
7,364,2919,0,0,144.24799999999999,0
7,365,2927,0,0,213.46600000000001,0
7,366,2935,0,0,166.922,0
7,367,2943,0,0,155.791,0
7,368,2951,0,0,157.95699999999999,0
7,369,2959,0,0,181.27600000000001,0
7,370,2967,0,0,185.70699999999999,0
7,371,2975,0,0,159.36099999999999,0
7,372,2983,0,0,180.971,0
7,373,2991,0,0,187.87899999999999,0
7,374,2999,0,0,160.239,0
7,375,3007,0,0,122.544,0
7,376,3015,0,0,182.625,0
7,377,3023,0,0,157.38800000000001,0
7,378,3031,0,0,182.03800000000001,0
7,379,3039,0,0,209.279,0
7,380,3047,0,0,202.92599999999999,0
7,381,3055,0,0,198.547,0
7,382,3063,0,0,146.84999999999999,0
7,383,3071,0,0,183.541,0
7,384,3079,0,0,189.43899999999999,0
7,385,3087,0,0,176.90199999999999,0
7,386,3095,0,0,190.977,0
7,387,3103,0,0,197.50399999999999,0
7,388,3111,0,0,153.83000000000001,0
7,389,3119,0,0,173.179,0
7,390,3127,0,0,194.13399999999999,0
7,391,3135,0,0,170.18000000000001,0
7,392,3143,0,0,150.96600000000001,0
7,393,3151,0,0,193.83699999999999,0
7,394,3159,0,0,205.22800000000001,0
7,395,3167,0,0,196.32900000000001,0
7,396,3175,0,0,165.393,0
7,397,3183,0,0,177.30000000000001,0
7,398,3191,0,0,202.21799999999999,0
7,399,3199,0,0,165.63800000000001,0
7,400,3207,0,0,144.745,0
7,401,3215,0,0,191.523,0
7,402,3223,0,0,188.685,0
7,403,3231,0,0,180.02099999999999,0
7,404,3239,0,0,184.33099999999999,0
7,405,3247,0,0,177.952,0
7,406,3255,0,0,182.434,0
7,407,3263,0,0,187.95099999999999,0
7,408,3271,0,0,171.91800000000001,0
7,409,3279,0,0,200.762,0
7,410,3287,0,0,174.83799999999999,0
7,411,3295,0,0,176.53999999999999,0
7,412,3303,0,0,152.001,0
7,413,3311,0,0,186.85499999999999,0
7,414,3319,0,0,154.482,0
7,415,3327,0,0,184.75299999999999,0
7,416,3335,0,0,157.71799999999999,0
7,417,3343,0,0,189.68000000000001,0
7,418,3351,0,0,219.41300000000001,0
7,419,3359,0,0,192.34700000000001,0
7,420,3367,0,0,155.047,0
7,421,3375,0,0,189.68199999999999,0
7,422,3383,0,0,158.863,0
7,423,3391,0,0,160.77600000000001,0
7,424,3399,0,0,173.417,0
7,425,3407,0,0,178.858,0
7,426,3415,0,0,199.916,0
7,427,3423,0,0,149.107,0
7,428,3431,0,0,185.40899999999999,0
7,429,3439,0,0,186.16499999999999,0
7,430,3447,0,0,172.41499999999999,0
7,431,3455,0,0,154.06800000000001,0
7,432,3463,0,0,193.542,0
7,433,3471,0,0,178.43100000000001,0
7,434,3479,0,0,164.864,0
7,435,3487,0,0,221.04400000000001,0
7,436,3495,0,0,181.59,0
7,437,3503,0,0,187.809,0
7,438,3511,0,0,167.708,0
7,439,3519,0,0,179.00800000000001,0
7,440,3527,0,0,162.62799999999999,0
7,441,3535,0,0,193.37700000000001,0
7,442,3543,0,0,182.29599999999999,0
7,443,3551,0,0,183.065,0
7,444,3559,0,0,142.61600000000001,0
7,445,3567,0,0,149.977,0
7,446,3575,0,0,185.399,0
7,447,3583,0,0,195.85599999999999,0
7,448,3591,0,0,203.83500000000001,0
7,449,3599,0,0,174.476,0
7,450,3607,0,0,197.78700000000001,0
7,451,3615,0,0,168.40899999999999,0
7,452,3623,0,0,199.227,0
7,453,3631,0,0,184.405,0
7,454,3639,0,0,203.072,0
7,455,3647,0,0,178.04900000000001,0
7,456,3655,0,0,191.08099999999999,0
7,457,3663,0,0,158.90700000000001,0
7,458,3671,0,0,151.64500000000001,0
7,459,3679,0,0,190.67400000000001,0
7,460,3687,0,0,176.47,0
7,461,3695,0,0,191.738,0
7,462,3703,0,0,185.99100000000001,0
7,463,3711,0,0,172.268,0
7,464,3719,0,0,169.268,0
7,465,3727,0,0,171.941,0
7,466,3735,0,0,184.928,0
7,467,3743,0,0,177.976,0
7,468,3751,0,0,180.58199999999999,0
7,469,3759,0,0,170.83799999999999,0
7,470,3767,0,0,202.297,0
7,471,3775,0,0,184.155,0
7,472,3783,0,0,160.99100000000001,0
7,473,3791,0,0,178.52500000000001,0
7,474,3799,0,0,142.32400000000001,0
7,475,3807,0,0,176.61699999999999,0
7,476,3815,0,0,124.84099999999999,0
7,477,3823,0,0,142.423,0
7,478,3831,0,0,128.227,0
7,479,3839,0,0,169.19,0
7,480,3847,0,0,193.185,0
7,481,3855,0,0,148.67599999999999,0
7,482,3863,0,0,181.90700000000001,0
7,483,3871,0,0,164.08600000000001,0
7,484,3879,0,0,161.63900000000001,0
7,485,3887,0,0,197.57900000000001,0
7,486,3895,0,0,167.483,0
7,487,3903,0,0,163.93000000000001,0
7,488,3911,0,0,166.71899999999999,0
7,489,3919,0,0,162.03899999999999,0
7,490,3927,0,0,172.68299999999999,0
7,491,3935,0,0,188.94900000000001,0
7,492,3943,0,0,149.43299999999999,0
7,493,3951,0,0,167.77500000000001,0
7,494,3959,0,0,144.345,0
7,495,3967,0,0,181.017,0
7,496,3975,0,0,199.023,0
7,497,3983,0,0,210.221,0
7,498,3991,0,0,172.55099999999999,0
7,499,3999,0,0,191.12200000000001,0
7,500,4007,0,0,164.34,0
7,501,4015,0,0,173.71299999999999,0
7,502,4023,0,0,187.71199999999999,0
7,503,4031,0,0,181.72399999999999,0
7,504,4039,0,0,151.87299999999999,0
7,505,4047,0,0,180.71199999999999,0
7,506,4055,0,0,173.613,0
7,507,4063,0,0,176.05799999999999,0
7,508,4071,0,0,162.96199999999999,0
7,509,4079,0,0,190.25200000000001,0
7,510,4087,0,0,163.26300000000001,0
7,511,4095,0,0,160.62700000000001,0
7,512,4103,0,0,184.49199999999999,0
7,513,4111,0,0,193.584,0
7,514,4119,0,0,148.077,0
7,515,4127,0,0,157.97800000000001,0
7,516,4135,0,0,176.84100000000001,0
7,517,4143,0,0,151.47999999999999,0
7,518,4151,0,0,163.15100000000001,0
7,519,4159,0,0,147.79599999999999,0
7,520,4167,0,0,170.92099999999999,0
7,521,4175,0,0,201.45699999999999,0
7,522,4183,0,0,181.655,0
7,523,4191,0,0,159.554,0
7,524,4199,0,0,204.44800000000001,0
7,525,4207,0,0,198.71299999999999,0
7,526,4215,0,0,208.709,0
7,527,4223,0,0,174.65600000000001,0
7,528,4231,0,0,178.91900000000001,0
7,529,4239,0,0,192.51499999999999,0
7,530,4247,0,0,154.96100000000001,0
7,531,4255,0,0,182.20599999999999,0
7,532,4263,0,0,154.768,0
7,533,4271,0,0,166.393,0
7,534,4279,0,0,180.97300000000001,0
7,535,4287,0,0,191.452,0
7,536,4295,0,0,178.976,0
7,537,4303,0,0,199.999,0
7,538,4311,0,0,187.58199999999999,0
7,539,4319,0,0,169.262,0
7,540,4327,0,0,231.96600000000001,0
7,541,4335,0,0,214.77099999999999,0
7,542,4343,0,0,179.358,0
7,543,4351,0,0,152.16399999999999,0
7,544,4359,0,0,189.77699999999999,0
7,545,4367,0,0,178.32300000000001,0
7,546,4375,0,0,203.74199999999999,0
7,547,4383,0,0,175.33099999999999,0
7,548,4391,0,0,183.779,0
7,549,4399,0,0,192.17500000000001,0
7,550,4407,0,0,167.77799999999999,0
7,551,4415,0,0,192.84899999999999,0
7,552,4423,0,0,183.35400000000001,0
7,553,4431,0,0,169.61000000000001,0
7,554,4439,0,0,187.64500000000001,0
7,555,4447,0,0,183.661,0
7,556,4455,0,0,205.739,0
7,557,4463,0,0,184.96799999999999,0
7,558,4471,0,0,186.167,0
7,559,4479,0,0,204.88,0
7,560,4487,0,0,154.78100000000001,0
7,561,4495,0,0,184.416,0
7,562,4503,0,0,182.84700000000001,0
7,563,4511,0,0,179.98400000000001,0
7,564,4519,0,0,175.971,0
7,565,4527,0,0,187.68899999999999,0
7,566,4535,0,0,167.483,0
7,567,4543,0,0,166.75299999999999,0
7,568,4551,0,0,175.572,0
7,569,4559,0,0,157.15899999999999,0
7,570,4567,0,0,177.91499999999999,0
7,571,4575,0,0,205.31200000000001,0
7,572,4583,0,0,197.50899999999999,0
7,573,4591,0,0,191.04900000000001,0
7,574,4599,0,0,209.041,0
7,575,4607,0,0,185.42500000000001,0
7,576,4615,0,0,176.53299999999999,0
7,577,4623,0,0,122.432,0
7,578,4631,0,0,168.101,0
7,579,4639,0,0,145.74299999999999,0
7,580,4647,0,0,154.61099999999999,0
7,581,4655,0,0,186.93299999999999,0
7,582,4663,0,0,173.637,0
7,583,4671,0,0,219.96899999999999,0
7,584,4679,0,0,197.46799999999999,0
7,585,4687,0,0,156.21199999999999,0
7,586,4695,0,0,188.21899999999999,0
7,587,4703,0,0,177.12299999999999,0
7,588,4711,0,0,178.61600000000001,0
7,589,4719,0,0,191.255,0
7,590,4727,0,0,182.541,0
7,591,4735,0,0,158.732,0
7,592,4743,0,0,142.10900000000001,0
7,593,4751,0,0,187.303,0
7,594,4759,0,0,193.99199999999999,0
7,595,4767,0,0,192.94300000000001,0
7,596,4775,0,0,184.41300000000001,0
7,597,4783,0,0,179.13800000000001,0
7,598,4791,0,0,167.81100000000001,0
7,599,4799,0,0,156.727,0
7,600,4807,0,0,163.35400000000001,0
7,601,4815,0,0,208.43799999999999,0
7,602,4823,0,0,180.55199999999999,0
7,603,4831,0,0,191.01300000000001,0
7,604,4839,0,0,118.744,0
7,605,4847,0,0,138.43600000000001,0
7,606,4855,0,0,127.782,0
7,607,4863,0,0,178.59800000000001,0
7,608,4871,0,0,185.238,0
7,609,4879,0,0,186.636,0
7,610,4887,0,0,154.65000000000001,0
7,611,4895,0,0,181.691,0
7,612,4903,0,0,183.32300000000001,0
7,613,4911,0,0,189.86799999999999,0
7,614,4919,0,0,129.48400000000001,0
7,615,4927,0,0,193.69,0
7,616,4935,0,0,138.261,0
7,617,4943,0,0,193.64099999999999,0
7,618,4951,0,0,159.756,0
7,619,4959,0,0,170.958,0
7,620,4967,0,0,180.16200000000001,0
7,621,4975,0,0,184.971,0
7,622,4983,0,0,173.75200000000001,0
7,623,4991,0,0,182.78100000000001,0
7,624,4999,0,0,183.078,0
7,625,5007,0,0,158.82900000000001,0
7,626,5015,0,0,192.93000000000001,0
7,627,5023,0,0,171.40000000000001,0
7,628,5031,0,0,177.70599999999999,0
7,629,5039,0,0,181.36600000000001,0
7,630,5047,0,0,191.95099999999999,0
7,631,5055,0,0,176.97800000000001,0
7,632,5063,0,0,171.38300000000001,0
7,633,5071,0,0,191.71899999999999,0
7,634,5079,0,0,177.29599999999999,0
7,635,5087,0,0,167.10900000000001,0
7,636,5095,0,0,141.637,0
7,637,5103,0,0,190.99700000000001,0
7,638,5111,0,0,179.369,0
7,639,5119,0,0,184.87200000000001,0
7,640,5127,0,0,188.25999999999999,0
7,641,5135,0,0,172.00299999999999,0
7,642,5143,0,0,207.506,0
7,643,5151,0,0,172.917,0
7,644,5159,0,0,170.614,0
7,645,5167,0,0,154.91300000000001,0
7,646,5175,0,0,144.869,0
7,647,5183,0,0,195.58000000000001,0
7,648,5191,0,0,149.38399999999999,0
7,649,5199,0,0,191.13300000000001,0
7,650,5207,0,0,162.24100000000001,0
7,651,5215,0,0,203.32900000000001,0
7,652,5223,0,0,179.57499999999999,0
7,653,5231,0,0,171.49799999999999,0
7,654,5239,0,0,183.90700000000001,0
7,655,5247,0,0,190.46899999999999,0
7,656,5255,0,0,175.03399999999999,0
7,657,5263,0,0,160.36199999999999,0
7,658,5271,0,0,191.86000000000001,0
7,659,5279,0,0,194.279,0
7,660,5287,0,0,161.381,0
7,661,5295,0,0,188.54599999999999,0
7,662,5303,0,0,143.07400000000001,0
7,663,5311,0,0,170.511,0
7,664,5319,0,0,207.15100000000001,0
7,665,5327,0,0,196.779,0
7,666,5335,0,0,180.80099999999999,0
7,667,5343,0,0,191.202,0
7,668,5351,0,0,181.38399999999999,0
7,669,5359,0,0,190.93199999999999,0
7,670,5367,0,0,192.53899999999999,0
7,671,5375,0,0,159.43000000000001,0
7,672,5383,0,0,184.45500000000001,0
7,673,5391,0,0,191.75700000000001,0
7,674,5399,0,0,159.11099999999999,0
7,675,5407,0,0,179.43899999999999,0
7,676,5415,0,0,186.57400000000001,0
7,677,5423,0,0,192.404,0
7,678,5431,0,0,197.12100000000001,0
7,679,5439,0,0,145.279,0
7,680,5447,0,0,190.23599999999999,0
7,681,5455,0,0,163.363,0
7,682,5463,0,0,135.946,0
7,683,5471,0,0,193.77000000000001,0
7,684,5479,0,0,150.173,0
7,685,5487,0,0,151.71299999999999,0
7,686,5495,0,0,193.327,0
7,687,5503,0,0,161.79300000000001,0
7,688,5511,0,0,204.56999999999999,0
7,689,5519,0,0,186.12,0
7,690,5527,0,0,177.32599999999999,0
7,691,5535,0,0,157.45400000000001,0
7,692,5543,0,0,143.71299999999999,0
7,693,5551,0,0,205.96600000000001,0
7,694,5559,0,0,185.749,0
7,695,5567,0,0,191.471,0
7,696,5575,0,0,155.13399999999999,0
7,697,5583,0,0,160.453,0
7,698,5591,0,0,180.274,0
7,699,5599,0,0,171.74600000000001,0
7,700,5607,0,0,178.33199999999999,0
7,701,5615,0,0,156.90100000000001,0
7,702,5623,0,0,141.11000000000001,0
7,703,5631,0,0,170.14099999999999,0
7,704,5639,0,0,169.96700000000001,0
7,705,5647,0,0,178.75800000000001,0
7,706,5655,0,0,187.33099999999999,0
7,707,5663,0,0,164.715,0
7,708,5671,0,0,167.43299999999999,0
7,709,5679,0,0,197.54300000000001,0
7,710,5687,0,0,190.82400000000001,0
7,711,5695,0,0,193.13499999999999,0
7,712,5703,0,0,175.852,0
7,713,5711,0,0,147.11600000000001,0
7,714,5719,0,0,157.077,0
7,715,5727,0,0,155.99100000000001,0
7,716,5735,0,0,193.05099999999999,0
7,717,5743,0,0,186.173,0
7,718,5751,0,0,162.83099999999999,0
7,719,5759,0,0,149.99299999999999,0
7,720,5767,0,0,160.96100000000001,0
7,721,5775,0,0,189.44900000000001,0
7,722,5783,0,0,185.697,0
7,723,5791,0,0,156.654,0
7,724,5799,0,0,177.221,0
7,725,5807,0,0,179.34,0
7,726,5815,0,0,189.40199999999999,0
7,727,5823,0,0,198.70599999999999,0
7,728,5831,0,0,192.995,0
7,729,5839,0,0,187.04300000000001,0
7,730,5847,0,0,175.405,0
7,731,5855,0,0,192.59,0
7,732,5863,0,0,173.88200000000001,0
7,733,5871,0,0,165.40600000000001,0
7,734,5879,0,0,183.71000000000001,0
7,735,5887,0,0,171.39699999999999,0
7,736,5895,0,0,187.19499999999999,0
7,737,5903,0,0,177.62200000000001,0
7,738,5911,0,0,182.21000000000001,0
7,739,5919,0,0,183.886,0
7,740,5927,0,0,149.291,0
7,741,5935,0,0,180.09,0
7,742,5943,0,0,174.58000000000001,0
7,743,5951,0,0,200.30000000000001,0
7,744,5959,0,0,151.185,0
7,745,5967,0,0,161.00999999999999,0
7,746,5975,0,0,192.93899999999999,0
7,747,5983,0,0,171.76900000000001,0
7,748,5991,0,0,163.553,0
7,749,5999,0,0,153.69200000000001,0
7,750,6007,0,0,177.34999999999999,0
7,751,6015,0,0,177.048,0
7,752,6023,0,0,152.77699999999999,0
7,753,6031,0,0,150.494,0
7,754,6039,0,0,180.77600000000001,0
7,755,6047,0,0,185.084,0
7,756,6055,0,0,186.34999999999999,0
7,757,6063,0,0,202.018,0
7,758,6071,0,0,179.113,0
7,759,6079,0,0,184.28399999999999,0
7,760,6087,0,0,166.52799999999999,0
7,761,6095,0,0,143.23599999999999,0
7,762,6103,0,0,154.06800000000001,0
7,763,6111,0,0,190.905,0
7,764,6119,0,0,135.96600000000001,0
7,765,6127,0,0,172.28100000000001,0
7,766,6135,0,0,168.51599999999999,0
7,767,6143,0,0,196.517,0
7,768,6151,0,0,182.28800000000001,0
7,769,6159,0,0,160.209,0
7,770,6167,0,0,182.691,0
7,771,6175,0,0,191.68299999999999,0
7,772,6183,0,0,195.357,0
7,773,6191,0,0,184.24799999999999,0
7,774,6199,0,0,203.422,0
7,775,6207,0,0,162.197,0
7,776,6215,0,0,177.267,0
7,777,6223,0,0,197.11500000000001,0
7,778,6231,0,0,133.708,0
7,779,6239,0,0,178.191,0
7,780,6247,0,0,162.773,0
7,781,6255,0,0,144.167,0
7,782,6263,0,0,142.08699999999999,0
7,783,6271,0,0,177.70599999999999,0
7,784,6279,0,0,186.74600000000001,0
7,785,6287,0,0,178.428,0
7,786,6295,0,0,190.30099999999999,0
7,787,6303,0,0,189.43299999999999,0
7,788,6311,0,0,170.88200000000001,0
7,789,6319,0,0,175.239,0
7,790,6327,0,0,182.98400000000001,0
7,791,6335,0,0,165.434,0
7,792,6343,0,0,201.92099999999999,0
7,793,6351,0,0,163.35400000000001,0
7,794,6359,0,0,168.02099999999999,0
7,795,6367,0,0,199.572,0
7,796,6375,0,0,189.80699999999999,0
7,797,6383,0,0,151.18600000000001,0
7,798,6391,0,0,125.62,0
7,799,6399,0,0,184.22900000000001,0
7,800,6407,0,0,173.715,0
7,801,6415,0,0,189.387,0
7,802,6423,0,0,132.56899999999999,0
7,803,6431,0,0,141.68799999999999,0
7,804,6439,0,0,187.49600000000001,0
7,805,6447,0,0,197.566,0
7,806,6455,0,0,165.20599999999999,0
7,807,6463,0,0,166.76400000000001,0
7,808,6471,0,0,217.16800000000001,0
7,809,6479,0,0,161.374,0
7,810,6487,0,0,172.21700000000001,0
7,811,6495,0,0,208.37100000000001,0
7,812,6503,0,0,201.91900000000001,0
7,813,6511,0,0,218.22399999999999,0
7,814,6519,0,0,137.92500000000001,0
7,815,6527,0,0,160.38999999999999,0
7,816,6535,0,0,147.19800000000001,0
7,817,6543,0,0,176.67699999999999,0
7,818,6551,0,0,118.297,0
7,819,6559,0,0,139.54400000000001,0
7,820,6567,0,0,143.43199999999999,0
7,821,6575,0,0,184.90600000000001,0
7,822,6583,0,0,170.13200000000001,0
7,823,6591,0,0,135.964,0
7,824,6599,0,0,192.61699999999999,0
7,825,6607,0,0,184.94200000000001,0
7,826,6615,0,0,134.96700000000001,0
7,827,6623,0,0,108.681,0
7,828,6631,0,0,192.88,0
7,829,6639,0,0,171.61000000000001,0
7,830,6647,0,0,160.41,0
7,831,6655,0,0,163.857,0
7,832,6663,0,0,188.97399999999999,0
7,833,6671,0,0,160.94200000000001,0
7,834,6679,0,0,177.494,0
7,835,6687,0,0,165.68199999999999,0
7,836,6695,0,0,194.50299999999999,0
7,837,6703,0,0,142.31399999999999,0
7,838,6711,0,0,190.126,0
7,839,6719,0,0,174.953,0
7,840,6727,0,0,170.91999999999999,0
7,841,6735,0,0,173.04599999999999,0
7,842,6743,0,0,218.53399999999999,0
7,843,6751,0,0,160.24600000000001,0
7,844,6759,0,0,187.529,0
7,845,6767,0,0,181.49700000000001,0
7,846,6775,0,0,170.488,0
7,847,6783,0,0,169.535,0
7,848,6791,0,0,185.958,0
7,849,6799,0,0,157.73599999999999,0
7,850,6807,0,0,178.20400000000001,0
7,851,6815,0,0,221.774,0
7,852,6823,0,0,172.864,0
7,853,6831,0,0,177.19300000000001,0
7,854,6839,0,0,154.68700000000001,0
7,855,6847,0,0,194.87799999999999,0
7,856,6855,0,0,171.017,0
7,857,6863,0,0,184.75399999999999,0
7,858,6871,0,0,185.28999999999999,0
7,859,6879,0,0,155.87100000000001,0
7,860,6887,0,0,201.06399999999999,0
7,861,6895,0,0,186.80099999999999,0
7,862,6903,0,0,208.48500000000001,0
7,863,6911,0,0,181.13399999999999,0
7,864,6919,0,0,176.96899999999999,0
7,865,6927,0,0,186.94999999999999,0
7,866,6935,0,0,189.59899999999999,0
7,867,6943,0,0,179.99799999999999,0
7,868,6951,0,0,166.20699999999999,0
7,869,6959,0,0,163.87700000000001,0
7,870,6967,0,0,208.39699999999999,0
7,871,6975,0,0,184.81100000000001,0
7,872,6983,0,0,170.50299999999999,0
7,873,6991,0,0,191.52500000000001,0
7,874,6999,0,0,119.822,0
7,875,7007,0,0,203.21700000000001,0
7,876,7015,0,0,147.64099999999999,0
7,877,7023,0,0,157.185,0
7,878,7031,0,0,184.05799999999999,0
7,879,7039,0,0,193.05699999999999,0
7,880,7047,0,0,173.53299999999999,0
7,881,7055,0,0,166.047,0
7,882,7063,0,0,180.36799999999999,0
7,883,7071,0,0,186.91200000000001,0
7,884,7079,0,0,180.84999999999999,0
7,885,7087,0,0,152.03200000000001,0
7,886,7095,0,0,177.55600000000001,0
7,887,7103,0,0,187.11500000000001,0
7,888,7111,0,0,159.649,0
7,889,7119,0,0,189.15199999999999,0
7,890,7127,0,0,186.20599999999999,0
7,891,7135,0,0,180.798,0
7,892,7143,0,0,167.12299999999999,0
7,893,7151,0,0,180.453,0
7,894,7159,0,0,175.316,0
7,895,7167,0,0,146.631,0
7,896,7175,0,0,176.59700000000001,0
7,897,7183,0,0,191.071,0
7,898,7191,0,0,176.279,0
7,899,7199,0,0,185.93299999999999,0
7,900,7207,0,0,187.95699999999999,0
7,901,7215,0,0,165.44200000000001,0
7,902,7223,0,0,183.46000000000001,0
7,903,7231,0,0,145.41999999999999,0
7,904,7239,0,0,163.441,0
7,905,7247,0,0,194.59299999999999,0
7,906,7255,0,0,182.625,0
7,907,7263,0,0,176.00399999999999,0
7,908,7271,0,0,191.227,0
7,909,7279,0,0,192.714,0
7,910,7287,0,0,162.14500000000001,0
7,911,7295,0,0,185.09800000000001,0
7,912,7303,0,0,168.35300000000001,0
7,913,7311,0,0,178.488,0
7,914,7319,0,0,201.29900000000001,0
7,915,7327,0,0,203.39099999999999,0
7,916,7335,0,0,191.05199999999999,0
7,917,7343,0,0,197.077,0
7,918,7351,0,0,177.65100000000001,0
7,919,7359,0,0,167.91300000000001,0
7,920,7367,0,0,130.59700000000001,0
7,921,7375,0,0,191.12200000000001,0
7,922,7383,0,0,170.881,0
7,923,7391,0,0,192.71799999999999,0
7,924,7399,0,0,162.77500000000001,0
7,925,7407,0,0,193.15899999999999,0
7,926,7415,0,0,231.16499999999999,0
7,927,7423,0,0,168.55799999999999,0
7,928,7431,0,0,147.06299999999999,0
7,929,7439,0,0,144.345,0
7,930,7447,0,0,172.625,0
7,931,7455,0,0,188.976,0
7,932,7463,0,0,180.209,0
7,933,7471,0,0,175.62700000000001,0
7,934,7479,0,0,175.66200000000001,0
7,935,7487,0,0,205.34299999999999,0
7,936,7495,0,0,179.613,0
7,937,7503,0,0,180.23400000000001,0
7,938,7511,0,0,191.108,0
7,939,7519,0,0,200.99199999999999,0
7,940,7527,0,0,165.07300000000001,0
7,941,7535,0,0,138.53800000000001,0
7,942,7543,0,0,172.869,0
7,943,7551,0,0,196.453,0
7,944,7559,0,0,159.34700000000001,0
7,945,7567,0,0,131.886,0
7,946,7575,0,0,176.32599999999999,0
7,947,7583,0,0,164.56700000000001,0
7,948,7591,0,0,224.01900000000001,0
7,949,7599,0,0,178.21600000000001,0
7,950,7607,0,0,201.46600000000001,0
7,951,7615,0,0,233.05600000000001,0
7,952,7623,0,0,190.74700000000001,0
7,953,7631,0,0,159.06700000000001,0
7,954,7639,0,0,173.80699999999999,0
7,955,7647,0,0,198.55500000000001,0
7,956,7655,0,0,173.30600000000001,0
7,957,7663,0,0,169.88,0
7,958,7671,0,0,158.50200000000001,0
7,959,7679,0,0,186.17099999999999,0
7,960,7687,0,0,168.20699999999999,0
7,961,7695,0,0,192.233,0
7,962,7703,0,0,184.90000000000001,0
7,963,7711,0,0,181.01900000000001,0
7,964,7719,0,0,196.65799999999999,0
7,965,7727,0,0,142.50999999999999,0
7,966,7735,0,0,162.577,0
7,967,7743,0,0,170.43000000000001,0
7,968,7751,0,0,155.52799999999999,0
7,969,7759,0,0,185.72999999999999,0
7,970,7767,0,0,189.43199999999999,0
7,971,7775,0,0,190.22,0
7,972,7783,0,0,174.648,0
7,973,7791,0,0,183.89400000000001,0
7,974,7799,0,0,155.38800000000001,0
7,975,7807,0,0,187.26599999999999,0
7,976,7815,0,0,189.58699999999999,0
7,977,7823,0,0,163.124,0
7,978,7831,0,0,132.17400000000001,0
7,979,7839,0,0,160.834,0
7,980,7847,0,0,179.607,0
7,981,7855,0,0,155.947,0
7,982,7863,0,0,187.761,0
7,983,7871,0,0,194.70699999999999,0
7,984,7879,0,0,219.309,0
7,985,7887,0,0,154.43100000000001,0
7,986,7895,0,0,187.846,0
7,987,7903,0,0,163.804,0
7,988,7911,0,0,156.56999999999999,0
7,989,7919,0,0,195.33099999999999,0
7,990,7927,0,0,206.935,0
7,991,7935,0,0,170.244,0
7,992,7943,0,0,177.89500000000001,0
7,993,7951,0,0,172.441,0
7,994,7959,0,0,197.86699999999999,0
7,995,7967,0,0,167.667,0
7,996,7975,0,0,196.86799999999999,0
7,997,7983,0,0,185.84800000000001,0
7,998,7991,0,0,203.93199999999999,0
7,999,7999,0,0,173.27099999999999,0
7,1000,8007,0,0,156.97499999999999,0
7,1001,8015,0,0,201.01599999999999,0
7,1002,8023,0,0,179.119,0
7,1003,8031,0,0,163.846,0
7,1004,8039,0,0,202.232,0
7,1005,8047,0,0,171.08500000000001,0
7,1006,8055,0,0,187.74100000000001,0
7,1007,8063,0,0,193.15600000000001,0
7,1008,8071,0,0,179.69,0
7,1009,8079,0,0,195.25899999999999,0
7,1010,8087,0,0,185.06899999999999,0
7,1011,8095,0,0,186.36000000000001,0
7,1012,8103,0,0,160.631,0
7,1013,8111,0,0,202.40100000000001,0
7,1014,8119,0,0,141.58799999999999,0
7,1015,8127,0,0,191.48699999999999,0
7,1016,8135,0,0,179.292,0
7,1017,8143,0,0,189.346,0
7,1018,8151,0,0,127.063,0
7,1019,8159,0,0,190.929,0
7,1020,8167,0,0,151.13300000000001,0
7,1021,8175,0,0,179.70099999999999,0
7,1022,8183,0,0,182.649,0
7,1023,8191,0,0,162.29300000000001,0
7,1024,8199,0,0,171.63399999999999,0
7,1025,8207,0,0,171.63200000000001,0
7,1026,8215,0,0,198.70099999999999,0
7,1027,8223,0,0,165.86500000000001,0
7,1028,8231,0,0,180.04599999999999,0
7,1029,8239,0,0,185.721,0
7,1030,8247,0,0,188.804,0
7,1031,8255,0,0,178.55600000000001,0
7,1032,8263,0,0,186.76599999999999,0
7,1033,8271,0,0,183.803,0
7,1034,8279,0,0,172.10499999999999,0
7,1035,8287,0,0,184.59200000000001,0
7,1036,8295,0,0,170.42699999999999,0
7,1037,8303,0,0,187.37700000000001,0
7,1038,8311,0,0,162.25,0
7,1039,8319,0,0,176.66999999999999,0
7,1040,8327,0,0,157.19200000000001,0
7,1041,8335,0,0,166.411,0
7,1042,8343,0,0,182.13200000000001,0
7,1043,8351,0,0,187.304,0
7,1044,8359,0,0,167.477,0
7,1045,8367,0,0,161.393,0
7,1046,8375,0,0,170.238,0
7,1047,8383,0,0,170.09100000000001,0
7,1048,8391,0,0,168.958,0
7,1049,8399,0,0,210.36600000000001,0
7,1050,8407,0,0,187.77699999999999,0
7,1051,8415,0,0,149.11699999999999,0
7,1052,8423,0,0,192.64699999999999,0
7,1053,8431,0,0,141.45500000000001,0
7,1054,8439,0,0,195.22200000000001,0
7,1055,8447,0,0,189.773,0
7,1056,8455,0,0,201.95599999999999,0
7,1057,8463,0,0,174.59100000000001,0
7,1058,8471,0,0,174.42099999999999,0
7,1059,8479,0,0,169.71899999999999,0
7,1060,8487,0,0,173.572,0
7,1061,8495,0,0,190.624,0
7,1062,8503,0,0,188.06299999999999,0
7,1063,8511,0,0,126.194,0
7,1064,8519,0,0,148.066,0
7,1065,8527,0,0,177.56,0
7,1066,8535,0,0,159.78,0
7,1067,8543,0,0,167.226,0
7,1068,8551,0,0,161.19499999999999,0
7,1069,8559,0,0,173.67099999999999,0
7,1070,8567,0,0,191.88499999999999,0
7,1071,8575,0,0,193.208,0
7,1072,8583,0,0,200.726,0
7,1073,8591,0,0,149.071,0
7,1074,8599,0,0,193.90199999999999,0
7,1075,8607,0,0,164.75800000000001,0
7,1076,8615,0,0,132.68299999999999,0
7,1077,8623,0,0,179.58600000000001,0
7,1078,8631,0,0,164.84700000000001,0
7,1079,8639,0,0,180.911,0
7,1080,8647,0,0,192.53100000000001,0
7,1081,8655,0,0,148.02600000000001,0
7,1082,8663,0,0,197.89599999999999,0
7,1083,8671,0,0,197.86699999999999,0
7,1084,8679,0,0,181.16200000000001,0
7,1085,8687,0,0,177.69800000000001,0
7,1086,8695,0,0,140.364,0
7,1087,8703,0,0,168.69499999999999,0
7,1088,8711,0,0,159.86199999999999,0
7,1089,8719,0,0,193.07499999999999,0
7,1090,8727,0,0,114.95399999999999,0
7,1091,8735,0,0,184.803,0
7,1092,8743,0,0,171.28899999999999,0
7,1093,8751,0,0,171.72399999999999,0
7,1094,8759,0,0,182.36799999999999,0
7,1095,8767,0,0,187.721,0
7,1096,8775,0,0,223.61600000000001,0
7,1097,8783,0,0,191.37299999999999,0
7,1098,8791,0,0,187.536,0
7,1099,8799,0,0,159.64500000000001,0
7,1100,8807,0,0,151.40700000000001,0
7,1101,8815,0,0,172.721,0
7,1102,8823,0,0,168.304,0
7,1103,8831,0,0,190.5,0
7,1104,8839,0,0,188.60499999999999,0
7,1105,8847,0,0,182.274,0
7,1106,8855,0,0,134.58799999999999,0
7,1107,8863,0,0,175.01300000000001,0
7,1108,8871,0,0,190.876,0
7,1109,8879,0,0,193.98500000000001,0
7,1110,8887,0,0,178.83600000000001,0
7,1111,8895,0,0,190.15199999999999,0
7,1112,8903,0,0,188.07400000000001,0
7,1113,8911,0,0,160.81299999999999,0
7,1114,8919,0,0,163.94900000000001,0
7,1115,8927,0,0,185.19,0
7,1116,8935,0,0,165.821,0
7,1117,8943,0,0,200.15799999999999,0
7,1118,8951,0,0,174.149,0
7,1119,8959,0,0,181.44999999999999,0
7,1120,8967,0,0,184.40199999999999,0
7,1121,8975,0,0,169.38999999999999,0
7,1122,8983,0,0,175.64500000000001,0
7,1123,8991,0,0,200.94499999999999,0
7,1124,8999,0,0,193.14500000000001,0
7,1125,9007,0,0,205.61799999999999,0
7,1126,9015,0,0,177.125,0
7,1127,9023,0,0,173.32400000000001,0
7,1128,9031,0,0,159.946,0
7,1129,9039,0,0,188.328,0
7,1130,9047,0,0,157.66499999999999,0
7,1131,9055,0,0,189.24299999999999,0
7,1132,9063,0,0,184.80000000000001,0
7,1133,9071,0,0,179.53399999999999,0
7,1134,9079,0,0,156.44,0
7,1135,9087,0,0,178.12200000000001,0
7,1136,9095,0,0,130.405,0
7,1137,9103,0,0,176.09100000000001,0
7,1138,9111,0,0,204.35499999999999,0
7,1139,9119,0,0,125.217,0
7,1140,9127,0,0,166.84299999999999,0
7,1141,9135,0,0,189.52799999999999,0
7,1142,9143,0,0,189.87899999999999,0
7,1143,9151,0,0,149.346,0
7,1144,9159,0,0,163.09299999999999,0
7,1145,9167,0,0,155.20500000000001,0
7,1146,9175,0,0,174.47399999999999,0
7,1147,9183,0,0,209.48500000000001,0
7,1148,9191,0,0,160.917,0
7,1149,9199,0,0,162.78800000000001,0
7,1150,9207,0,0,186.999,0
7,1151,9215,0,0,160.52699999999999,0
7,1152,9223,0,0,186.596,0
7,1153,9231,0,0,160.12299999999999,0
7,1154,9239,0,0,180.53999999999999,0
7,1155,9247,0,0,184.50200000000001,0
7,1156,9255,0,0,186.67599999999999,0
7,1157,9263,0,0,132.21199999999999,0
7,1158,9271,0,0,188.26599999999999,0
7,1159,9279,0,0,173.601,0
7,1160,9287,0,0,150.94300000000001,0
7,1161,9295,0,0,189.30799999999999,0
7,1162,9303,0,0,179.26599999999999,0
7,1163,9311,0,0,132.041,0
7,1164,9319,0,0,184.774,0
7,1165,9327,0,0,183.15100000000001,0
7,1166,9335,0,0,180.75899999999999,0
7,1167,9343,0,0,178.95599999999999,0
7,1168,9351,0,0,196.011,0
7,1169,9359,0,0,145.285,0
7,1170,9367,0,0,167.81899999999999,0
7,1171,9375,0,0,198.64599999999999,0
7,1172,9383,0,0,192.68000000000001,0
7,1173,9391,0,0,149.47399999999999,0
7,1174,9399,0,0,160.25800000000001,0
7,1175,9407,0,0,146.01400000000001,0
7,1176,9415,0,0,209.542,0
7,1177,9423,0,0,187.334,0
7,1178,9431,0,0,162.78800000000001,0
7,1179,9439,0,0,152.17699999999999,0
7,1180,9447,0,0,204.97900000000001,0
7,1181,9455,0,0,190.422,0
7,1182,9463,0,0,174.78100000000001,0
7,1183,9471,0,0,176.56700000000001,0
7,1184,9479,0,0,223.93799999999999,0
7,1185,9487,0,0,169.02000000000001,0
7,1186,9495,0,0,166.18100000000001,0
7,1187,9503,0,0,155.18199999999999,0
7,1188,9511,0,0,163.93000000000001,0
7,1189,9519,0,0,150.828,0
7,1190,9527,0,0,162.86600000000001,0
7,1191,9535,0,0,180.49600000000001,0
7,1192,9543,0,0,164.435,0
7,1193,9551,0,0,160.917,0
7,1194,9559,0,0,180.565,0
7,1195,9567,0,0,206.19200000000001,0
7,1196,9575,0,0,196.78,0
7,1197,9583,0,0,184.899,0
7,1198,9591,0,0,178.464,0
7,1199,9599,0,0,170.667,0
7,1200,9607,0,0,184.57300000000001,0
7,1201,9615,0,0,175.48699999999999,0
7,1202,9623,0,0,140.50899999999999,0
7,1203,9631,0,0,158.59100000000001,0
7,1204,9639,0,0,193.565,0
7,1205,9647,0,0,123.233,0
7,1206,9655,0,0,178.161,0
7,1207,9663,0,0,175.09200000000001,0
7,1208,9671,0,0,180.035,0
7,1209,9679,0,0,160.75999999999999,0
7,1210,9687,0,0,209.13,0
7,1211,9695,0,0,189.83799999999999,0
7,1212,9703,0,0,167.78999999999999,0
7,1213,9711,0,0,190.10300000000001,0
7,1214,9719,0,0,192.88399999999999,0
7,1215,9727,0,0,161.345,0
7,1216,9735,0,0,184.32900000000001,0
7,1217,9743,0,0,159.41900000000001,0
7,1218,9751,0,0,181.346,0
7,1219,9759,0,0,179.04599999999999,0
7,1220,9767,0,0,140.50800000000001,0
7,1221,9775,0,0,174.04900000000001,0
7,1222,9783,0,0,194.643,0
7,1223,9791,0,0,148.11699999999999,0
7,1224,9799,0,0,168.512,0
7,1225,9807,0,0,189.16499999999999,0
7,1226,9815,0,0,182.15600000000001,0
7,1227,9823,0,0,207.60400000000001,0
7,1228,9831,0,0,194.05699999999999,0
7,1229,9839,0,0,151.58199999999999,0
7,1230,9847,0,0,180.626,0
7,1231,9855,0,0,184.57400000000001,0
7,1232,9863,0,0,171.09,0
7,1233,9871,0,0,149.49299999999999,0
7,1234,9879,0,0,190.892,0
7,1235,9887,0,0,168.23400000000001,0
7,1236,9895,0,0,150.86099999999999,0
7,1237,9903,0,0,165.334,0
7,1238,9911,0,0,164.785,0
7,1239,9919,0,0,170.327,0
7,1240,9927,0,0,153.48599999999999,0
7,1241,9935,0,0,182.91800000000001,0
7,1242,9943,0,0,196.27199999999999,0
7,1243,9951,0,0,161.61199999999999,0
7,1244,9959,0,0,200.34100000000001,0
7,1245,9967,0,0,175.56200000000001,0
7,1246,9975,0,0,145.94999999999999,0
7,1247,9983,0,0,139.429,0
7,1248,9991,0,0,190.30000000000001,0
7,1249,9999,0,0,216.04599999999999,0
7,1250,10007,0,0,164.68199999999999,0
7,1251,10015,0,0,157.952,0
7,1252,10023,0,0,180.57400000000001,0
7,1253,10031,0,0,184.16999999999999,0
7,1254,10039,0,0,177.45099999999999,0
7,1255,10047,0,0,195.05099999999999,0
7,1256,10055,0,0,150.25399999999999,0
7,1257,10063,0,0,159.24600000000001,0
7,1258,10071,0,0,170.148,0
7,1259,10079,0,0,201.434,0
7,1260,10087,0,0,186.107,0
7,1261,10095,0,0,149.53800000000001,0
7,1262,10103,0,0,189.27500000000001,0
7,1263,10111,0,0,202.97999999999999,0
7,1264,10119,0,0,175.13800000000001,0
7,1265,10127,0,0,231.964,0
7,1266,10135,0,0,174.214,0
7,1267,10143,0,0,133.578,0
7,1268,10151,0,0,187.91999999999999,0
7,1269,10159,0,0,211.28100000000001,0
7,1270,10167,0,0,170.685,0
7,1271,10175,0,0,168.054,0
7,1272,10183,0,0,136.41800000000001,0
7,1273,10191,0,0,185.31299999999999,0
7,1274,10199,0,0,198.95400000000001,0
7,1275,10207,0,0,164.655,0
7,1276,10215,0,0,192.27699999999999,0
7,1277,10223,0,0,171.91200000000001,0
7,1278,10231,0,0,181.75700000000001,0
7,1279,10239,0,0,159.572,0
7,1280,10247,0,0,185.649,0
7,1281,10255,0,0,205.65299999999999,0
7,1282,10263,0,0,190.53899999999999,0
7,1283,10271,0,0,197.73400000000001,0
7,1284,10279,0,0,174.14699999999999,0
7,1285,10287,0,0,160.63900000000001,0
7,1286,10295,0,0,206.179,0
7,1287,10303,0,0,166.28899999999999,0
7,1288,10311,0,0,195.262,0
7,1289,10319,0,0,185.83000000000001,0
7,1290,10327,0,0,185.46100000000001,0
7,1291,10335,0,0,178.309,0
7,1292,10343,0,0,167.321,0
7,1293,10351,0,0,190.63800000000001,0
7,1294,10359,0,0,148.63200000000001,0
7,1295,10367,0,0,187.23099999999999,0
7,1296,10375,0,0,178.858,0
7,1297,10383,0,0,152.81899999999999,0
7,1298,10391,0,0,138.38900000000001,0
7,1299,10399,0,0,139.47900000000001,0
7,1300,10407,0,0,150.34399999999999,0
7,1301,10415,0,0,130.69200000000001,0
7,1302,10423,0,0,190.41,0
7,1303,10431,0,0,169.13200000000001,0
7,1304,10439,0,0,162.97399999999999,0
7,1305,10447,0,0,162.833,0
7,1306,10455,0,0,145.084,0
7,1307,10463,0,0,185.40299999999999,0
7,1308,10471,0,0,166.69800000000001,0
7,1309,10479,0,0,179.53299999999999,0
7,1310,10487,0,0,180.78100000000001,0
7,1311,10495,0,0,158.755,0
7,1312,10503,0,0,172.553,0
7,1313,10511,0,0,206.744,0
7,1314,10519,0,0,179.96100000000001,0
7,1315,10527,0,0,171.79900000000001,0
7,1316,10535,0,0,178.309,0
7,1317,10543,0,0,191.47499999999999,0
7,1318,10551,0,0,188.27699999999999,0
7,1319,10559,0,0,183.32499999999999,0
7,1320,10567,0,0,174.709,0
7,1321,10575,0,0,174.47200000000001,0
7,1322,10583,0,0,208.68199999999999,0
7,1323,10591,0,0,175.18299999999999,0
7,1324,10599,0,0,178.31299999999999,0
7,1325,10607,0,0,186.81700000000001,0
7,1326,10615,0,0,158.929,0
7,1327,10623,0,0,202.881,0
7,1328,10631,0,0,152.738,0
7,1329,10639,0,0,197.45099999999999,0
7,1330,10647,0,0,172.15700000000001,0
7,1331,10655,0,0,193.78700000000001,0
7,1332,10663,0,0,191.38999999999999,0
7,1333,10671,0,0,117.52,0
7,1334,10679,0,0,176.19300000000001,0
7,1335,10687,0,0,192.10900000000001,0
7,1336,10695,0,0,166.03700000000001,0
7,1337,10703,0,0,174.66,0
7,1338,10711,0,0,176.97399999999999,0
7,1339,10719,0,0,191.01300000000001,0
7,1340,10727,0,0,187.70099999999999,0
7,1341,10735,0,0,143.131,0
7,1342,10743,0,0,165.54400000000001,0
7,1343,10751,0,0,184.17400000000001,0
7,1344,10759,0,0,174.93299999999999,0
7,1345,10767,0,0,194.56399999999999,0
7,1346,10775,0,0,182.86000000000001,0
7,1347,10783,0,0,175.327,0
7,1348,10791,0,0,169.953,0
7,1349,10799,0,0,186.72399999999999,0
7,1350,10807,0,0,164.66999999999999,0
7,1351,10815,0,0,165.74700000000001,0
7,1352,10823,0,0,182.374,0
7,1353,10831,0,0,180.62,0
7,1354,10839,0,0,119.69799999999999,0
7,1355,10847,0,0,196.429,0
7,1356,10855,0,0,143.51300000000001,0
7,1357,10863,0,0,197.887,0
7,1358,10871,0,0,143.983,0
7,1359,10879,0,0,183.05099999999999,0
7,1360,10887,0,0,177.79499999999999,0
7,1361,10895,0,0,185.983,0
7,1362,10903,0,0,142.375,0
7,1363,10911,0,0,185.70400000000001,0
7,1364,10919,0,0,186.846,0
7,1365,10927,0,0,192.77799999999999,0
7,1366,10935,0,0,172.19200000000001,0
7,1367,10943,0,0,150.83799999999999,0
7,1368,10951,0,0,172.386,0
7,1369,10959,0,0,180.59899999999999,0
7,1370,10967,0,0,144.67500000000001,0
7,1371,10975,0,0,123.54300000000001,0
7,1372,10983,0,0,202.40799999999999,0
7,1373,10991,0,0,146.52199999999999,0
7,1374,10999,0,0,169.893,0
7,1375,11007,0,0,167.63399999999999,0
7,1376,11015,0,0,190.74000000000001,0
7,1377,11023,0,0,184.447,0
7,1378,11031,0,0,183.215,0
7,1379,11039,0,0,175.13,0
7,1380,11047,0,0,221.06200000000001,0
7,1381,11055,0,0,188.01599999999999,0
7,1382,11063,0,0,150.00200000000001,0
7,1383,11071,0,0,167.45699999999999,0
7,1384,11079,0,0,189.37,0
7,1385,11087,0,0,175.91999999999999,0
7,1386,11095,0,0,165.20599999999999,0
7,1387,11103,0,0,170.209,0
7,1388,11111,0,0,180.77799999999999,0
7,1389,11119,0,0,151.839,0
7,1390,11127,0,0,163.148,0
7,1391,11135,0,0,139.10900000000001,0
7,1392,11143,0,0,138.44200000000001,0
7,1393,11151,0,0,197.96799999999999,0
7,1394,11159,0,0,179.691,0
7,1395,11167,0,0,184.82900000000001,0
7,1396,11175,0,0,167.24199999999999,0
7,1397,11183,0,0,187.256,0
7,1398,11191,0,0,144.512,0
7,1399,11199,0,0,173.81700000000001,0
7,1400,11207,0,0,167.89699999999999,0
7,1401,11215,0,0,181.75800000000001,0
7,1402,11223,0,0,180.09700000000001,0
7,1403,11231,0,0,151.52600000000001,0
7,1404,11239,0,0,180.17500000000001,0
7,1405,11247,0,0,179.96000000000001,0
7,1406,11255,0,0,157.179,0
7,1407,11263,0,0,182.387,0
7,1408,11271,0,0,186.262,0
7,1409,11279,0,0,159.959,0
7,1410,11287,0,0,151.40199999999999,0
7,1411,11295,0,0,177.79499999999999,0
7,1412,11303,0,0,178.499,0
7,1413,11311,0,0,208.81100000000001,0
7,1414,11319,0,0,141.68899999999999,0
7,1415,11327,0,0,175.988,0
7,1416,11335,0,0,157.53999999999999,0
7,1417,11343,0,0,167.45099999999999,0
7,1418,11351,0,0,163.49799999999999,0
7,1419,11359,0,0,182.25800000000001,0
7,1420,11367,0,0,179.745,0
7,1421,11375,0,0,174.13999999999999,0
7,1422,11383,0,0,164.58000000000001,0
7,1423,11391,0,0,136.59800000000001,0
7,1424,11399,0,0,158.70599999999999,0
7,1425,11407,0,0,173.77000000000001,0
7,1426,11415,0,0,199.053,0
7,1427,11423,0,0,183.88300000000001,0
7,1428,11431,0,0,146.25700000000001,0
7,1429,11439,0,0,147.011,0
7,1430,11447,0,0,185.92500000000001,0
7,1431,11455,0,0,146.71100000000001,0
7,1432,11463,0,0,182.19200000000001,0
7,1433,11471,0,0,176.672,0
7,1434,11479,0,0,164.16300000000001,0
7,1435,11487,0,0,203.55799999999999,0
7,1436,11495,0,0,111.977,0
7,1437,11503,0,0,195.393,0
7,1438,11511,0,0,177.36799999999999,0
7,1439,11519,0,0,187.69900000000001,0
7,1440,11527,0,0,149.02699999999999,0
7,1441,11535,0,0,140.566,0
7,1442,11543,0,0,129.71299999999999,0
7,1443,11551,0,0,143.53299999999999,0
7,1444,11559,0,0,161.006,0
7,1445,11567,0,0,188.39400000000001,0
7,1446,11575,0,0,180.81800000000001,0
7,1447,11583,0,0,179.768,0
7,1448,11591,0,0,146.70500000000001,0
7,1449,11599,0,0,151.578,0
7,1450,11607,0,0,164.596,0
7,1451,11615,0,0,176.209,0
7,1452,11623,0,0,178.11000000000001,0
7,1453,11631,0,0,193.97399999999999,0
7,1454,11639,0,0,185.30500000000001,0
7,1455,11647,0,0,172.91200000000001,0
7,1456,11655,0,0,177.33000000000001,0
7,1457,11663,0,0,176.02099999999999,0
7,1458,11671,0,0,204.655,0
7,1459,11679,0,0,189.488,0
7,1460,11687,0,0,171.61199999999999,0
7,1461,11695,0,0,177.93899999999999,0
7,1462,11703,0,0,147.75700000000001,0
7,1463,11711,0,0,171.999,0
7,1464,11719,0,0,147.196,0
7,1465,11727,0,0,166.90600000000001,0
7,1466,11735,0,0,170.81700000000001,0
7,1467,11743,0,0,179.607,0
7,1468,11751,0,0,192.45699999999999,0
7,1469,11759,0,0,169.31,0
7,1470,11767,0,0,183.387,0
7,1471,11775,0,0,210.375,0
7,1472,11783,0,0,163.834,0
7,1473,11791,0,0,167.13300000000001,0
7,1474,11799,0,0,196.61500000000001,0
7,1475,11807,0,0,147.11199999999999,0
7,1476,11815,0,0,176.80000000000001,0
7,1477,11823,0,0,179.13999999999999,0
7,1478,11831,0,0,193.09999999999999,0
7,1479,11839,0,0,187.23099999999999,0
7,1480,11847,0,0,188.34800000000001,0
7,1481,11855,0,0,169.18899999999999,0
7,1482,11863,0,0,153.09999999999999,0
7,1483,11871,0,0,184.10300000000001,0
7,1484,11879,0,0,174.13399999999999,0
7,1485,11887,0,0,140.096,0
7,1486,11895,0,0,200.18600000000001,0
7,1487,11903,0,0,186.517,0
7,1488,11911,0,0,154.46199999999999,0
7,1489,11919,0,0,153.72300000000001,0
7,1490,11927,0,0,190.01400000000001,0
7,1491,11935,0,0,179.09399999999999,0
7,1492,11943,0,0,182.00899999999999,0
7,1493,11951,0,0,169.898,0
7,1494,11959,0,0,158.58199999999999,0
7,1495,11967,0,0,181.86799999999999,0
7,1496,11975,0,0,202.25700000000001,0
7,1497,11983,0,0,137.011,0
7,1498,11991,0,0,155.78700000000001,0
7,1499,11999,0,0,175.851,0
7,1500,12007,0,0,176.65299999999999,0
7,1501,12015,0,0,176.173,0
7,1502,12023,0,0,163.315,0
7,1503,12031,0,0,153.88399999999999,0
7,1504,12039,0,0,185.511,0
7,1505,12047,0,0,195.292,0
7,1506,12055,0,0,180.21100000000001,0
7,1507,12063,0,0,162.98500000000001,0
7,1508,12071,0,0,197.125,0
7,1509,12079,0,0,179.42400000000001,0
7,1510,12087,0,0,185.68799999999999,0
7,1511,12095,0,0,193.785,0
7,1512,12103,0,0,128.99600000000001,0
7,1513,12111,0,0,196.88200000000001,0
7,1514,12119,0,0,186.32499999999999,0
7,1515,12127,0,0,186.72999999999999,0
7,1516,12135,0,0,139.32900000000001,0
7,1517,12143,0,0,183.97300000000001,0
7,1518,12151,0,0,179.697,0
7,1519,12159,0,0,225.06899999999999,0
7,1520,12167,0,0,196.928,0
7,1521,12175,0,0,187.90899999999999,0
7,1522,12183,0,0,178.17500000000001,0
7,1523,12191,0,0,194.727,0
7,1524,12199,0,0,181.95400000000001,0
7,1525,12207,0,0,179.94,0
7,1526,12215,0,0,189.22,0
7,1527,12223,0,0,150.876,0
7,1528,12231,0,0,149.81,0
7,1529,12239,0,0,146.952,0
7,1530,12247,0,0,177.46100000000001,0
7,1531,12255,0,0,206.839,0
7,1532,12263,0,0,186.54300000000001,0
7,1533,12271,0,0,155.667,0
7,1534,12279,0,0,198.499,0
7,1535,12287,0,0,167.10300000000001,0
7,1536,12295,0,0,157.69,0
7,1537,12303,0,0,192.72499999999999,0
7,1538,12311,0,0,171.375,0
7,1539,12319,0,0,174.33500000000001,0
7,1540,12327,0,0,193.28100000000001,0
7,1541,12335,0,0,170.77099999999999,0
7,1542,12343,0,0,174.63200000000001,0
7,1543,12351,0,0,184.63499999999999,0
7,1544,12359,0,0,188.77000000000001,0
7,1545,12367,0,0,175.86600000000001,0
7,1546,12375,0,0,185.72800000000001,0
7,1547,12383,0,0,173.50200000000001,0
7,1548,12391,0,0,164.155,0
7,1549,12399,0,0,138.50700000000001,0
7,1550,12407,0,0,205.227,0
7,1551,12415,0,0,181.745,0
7,1552,12423,0,0,170.57300000000001,0
7,1553,12431,0,0,176.91800000000001,0
7,1554,12439,0,0,180.95699999999999,0
7,1555,12447,0,0,134.57400000000001,0
7,1556,12455,0,0,174.82300000000001,0
7,1557,12463,0,0,178.226,0
7,1558,12471,0,0,177.41300000000001,0
7,1559,12479,0,0,174.36600000000001,0
7,1560,12487,0,0,194.32599999999999,0
7,1561,12495,0,0,184.21799999999999,0
7,1562,12503,0,0,144.78,0
7,1563,12511,0,0,163.30199999999999,0
7,1564,12519,0,0,174.29400000000001,0
7,1565,12527,0,0,196.11500000000001,0
7,1566,12535,0,0,200.65899999999999,0
7,1567,12543,0,0,199.982,0
7,1568,12551,0,0,147.744,0
7,1569,12559,0,0,126.288,0
7,1570,12567,0,0,169.78399999999999,0
7,1571,12575,0,0,180.33099999999999,0
7,1572,12583,0,0,188.095,0
7,1573,12591,0,0,187.69499999999999,0
7,1574,12599,0,0,164.16900000000001,0
7,1575,12607,0,0,180.376,0
7,1576,12615,0,0,136.92500000000001,0
7,1577,12623,0,0,193.74799999999999,0
7,1578,12631,0,0,158.65799999999999,0
7,1579,12639,0,0,172.20599999999999,0
7,1580,12647,0,0,166.57900000000001,0
7,1581,12655,0,0,136.399,0
7,1582,12663,0,0,189.21199999999999,0
7,1583,12671,0,0,195.53200000000001,0
7,1584,12679,0,0,200.273,0
7,1585,12687,0,0,180.64400000000001,0
7,1586,12695,0,0,183.23599999999999,0
7,1587,12703,0,0,189.453,0
7,1588,12711,0,0,182.25899999999999,0
7,1589,12719,0,0,167.143,0
7,1590,12727,0,0,135.47,0
7,1591,12735,0,0,175.28,0
7,1592,12743,0,0,188.01499999999999,0
7,1593,12751,0,0,143.81999999999999,0
7,1594,12759,0,0,169.869,0
7,1595,12767,0,0,203.173,0
7,1596,12775,0,0,173.79900000000001,0
7,1597,12783,0,0,172.749,0
7,1598,12791,0,0,155.31899999999999,0
7,1599,12799,0,0,194.78100000000001,0
7,1600,12807,0,0,194.11199999999999,0
7,1601,12815,0,0,164.48599999999999,0
7,1602,12823,0,0,167.62700000000001,0
7,1603,12831,0,0,176.96100000000001,0
7,1604,12839,0,0,206.90700000000001,0
7,1605,12847,0,0,151.571,0
7,1606,12855,0,0,180.31399999999999,0
7,1607,12863,0,0,181.77600000000001,0
7,1608,12871,0,0,135.96299999999999,0
7,1609,12879,0,0,128.167,0
7,1610,12887,0,0,170.137,0
7,1611,12895,0,0,181.96700000000001,0
7,1612,12903,0,0,182.35599999999999,0
7,1613,12911,0,0,172.33199999999999,0
7,1614,12919,0,0,157.19399999999999,0
7,1615,12927,0,0,190.81100000000001,0
7,1616,12935,0,0,155.048,0
7,1617,12943,0,0,190.315,0
7,1618,12951,0,0,163.09200000000001,0
7,1619,12959,0,0,185.12100000000001,0
7,1620,12967,0,0,198.38900000000001,0
7,1621,12975,0,0,173.89099999999999,0
7,1622,12983,0,0,156.988,0
7,1623,12991,0,0,185.41300000000001,0
7,1624,12999,0,0,160.297,0
7,1625,13007,0,0,115.873,0
7,1626,13015,0,0,177.67500000000001,0
7,1627,13023,0,0,176.309,0
7,1628,13031,0,0,192.566,0
7,1629,13039,0,0,173.37200000000001,0
7,1630,13047,0,0,144.26300000000001,0
7,1631,13055,0,0,153.476,0
7,1632,13063,0,0,198.21700000000001,0
7,1633,13071,0,0,172.041,0
7,1634,13079,0,0,170.44999999999999,0
7,1635,13087,0,0,164.41900000000001,0
7,1636,13095,0,0,161.096,0
7,1637,13103,0,0,178.458,0
7,1638,13111,0,0,132.13900000000001,0
7,1639,13119,0,0,177.75899999999999,0
7,1640,13127,0,0,192.26900000000001,0
7,1641,13135,0,0,185.37200000000001,0
7,1642,13143,0,0,201.345,0
7,1643,13151,0,0,168.08799999999999,0
7,1644,13159,0,0,187.19900000000001,0
7,1645,13167,0,0,168.5,0
7,1646,13175,0,0,154.28999999999999,0
7,1647,13183,0,0,170.52199999999999,0
7,1648,13191,0,0,183.971,0
7,1649,13199,0,0,143.149,0
7,1650,13207,0,0,183.90600000000001,0
7,1651,13215,0,0,179.00700000000001,0
7,1652,13223,0,0,193.12100000000001,0
7,1653,13231,0,0,179.50999999999999,0
7,1654,13239,0,0,181.20699999999999,0
7,1655,13247,0,0,163.51599999999999,0
7,1656,13255,0,0,183.05500000000001,0
7,1657,13263,0,0,190.84299999999999,0
7,1658,13271,0,0,209.83199999999999,0
7,1659,13279,0,0,172.203,0
7,1660,13287,0,0,175.39599999999999,0
7,1661,13295,0,0,167.30500000000001,0
7,1662,13303,0,0,160.75299999999999,0
7,1663,13311,0,0,133.06999999999999,0
7,1664,13319,0,0,187.959,0
7,1665,13327,0,0,167.94,0
7,1666,13335,0,0,159.465,0
7,1667,13343,0,0,182.60599999999999,0
7,1668,13351,0,0,186.851,0
7,1669,13359,0,0,206.45500000000001,0
7,1670,13367,0,0,175.92599999999999,0
7,1671,13375,0,0,171.827,0
7,1672,13383,0,0,155.51400000000001,0
7,1673,13391,0,0,149.34800000000001,0
7,1674,13399,0,0,172.72999999999999,0
7,1675,13407,0,0,182.74199999999999,0
7,1676,13415,0,0,184.274,0
7,1677,13423,0,0,200.89500000000001,0
7,1678,13431,0,0,136.97,0
7,1679,13439,0,0,169.30000000000001,0
7,1680,13447,0,0,138.744,0
7,1681,13455,0,0,191.44499999999999,0
7,1682,13463,0,0,170.59999999999999,0
7,1683,13471,0,0,164.35499999999999,0
7,1684,13479,0,0,194.108,0
7,1685,13487,0,0,165.82400000000001,0
7,1686,13495,0,0,179.328,0
7,1687,13503,0,0,203.15899999999999,0
7,1688,13511,0,0,185.09399999999999,0
7,1689,13519,0,0,192.261,0
7,1690,13527,0,0,177.09200000000001,0
7,1691,13535,0,0,187.66900000000001,0
7,1692,13543,0,0,183.316,0
7,1693,13551,0,0,159.30000000000001,0
7,1694,13559,0,0,195.03100000000001,0
7,1695,13567,0,0,199.37799999999999,0
7,1696,13575,0,0,171.137,0
7,1697,13583,0,0,172.41900000000001,0
7,1698,13591,0,0,179.71600000000001,0
7,1699,13599,0,0,178.71899999999999,0
7,1700,13607,0,0,121.538,0
7,1701,13615,0,0,157.15199999999999,0
7,1702,13623,0,0,167.351,0
7,1703,13631,0,0,162.523,0
7,1704,13639,0,0,193.46199999999999,0
7,1705,13647,0,0,147.101,0
7,1706,13655,0,0,165.62100000000001,0
7,1707,13663,0,0,189.78299999999999,0
7,1708,13671,0,0,173.696,0
7,1709,13679,0,0,172.68700000000001,0
7,1710,13687,0,0,180.88300000000001,0
7,1711,13695,0,0,175.489,0
7,1712,13703,0,0,183.35499999999999,0
7,1713,13711,0,0,186.548,0
7,1714,13719,0,0,156.90700000000001,0
7,1715,13727,0,0,163.083,0
7,1716,13735,0,0,201.07599999999999,0
7,1717,13743,0,0,193.959,0
7,1718,13751,0,0,187.13,0
7,1719,13759,0,0,163.24700000000001,0
7,1720,13767,0,0,175.22200000000001,0
7,1721,13775,0,0,176.78200000000001,0
7,1722,13783,0,0,170.804,0
7,1723,13791,0,0,192.12899999999999,0
7,1724,13799,0,0,181.34200000000001,0
7,1725,13807,0,0,169.559,0
7,1726,13815,0,0,141.02199999999999,0
7,1727,13823,0,0,176.59399999999999,0
7,1728,13831,0,0,177.84,0
7,1729,13839,0,0,186.39699999999999,0
7,1730,13847,0,0,173.69900000000001,0
7,1731,13855,0,0,194.465,0
7,1732,13863,0,0,156.82400000000001,0
7,1733,13871,0,0,182.16399999999999,0
7,1734,13879,0,0,192.41,0
7,1735,13887,0,0,163.11500000000001,0
7,1736,13895,0,0,204.333,0
7,1737,13903,0,0,148.67599999999999,0
7,1738,13911,0,0,194.303,0
7,1739,13919,0,0,163.44499999999999,0
7,1740,13927,0,0,164.56100000000001,0
7,1741,13935,0,0,187.39500000000001,0
7,1742,13943,0,0,173.28200000000001,0
7,1743,13951,0,0,189.38499999999999,0
7,1744,13959,0,0,183.042,0
7,1745,13967,0,0,176.91399999999999,0
7,1746,13975,0,0,191.214,0
7,1747,13983,0,0,180.334,0
7,1748,13991,0,0,182.16900000000001,0
7,1749,13999,0,0,207.71799999999999,0
7,1750,14007,0,0,156.18700000000001,0
7,1751,14015,0,0,178.20099999999999,0
7,1752,14023,0,0,189.40199999999999,0
7,1753,14031,0,0,189.83600000000001,0
7,1754,14039,0,0,187.10499999999999,0
7,1755,14047,0,0,178.446,0
7,1756,14055,0,0,168.56999999999999,0
7,1757,14063,0,0,197.035,0
7,1758,14071,0,0,201.012,0
7,1759,14079,0,0,128.148,0
7,1760,14087,0,0,196.352,0
7,1761,14095,0,0,175.67400000000001,0
7,1762,14103,0,0,174.91200000000001,0
7,1763,14111,0,0,181.87,0
7,1764,14119,0,0,183.751,0
7,1765,14127,0,0,146.00800000000001,0
7,1766,14135,0,0,178.607,0
7,1767,14143,0,0,162.084,0
7,1768,14151,0,0,173.93600000000001,0
7,1769,14159,0,0,206.96600000000001,0
7,1770,14167,0,0,177.77799999999999,0
7,1771,14175,0,0,194.80699999999999,0
7,1772,14183,0,0,162.28299999999999,0
7,1773,14191,0,0,224.423,0
7,1774,14199,0,0,137.32900000000001,0
7,1775,14207,0,0,159.869,0
7,1776,14215,0,0,171.965,0
7,1777,14223,0,0,153.87299999999999,0
7,1778,14231,0,0,151.71600000000001,0
7,1779,14239,0,0,150.38999999999999,0
7,1780,14247,0,0,172.321,0
7,1781,7,1,0,162.60499999999999,0
7,1782,15,1,0,149.58699999999999,0
7,1783,23,1,0,182.596,0
7,1784,31,1,0,187.57900000000001,0
7,1785,39,1,0,178.50899999999999,0
7,1786,47,1,0,136.69300000000001,0
7,1787,55,1,0,180.90000000000001,0
7,1788,63,1,0,189.15199999999999,0
7,1789,71,1,0,177.71899999999999,0
7,1790,79,1,0,176.81800000000001,0
7,1791,87,1,0,136.416,0
7,1792,95,1,0,185.471,0
7,1793,103,1,0,177.047,0
7,1794,111,1,0,160.58500000000001,0
7,1795,119,1,0,157.874,0
7,1796,127,1,0,182.37700000000001,0
7,1797,135,1,0,194.55500000000001,0
7,1798,143,1,0,176.60900000000001,0
7,1799,151,1,0,197.32400000000001,0
7,1800,159,1,0,170.07599999999999,0
7,1801,167,1,0,175.13399999999999,0
7,1802,175,1,0,183.10599999999999,0
7,1803,183,1,0,171.14400000000001,0
7,1804,191,1,0,149.416,0
7,1805,199,1,0,202.37700000000001,0
7,1806,207,1,0,156.56399999999999,0
7,1807,215,1,0,164.56999999999999,0
7,1808,223,1,0,173.31700000000001,0
7,1809,231,1,0,164.601,0
7,1810,239,1,0,193.93799999999999,0
7,1811,247,1,0,163.54300000000001,0
7,1812,255,1,0,171.881,0
7,1813,263,1,0,171.83799999999999,0
7,1814,271,1,0,173.00899999999999,0
7,1815,279,1,0,146.78399999999999,0
7,1816,287,1,0,179.81999999999999,0
7,1817,295,1,0,172.703,0
7,1818,303,1,0,142.96799999999999,0
7,1819,311,1,0,186.02600000000001,0
7,1820,319,1,0,155.24299999999999,0
7,1821,327,1,0,175.18100000000001,0
7,1822,335,1,0,149.98599999999999,0
7,1823,343,1,0,170.69399999999999,0
7,1824,351,1,0,139.71299999999999,0
7,1825,359,1,0,173.55500000000001,0
7,1826,367,1,0,168.49100000000001,0
7,1827,375,1,0,145.92500000000001,0
7,1828,383,1,0,182.863,0
7,1829,391,1,0,157.28200000000001,0
7,1830,399,1,0,201.18100000000001,0
7,1831,407,1,0,169.24100000000001,0
7,1832,415,1,0,159.786,0
7,1833,423,1,0,171.06299999999999,0
7,1834,431,1,0,190.892,0
7,1835,439,1,0,210.40600000000001,0
7,1836,447,1,0,171.06700000000001,0
7,1837,455,1,0,194.15700000000001,0
7,1838,463,1,0,138.88800000000001,0
7,1839,471,1,0,183.18899999999999,0
7,1840,479,1,0,124.072,0
7,1841,487,1,0,185.489,0
7,1842,495,1,0,172.93100000000001,0
7,1843,503,1,0,156.792,0
7,1844,511,1,0,180.12,0
7,1845,519,1,0,143.65899999999999,0
7,1846,527,1,0,178.78200000000001,0
7,1847,535,1,0,179.45400000000001,0
7,1848,543,1,0,154.148,0
7,1849,551,1,0,189.18199999999999,0
7,1850,559,1,0,193.25999999999999,0
7,1851,567,1,0,180.375,0
7,1852,575,1,0,185.524,0
7,1853,583,1,0,196.017,0
7,1854,591,1,0,129.11699999999999,0
7,1855,599,1,0,194.00200000000001,0
7,1856,607,1,0,189.553,0
7,1857,615,1,0,158.22499999999999,0
7,1858,623,1,0,202.85599999999999,0
7,1859,631,1,0,187.09,0
7,1860,639,1,0,165.31399999999999,0
7,1861,647,1,0,185.53999999999999,0
7,1862,655,1,0,179.715,0
7,1863,663,1,0,142.38800000000001,0
7,1864,671,1,0,195.76499999999999,0
7,1865,679,1,0,153.995,0
7,1866,687,1,0,179.233,0
7,1867,695,1,0,161.36500000000001,0
7,1868,703,1,0,154.68299999999999,0
7,1869,711,1,0,191.215,0
7,1870,719,1,0,169.536,0
7,1871,727,1,0,168.71700000000001,0
7,1872,735,1,0,174.78700000000001,0
7,1873,743,1,0,210.048,0
7,1874,751,1,0,144.72300000000001,0
7,1875,759,1,0,190.82599999999999,0
7,1876,767,1,0,179.744,0
7,1877,775,1,0,176.55600000000001,0
7,1878,783,1,0,162.928,0
7,1879,791,1,0,154.30600000000001,0
7,1880,799,1,0,174.47300000000001,0
7,1881,807,1,0,170.261,0
7,1882,815,1,0,183.739,0
7,1883,823,1,0,174.251,0
7,1884,831,1,0,179.97399999999999,0
7,1885,839,1,0,181.43899999999999,0
7,1886,847,1,0,198.239,0
7,1887,855,1,0,179.67099999999999,0
7,1888,863,1,0,181.55500000000001,0
7,1889,871,1,0,174.91900000000001,0
7,1890,879,1,0,123.938,0
7,1891,887,1,0,137.25399999999999,0
7,1892,895,1,0,179.39699999999999,0
7,1893,903,1,0,190.797,0
7,1894,911,1,0,141.672,0
7,1895,919,1,0,176.37100000000001,0
7,1896,927,1,0,151.40100000000001,0
7,1897,935,1,0,139.09100000000001,0
7,1898,943,1,0,192.96700000000001,0
7,1899,951,1,0,186.92500000000001,0
7,1900,959,1,0,187.65299999999999,0
7,1901,967,1,0,174.91300000000001,0
7,1902,975,1,0,134.05099999999999,0
7,1903,983,1,0,189.36099999999999,0
7,1904,991,1,0,195.547,0
7,1905,999,1,0,198.94300000000001,0
7,1906,1007,1,0,158.298,0
7,1907,1015,1,0,184.48500000000001,0
7,1908,1023,1,0,163.13300000000001,0
7,1909,1031,1,0,180.97,0
7,1910,1039,1,0,180.76300000000001,0
7,1911,1047,1,0,172.167,0
7,1912,1055,1,0,184.09700000000001,0
7,1913,1063,1,0,146.95699999999999,0
7,1914,1071,1,0,187.79599999999999,0
7,1915,1079,1,0,178.88900000000001,0
7,1916,1087,1,0,157.375,0
7,1917,1095,1,0,131.21700000000001,0
7,1918,1103,1,0,158.80699999999999,0
7,1919,1111,1,0,178.749,0
7,1920,1119,1,0,180.261,0
7,1921,1127,1,0,185.33099999999999,0
7,1922,1135,1,0,204.11199999999999,0
7,1923,1143,1,0,172.74100000000001,0
7,1924,1151,1,0,183.36699999999999,0
7,1925,1159,1,0,189.416,0
7,1926,1167,1,0,172.50200000000001,0
7,1927,1175,1,0,150.501,0
7,1928,1183,1,0,153.32900000000001,0
7,1929,1191,1,0,136.815,0
7,1930,1199,1,0,163.86699999999999,0
7,1931,1207,1,0,186.751,0
7,1932,1215,1,0,156.32400000000001,0
7,1933,1223,1,0,158.33699999999999,0
7,1934,1231,1,0,171.625,0
7,1935,1239,1,0,195.404,0
7,1936,1247,1,0,155.119,0
7,1937,1255,1,0,209.71000000000001,0
7,1938,1263,1,0,162.87899999999999,0
7,1939,1271,1,0,135.23599999999999,0
7,1940,1279,1,0,183.03299999999999,0
7,1941,1287,1,0,177.661,0
7,1942,1295,1,0,230.75200000000001,0
7,1943,1303,1,0,164.12299999999999,0
7,1944,1311,1,0,185.26900000000001,0
7,1945,1319,1,0,172.208,0
7,1946,1327,1,0,195.59200000000001,0
7,1947,1335,1,0,149.27699999999999,0
7,1948,1343,1,0,156.54300000000001,0
7,1949,1351,1,0,169.29900000000001,0
7,1950,1359,1,0,187.38300000000001,0
7,1951,1367,1,0,178.11199999999999,0
7,1952,1375,1,0,135.376,0
7,1953,1383,1,0,188.93299999999999,0
7,1954,1391,1,0,137.53,0
7,1955,1399,1,0,195.453,0
7,1956,1407,1,0,165.547,0
7,1957,1415,1,0,181.249,0
7,1958,1423,1,0,173.94399999999999,0
7,1959,1431,1,0,165.92500000000001,0
7,1960,1439,1,0,171.089,0
7,1961,1447,1,0,211.852,0
7,1962,1455,1,0,171.708,0
7,1963,1463,1,0,192.822,0
7,1964,1471,1,0,200.22200000000001,0
7,1965,1479,1,0,141.47900000000001,0
7,1966,1487,1,0,178.71700000000001,0
7,1967,1495,1,0,161.88999999999999,0
7,1968,1503,1,0,168.404,0
7,1969,1511,1,0,181.63300000000001,0
7,1970,1519,1,0,191.708,0
7,1971,1527,1,0,133.74600000000001,0
7,1972,1535,1,0,204.07400000000001,0
7,1973,1543,1,0,188.43000000000001,0
7,1974,1551,1,0,173.995,0
7,1975,1559,1,0,188.322,0
7,1976,1567,1,0,184.768,0
7,1977,1575,1,0,146.61799999999999,0
7,1978,1583,1,0,166.68299999999999,0
7,1979,1591,1,0,172.09,0
7,1980,1599,1,0,140.06299999999999,0
7,1981,1607,1,0,167.791,0
7,1982,1615,1,0,189.45400000000001,0
7,1983,1623,1,0,139.93700000000001,0
7,1984,1631,1,0,159.679,0
7,1985,1639,1,0,160.54599999999999,0
7,1986,1647,1,0,183.61199999999999,0
7,1987,1655,1,0,198.18600000000001,0
7,1988,1663,1,0,157.74299999999999,0
7,1989,1671,1,0,173.21199999999999,0
7,1990,1679,1,0,185.65299999999999,0
7,1991,1687,1,0,181.846,0
7,1992,1695,1,0,176.08099999999999,0
7,1993,1703,1,0,165.05199999999999,0
7,1994,1711,1,0,182.18100000000001,0
7,1995,1719,1,0,151.38300000000001,0
7,1996,1727,1,0,167.88,0
7,1997,1735,1,0,190.36199999999999,0
7,1998,1743,1,0,123.873,0
7,1999,1751,1,0,149.19399999999999,0
7,2000,1759,1,0,167.34200000000001,0
7,2001,1767,1,0,153.84399999999999,0
7,2002,1775,1,0,123.31999999999999,0
7,2003,1783,1,0,158.02799999999999,0
7,2004,1791,1,0,144.006,0
7,2005,1799,1,0,132.81399999999999,0
7,2006,1807,1,0,146.64599999999999,0
7,2007,1815,1,0,175.149,0
7,2008,1823,1,0,178.952,0
7,2009,1831,1,0,201.11199999999999,0
7,2010,1839,1,0,147.57599999999999,0
7,2011,1847,1,0,160.14099999999999,0
7,2012,1855,1,0,193.44200000000001,0
7,2013,1863,1,0,181.44900000000001,0
7,2014,1871,1,0,210.28399999999999,0
7,2015,1879,1,0,148.60900000000001,0
7,2016,1887,1,0,166.322,0
7,2017,1895,1,0,128.535,0
7,2018,1903,1,0,178.834,0
7,2019,1911,1,0,179.04300000000001,0
7,2020,1919,1,0,123.233,0
7,2021,1927,1,0,140.15199999999999,0
7,2022,1935,1,0,163.82599999999999,0
7,2023,1943,1,0,202.249,0
7,2024,1951,1,0,228.65600000000001,0
7,2025,1959,1,0,147.827,0
7,2026,1967,1,0,132.31800000000001,0
7,2027,1975,1,0,221.37100000000001,0
7,2028,1983,1,0,188.167,0
7,2029,1991,1,0,201.47200000000001,0
7,2030,1999,1,0,157.17500000000001,0
7,2031,2007,1,0,205.71899999999999,0
7,2032,2015,1,0,191.40000000000001,0
7,2033,2023,1,0,207.946,0
7,2034,2031,1,0,193.899,0
7,2035,2039,1,0,186.98400000000001,0
7,2036,2047,1,0,134.37,0
7,2037,2055,1,0,188.40199999999999,0
7,2038,2063,1,0,131.01599999999999,0
7,2039,2071,1,0,194.52199999999999,0
7,2040,2079,1,0,190.15299999999999,0
7,2041,2087,1,0,155.35400000000001,0
7,2042,2095,1,0,172.33199999999999,0
7,2043,2103,1,0,157.30500000000001,0
7,2044,2111,1,0,187.83799999999999,0
7,2045,2119,1,0,177.834,0
7,2046,2127,1,0,149.43100000000001,0
7,2047,2135,1,0,171.36099999999999,0
7,2048,2143,1,0,186.88399999999999,0
7,2049,2151,1,0,150.15299999999999,0
7,2050,2159,1,0,145.905,0
7,2051,2167,1,0,193.68100000000001,0
7,2052,2175,1,0,171.86699999999999,0
7,2053,2183,1,0,177.74199999999999,0
7,2054,2191,1,0,167.953,0
7,2055,2199,1,0,190.78399999999999,0
7,2056,2207,1,0,148.94499999999999,0
7,2057,2215,1,0,185.631,0
7,2058,2223,1,0,161.053,0
7,2059,2231,1,0,188.541,0
7,2060,2239,1,0,179.84,0
7,2061,2247,1,0,188.476,0
7,2062,2255,1,0,173.20699999999999,0
7,2063,2263,1,0,151.547,0
7,2064,2271,1,0,156.84399999999999,0
7,2065,2279,1,0,198.376,0
7,2066,2287,1,0,185.75800000000001,0
7,2067,2295,1,0,181.631,0
7,2068,2303,1,0,175.447,0
7,2069,2311,1,0,176.82900000000001,0
7,2070,2319,1,0,183.40600000000001,0
7,2071,2327,1,0,190.90000000000001,0
7,2072,2335,1,0,187.86600000000001,0
7,2073,2343,1,0,174.22999999999999,0
7,2074,2351,1,0,173.566,0
7,2075,2359,1,0,218.32599999999999,0
7,2076,2367,1,0,160.92599999999999,0
7,2077,2375,1,0,136.53399999999999,0
7,2078,2383,1,0,149.077,0
7,2079,2391,1,0,201.56800000000001,0
7,2080,2399,1,0,169.322,0
7,2081,2407,1,0,189.477,0
7,2082,2415,1,0,176.512,0
7,2083,2423,1,0,177.49600000000001,0
7,2084,2431,1,0,188.268,0
7,2085,2439,1,0,195.25,0
7,2086,2447,1,0,146.29300000000001,0
7,2087,2455,1,0,179.55500000000001,0
7,2088,2463,1,0,198.00399999999999,0
7,2089,2471,1,0,152.01300000000001,0
7,2090,2479,1,0,164.99600000000001,0
7,2091,2487,1,0,175.19999999999999,0
7,2092,2495,1,0,150.95500000000001,0
7,2093,2503,1,0,186.59299999999999,0
7,2094,2511,1,0,191.64099999999999,0
7,2095,2519,1,0,190.09399999999999,0
7,2096,2527,1,0,176.357,0
7,2097,2535,1,0,152.827,0
7,2098,2543,1,0,174.667,0
7,2099,2551,1,0,173.702,0
7,2100,2559,1,0,217.48099999999999,0
7,2101,2567,1,0,188.65000000000001,0
7,2102,2575,1,0,164.31100000000001,0
7,2103,2583,1,0,159.483,0
7,2104,2591,1,0,174.67599999999999,0
7,2105,2599,1,0,178.97999999999999,0
7,2106,2607,1,0,197.452,0
7,2107,2615,1,0,186.357,0
7,2108,2623,1,0,129.27199999999999,0
7,2109,2631,1,0,177.89699999999999,0
7,2110,2639,1,0,153.34899999999999,0
7,2111,2647,1,0,171.083,0
7,2112,2655,1,0,214.75800000000001,0
7,2113,2663,1,0,189.952,0
7,2114,2671,1,0,176.745,0
7,2115,2679,1,0,191.97499999999999,0
7,2116,2687,1,0,115.776,0
7,2117,2695,1,0,171.58199999999999,0
7,2118,2703,1,0,176.31899999999999,0
7,2119,2711,1,0,185.36000000000001,0
7,2120,2719,1,0,148.636,0
7,2121,2727,1,0,148.874,0
7,2122,2735,1,0,164.691,0
7,2123,2743,1,0,167.21199999999999,0
7,2124,2751,1,0,204.995,0
7,2125,2759,1,0,171.39699999999999,0
7,2126,2767,1,0,189.61099999999999,0
7,2127,2775,1,0,177.62100000000001,0
7,2128,2783,1,0,180.30699999999999,0
7,2129,2791,1,0,209.15899999999999,0
7,2130,2799,1,0,188.65199999999999,0
7,2131,2807,1,0,193.81999999999999,0
7,2132,2815,1,0,179.96299999999999,0
7,2133,2823,1,0,169.25,0
7,2134,2831,1,0,181.27199999999999,0
7,2135,2839,1,0,174.64699999999999,0
7,2136,2847,1,0,140.88300000000001,0
7,2137,2855,1,0,173.53899999999999,0
7,2138,2863,1,0,183.40299999999999,0
7,2139,2871,1,0,139.749,0
7,2140,2879,1,0,181.44399999999999,0
7,2141,2887,1,0,164.75999999999999,0
7,2142,2895,1,0,195.964,0
7,2143,2903,1,0,162.84200000000001,0
7,2144,2911,1,0,181.72200000000001,0
7,2145,2919,1,0,149.16399999999999,0
7,2146,2927,1,0,214.84200000000001,0
7,2147,2935,1,0,169.74299999999999,0
7,2148,2943,1,0,156.42400000000001,0
7,2149,2951,1,0,159.54599999999999,0
7,2150,2959,1,0,181.25399999999999,0
7,2151,2967,1,0,183.23099999999999,0
7,2152,2975,1,0,160.59800000000001,0
7,2153,2983,1,0,185.12200000000001,0
7,2154,2991,1,0,187.40899999999999,0
7,2155,2999,1,0,160.91900000000001,0
7,2156,3007,1,0,131.36000000000001,0
7,2157,3015,1,0,180.88499999999999,0
7,2158,3023,1,0,154.43199999999999,0
7,2159,3031,1,0,184.99299999999999,0
7,2160,3039,1,0,206.738,0
7,2161,3047,1,0,203.37200000000001,0
7,2162,3055,1,0,191.85499999999999,0
7,2163,3063,1,0,142.50800000000001,0
7,2164,3071,1,0,181.20400000000001,0
7,2165,3079,1,0,192.02500000000001,0
7,2166,3087,1,0,174.70599999999999,0
7,2167,3095,1,0,185.90700000000001,0
7,2168,3103,1,0,190.167,0
7,2169,3111,1,0,153.661,0
7,2170,3119,1,0,175.501,0
7,2171,3127,1,0,197.33799999999999,0
7,2172,3135,1,0,169.08099999999999,0
7,2173,3143,1,0,153.60599999999999,0
7,2174,3151,1,0,191.53399999999999,0
7,2175,3159,1,0,208.02099999999999,0
7,2176,3167,1,0,201.86799999999999,0
7,2177,3175,1,0,167.31100000000001,0
7,2178,3183,1,0,178.23099999999999,0
7,2179,3191,1,0,198.61000000000001,0
7,2180,3199,1,0,165.744,0
7,2181,3207,1,0,151.33699999999999,0
7,2182,3215,1,0,193.81200000000001,0
7,2183,3223,1,0,190.25299999999999,0
7,2184,3231,1,0,179.08699999999999,0
7,2185,3239,1,0,178.78899999999999,0
7,2186,3247,1,0,177.36799999999999,0
7,2187,3255,1,0,187.51499999999999,0
7,2188,3263,1,0,191.44399999999999,0
7,2189,3271,1,0,171.14400000000001,0
7,2190,3279,1,0,196.97399999999999,0
7,2191,3287,1,0,177.58799999999999,0
7,2192,3295,1,0,180.125,0
7,2193,3303,1,0,152.15700000000001,0
7,2194,3311,1,0,186.96899999999999,0
7,2195,3319,1,0,154.22800000000001,0
7,2196,3327,1,0,212.70699999999999,0
7,2197,3335,1,0,155.74600000000001,0
7,2198,3343,1,0,192.22200000000001,0
7,2199,3351,1,0,185.96600000000001,0
7,2200,3359,1,0,193.02099999999999,0
7,2201,3367,1,0,152.012,0
7,2202,3375,1,0,196.69800000000001,0
7,2203,3383,1,0,161.83199999999999,0
7,2204,3391,1,0,161.24700000000001,0
7,2205,3399,1,0,174.53700000000001,0
7,2206,3407,1,0,178.61699999999999,0
7,2207,3415,1,0,197.29499999999999,0
7,2208,3423,1,0,147.17400000000001,0
7,2209,3431,1,0,196.50700000000001,0
7,2210,3439,1,0,181.416,0
7,2211,3447,1,0,172.464,0
7,2212,3455,1,0,152.53700000000001,0
7,2213,3463,1,0,188.06399999999999,0
7,2214,3471,1,0,175.535,0
7,2215,3479,1,0,167.74100000000001,0
7,2216,3487,1,0,219.96799999999999,0
7,2217,3495,1,0,182.34200000000001,0
7,2218,3503,1,0,186.102,0
7,2219,3511,1,0,165.40199999999999,0
7,2220,3519,1,0,180.679,0
7,2221,3527,1,0,160.19800000000001,0
7,2222,3535,1,0,186.80000000000001,0
7,2223,3543,1,0,181.24199999999999,0
7,2224,3551,1,0,179.97800000000001,0
7,2225,3559,1,0,143.375,0
7,2226,3567,1,0,157.94900000000001,0
7,2227,3575,1,0,186.029,0
7,2228,3583,1,0,192.209,0
7,2229,3591,1,0,194.60900000000001,0
7,2230,3599,1,0,172.02199999999999,0
7,2231,3607,1,0,198.06100000000001,0
7,2232,3615,1,0,167.63999999999999,0
7,2233,3623,1,0,199.15600000000001,0
7,2234,3631,1,0,185.78100000000001,0
7,2235,3639,1,0,192.14400000000001,0
7,2236,3647,1,0,170.07300000000001,0
7,2237,3655,1,0,193.00700000000001,0
7,2238,3663,1,0,157.667,0
7,2239,3671,1,0,148.94399999999999,0
7,2240,3679,1,0,187.93299999999999,0
7,2241,3687,1,0,171.39500000000001,0
7,2242,3695,1,0,193.857,0
7,2243,3703,1,0,189.255,0
7,2244,3711,1,0,172.827,0
7,2245,3719,1,0,176.29400000000001,0
7,2246,3727,1,0,172.65299999999999,0
7,2247,3735,1,0,182.62,0
7,2248,3743,1,0,180.11500000000001,0
7,2249,3751,1,0,180.03700000000001,0
7,2250,3759,1,0,171.86799999999999,0
7,2251,3767,1,0,200.94900000000001,0
7,2252,3775,1,0,179.02600000000001,0
7,2253,3783,1,0,158.05600000000001,0
7,2254,3791,1,0,180.501,0
7,2255,3799,1,0,142.249,0
7,2256,3807,1,0,176.43899999999999,0
7,2257,3815,1,0,124.339,0
7,2258,3823,1,0,138.03399999999999,0
7,2259,3831,1,0,125.756,0
7,2260,3839,1,0,165.59800000000001,0
7,2261,3847,1,0,192.91399999999999,0
7,2262,3855,1,0,148.24100000000001,0
7,2263,3863,1,0,182.87799999999999,0
7,2264,3871,1,0,160.73599999999999,0
7,2265,3879,1,0,160.619,0
7,2266,3887,1,0,201.80699999999999,0
7,2267,3895,1,0,166.709,0
7,2268,3903,1,0,164.328,0
7,2269,3911,1,0,166.94499999999999,0
7,2270,3919,1,0,157.05000000000001,0
7,2271,3927,1,0,172.35499999999999,0
7,2272,3935,1,0,190.559,0
7,2273,3943,1,0,150.762,0
7,2274,3951,1,0,158.374,0
7,2275,3959,1,0,143.505,0
7,2276,3967,1,0,178.40299999999999,0
7,2277,3975,1,0,198.245,0
7,2278,3983,1,0,209.93100000000001,0
7,2279,3991,1,0,172.83500000000001,0
7,2280,3999,1,0,187.636,0
7,2281,4007,1,0,187.50800000000001,0
7,2282,4015,1,0,169.87700000000001,0
7,2283,4023,1,0,188.15000000000001,0
7,2284,4031,1,0,152.053,0
7,2285,4039,1,0,152.60599999999999,0
7,2286,4047,1,0,181.54300000000001,0
7,2287,4055,1,0,169.53200000000001,0
7,2288,4063,1,0,176.42599999999999,0
7,2289,4071,1,0,164.47900000000001,0
7,2290,4079,1,0,185.23400000000001,0
7,2291,4087,1,0,163.035,0
7,2292,4095,1,0,161.654,0
7,2293,4103,1,0,182.69399999999999,0
7,2294,4111,1,0,195.42500000000001,0
7,2295,4119,1,0,148.09999999999999,0
7,2296,4127,1,0,158.59200000000001,0
7,2297,4135,1,0,174.93199999999999,0
7,2298,4143,1,0,151.834,0
7,2299,4151,1,0,159.886,0
7,2300,4159,1,0,146.88399999999999,0
7,2301,4167,1,0,172.17599999999999,0
7,2302,4175,1,0,196.66399999999999,0
7,2303,4183,1,0,179.26599999999999,0
7,2304,4191,1,0,160.898,0
7,2305,4199,1,0,199.10400000000001,0
7,2306,4207,1,0,198.38499999999999,0
7,2307,4215,1,0,210.749,0
7,2308,4223,1,0,172.18799999999999,0
7,2309,4231,1,0,178.21100000000001,0
7,2310,4239,1,0,189.28299999999999,0
7,2311,4247,1,0,152.43799999999999,0
7,2312,4255,1,0,182.298,0
7,2313,4263,1,0,151.86099999999999,0
7,2314,4271,1,0,164.78,0
7,2315,4279,1,0,179.905,0
7,2316,4287,1,0,183.08600000000001,0
7,2317,4295,1,0,186.79400000000001,0
7,2318,4303,1,0,194.834,0
7,2319,4311,1,0,185.672,0
7,2320,4319,1,0,168.59399999999999,0
7,2321,4327,1,0,232.03700000000001,0
7,2322,4335,1,0,221.72499999999999,0
7,2323,4343,1,0,181.02799999999999,0
7,2324,4351,1,0,150.33600000000001,0
7,2325,4359,1,0,187.22999999999999,0
7,2326,4367,1,0,172.95400000000001,0
7,2327,4375,1,0,202.85599999999999,0
7,2328,4383,1,0,176.12899999999999,0
7,2329,4391,1,0,187.43799999999999,0
7,2330,4399,1,0,192.249,0
7,2331,4407,1,0,167.44999999999999,0
7,2332,4415,1,0,189.495,0
7,2333,4423,1,0,183.78899999999999,0
7,2334,4431,1,0,171.607,0
7,2335,4439,1,0,186.55500000000001,0
7,2336,4447,1,0,184.042,0
7,2337,4455,1,0,199.958,0
7,2338,4463,1,0,186.911,0
7,2339,4471,1,0,181.21199999999999,0
7,2340,4479,1,0,206.81700000000001,0
7,2341,4487,1,0,153.40199999999999,0
7,2342,4495,1,0,181.74000000000001,0
7,2343,4503,1,0,183.892,0
7,2344,4511,1,0,180.62,0
7,2345,4519,1,0,178.06800000000001,0
7,2346,4527,1,0,183.44900000000001,0
7,2347,4535,1,0,167.255,0
7,2348,4543,1,0,154.35599999999999,0
7,2349,4551,1,0,175.48500000000001,0
7,2350,4559,1,0,157.46700000000001,0
7,2351,4567,1,0,181.97999999999999,0
7,2352,4575,1,0,202.78,0
7,2353,4583,1,0,193.22999999999999,0
7,2354,4591,1,0,184.47,0
7,2355,4599,1,0,208.86099999999999,0
7,2356,4607,1,0,186.68000000000001,0
7,2357,4615,1,0,177.72399999999999,0
7,2358,4623,1,0,127.70999999999999,0
7,2359,4631,1,0,166.63300000000001,0
7,2360,4639,1,0,143.30099999999999,0
7,2361,4647,1,0,159.35400000000001,0
7,2362,4655,1,0,194.36799999999999,0
7,2363,4663,1,0,173.185,0
7,2364,4671,1,0,220.291,0
7,2365,4679,1,0,195.08000000000001,0
7,2366,4687,1,0,185.66300000000001,0
7,2367,4695,1,0,192.82900000000001,0
7,2368,4703,1,0,177.345,0
7,2369,4711,1,0,148.15899999999999,0
7,2370,4719,1,0,188.876,0
7,2371,4727,1,0,175.33500000000001,0
7,2372,4735,1,0,156.22200000000001,0
7,2373,4743,1,0,145.98400000000001,0
7,2374,4751,1,0,185.72,0
7,2375,4759,1,0,202.48599999999999,0
7,2376,4767,1,0,200.364,0
7,2377,4775,1,0,179.738,0
7,2378,4783,1,0,179.96700000000001,0
7,2379,4791,1,0,171.63399999999999,0
7,2380,4799,1,0,154.846,0
7,2381,4807,1,0,162.64599999999999,0
7,2382,4815,1,0,196.77699999999999,0
7,2383,4823,1,0,178.935,0
7,2384,4831,1,0,192.751,0
7,2385,4839,1,0,118.84099999999999,0
7,2386,4847,1,0,137.09899999999999,0
7,2387,4855,1,0,127.694,0
7,2388,4863,1,0,177.06800000000001,0
7,2389,4871,1,0,184.327,0
7,2390,4879,1,0,188.374,0
7,2391,4887,1,0,163.43199999999999,0
7,2392,4895,1,0,181.00800000000001,0
7,2393,4903,1,0,185.30699999999999,0
7,2394,4911,1,0,182.65299999999999,0
7,2395,4919,1,0,128.90000000000001,0
7,2396,4927,1,0,194.34200000000001,0
7,2397,4935,1,0,145.39400000000001,0
7,2398,4943,1,0,195.53899999999999,0
7,2399,4951,1,0,158.73599999999999,0
7,2400,4959,1,0,168.05099999999999,0
7,2401,4967,1,0,176.67500000000001,0
7,2402,4975,1,0,186.65600000000001,0
7,2403,4983,1,0,172.31200000000001,0
7,2404,4991,1,0,182.86600000000001,0
7,2405,4999,1,0,178.77099999999999,0
7,2406,5007,1,0,155.30199999999999,0
7,2407,5015,1,0,192.107,0
7,2408,5023,1,0,173.14400000000001,0
7,2409,5031,1,0,178.685,0
7,2410,5039,1,0,180.36600000000001,0
7,2411,5047,1,0,183.00700000000001,0
7,2412,5055,1,0,175.71799999999999,0
7,2413,5063,1,0,173.172,0
7,2414,5071,1,0,195.441,0
7,2415,5079,1,0,177.161,0
7,2416,5087,1,0,164.82499999999999,0
7,2417,5095,1,0,143.22200000000001,0
7,2418,5103,1,0,197.12799999999999,0
7,2419,5111,1,0,178.38900000000001,0
7,2420,5119,1,0,185.72200000000001,0
7,2421,5127,1,0,184.56800000000001,0
7,2422,5135,1,0,164.69399999999999,0
7,2423,5143,1,0,199.03100000000001,0
7,2424,5151,1,0,168.00200000000001,0
7,2425,5159,1,0,171.62,0
7,2426,5167,1,0,152.53800000000001,0
7,2427,5175,1,0,145.761,0
7,2428,5183,1,0,188.995,0
7,2429,5191,1,0,148.191,0
7,2430,5199,1,0,188.51499999999999,0
7,2431,5207,1,0,164.774,0
7,2432,5215,1,0,200.79599999999999,0
7,2433,5223,1,0,173.678,0
7,2434,5231,1,0,165.21799999999999,0
7,2435,5239,1,0,180.346,0
7,2436,5247,1,0,193.55500000000001,0
7,2437,5255,1,0,176.88,0
7,2438,5263,1,0,157.13499999999999,0
7,2439,5271,1,0,188.42500000000001,0
7,2440,5279,1,0,191.73400000000001,0
7,2441,5287,1,0,163.29599999999999,0
7,2442,5295,1,0,190.43199999999999,0
7,2443,5303,1,0,140.351,0
7,2444,5311,1,0,170.44300000000001,0
7,2445,5319,1,0,196.27600000000001,0
7,2446,5327,1,0,191.39400000000001,0
7,2447,5335,1,0,174.91399999999999,0
7,2448,5343,1,0,196.05600000000001,0
7,2449,5351,1,0,181.464,0
7,2450,5359,1,0,217.27199999999999,0
7,2451,5367,1,0,191.93799999999999,0
7,2452,5375,1,0,156.42500000000001,0
7,2453,5383,1,0,153.38900000000001,0
7,2454,5391,1,0,195.69,0
7,2455,5399,1,0,158.33699999999999,0
7,2456,5407,1,0,177.291,0
7,2457,5415,1,0,190.863,0
7,2458,5423,1,0,195.30699999999999,0
7,2459,5431,1,0,197.755,0
7,2460,5439,1,0,146.66399999999999,0
7,2461,5447,1,0,192.59,0
7,2462,5455,1,0,165.935,0
7,2463,5463,1,0,138.101,0
7,2464,5471,1,0,195.89400000000001,0
7,2465,5479,1,0,153.947,0
7,2466,5487,1,0,151.167,0
7,2467,5495,1,0,191.68700000000001,0
7,2468,5503,1,0,161.65199999999999,0
7,2469,5511,1,0,211.583,0
7,2470,5519,1,0,186.601,0
7,2471,5527,1,0,176.75800000000001,0
7,2472,5535,1,0,159.11799999999999,0
7,2473,5543,1,0,139.43799999999999,0
7,2474,5551,1,0,206.08600000000001,0
7,2475,5559,1,0,186.84899999999999,0
7,2476,5567,1,0,192.06800000000001,0
7,2477,5575,1,0,156.59999999999999,0
7,2478,5583,1,0,159.95400000000001,0
7,2479,5591,1,0,178.56399999999999,0
7,2480,5599,1,0,172.50200000000001,0
7,2481,5607,1,0,175.846,0
7,2482,5615,1,0,159.72499999999999,0
7,2483,5623,1,0,140.77799999999999,0
7,2484,5631,1,0,164.376,0
7,2485,5639,1,0,164.84700000000001,0
7,2486,5647,1,0,180.06200000000001,0
7,2487,5655,1,0,191.27500000000001,0
7,2488,5663,1,0,166.41,0
7,2489,5671,1,0,165.881,0
7,2490,5679,1,0,192.411,0
7,2491,5687,1,0,190.892,0
7,2492,5695,1,0,192.303,0
7,2493,5703,1,0,177.499,0
7,2494,5711,1,0,149.33500000000001,0
7,2495,5719,1,0,166.33099999999999,0
7,2496,5727,1,0,155.56899999999999,0
7,2497,5735,1,0,190.316,0
7,2498,5743,1,0,182.239,0
7,2499,5751,1,0,165.86799999999999,0
7,2500,5759,1,0,149.512,0
7,2501,5767,1,0,156.91399999999999,0
7,2502,5775,1,0,184.11099999999999,0
7,2503,5783,1,0,183.78700000000001,0
7,2504,5791,1,0,162.804,0
7,2505,5799,1,0,178.339,0
7,2506,5807,1,0,179.99799999999999,0
7,2507,5815,1,0,187.87899999999999,0
7,2508,5823,1,0,195.94399999999999,0
7,2509,5831,1,0,190.202,0
7,2510,5839,1,0,192.57300000000001,0
7,2511,5847,1,0,173.90600000000001,0
7,2512,5855,1,0,190.315,0
7,2513,5863,1,0,171.40100000000001,0
7,2514,5871,1,0,165.76400000000001,0
7,2515,5879,1,0,179.93600000000001,0
7,2516,5887,1,0,161.05199999999999,0
7,2517,5895,1,0,188.136,0
7,2518,5903,1,0,173.24600000000001,0
7,2519,5911,1,0,180.233,0
7,2520,5919,1,0,192.096,0
7,2521,5927,1,0,150.04499999999999,0
7,2522,5935,1,0,184.196,0
7,2523,5943,1,0,177.47399999999999,0
7,2524,5951,1,0,197.81299999999999,0
7,2525,5959,1,0,147.44900000000001,0
7,2526,5967,1,0,162.125,0
7,2527,5975,1,0,194.92400000000001,0
7,2528,5983,1,0,172.49299999999999,0
7,2529,5991,1,0,164.49000000000001,0
7,2530,5999,1,0,150.25700000000001,0
7,2531,6007,1,0,173.96299999999999,0
7,2532,6015,1,0,176.161,0
7,2533,6023,1,0,156.804,0
7,2534,6031,1,0,154.511,0
7,2535,6039,1,0,212.197,0
7,2536,6047,1,0,176.803,0
7,2537,6055,1,0,185.858,0
7,2538,6063,1,0,168.43000000000001,0
7,2539,6071,1,0,181.14699999999999,0
7,2540,6079,1,0,184.655,0
7,2541,6087,1,0,161.39400000000001,0
7,2542,6095,1,0,144.80000000000001,0
7,2543,6103,1,0,155.334,0
7,2544,6111,1,0,192.245,0
7,2545,6119,1,0,141.422,0
7,2546,6127,1,0,170.87700000000001,0
7,2547,6135,1,0,170.03899999999999,0
7,2548,6143,1,0,194.95500000000001,0
7,2549,6151,1,0,186.07499999999999,0
7,2550,6159,1,0,164.11000000000001,0
7,2551,6167,1,0,185.03399999999999,0
7,2552,6175,1,0,190.643,0
7,2553,6183,1,0,196.41800000000001,0
7,2554,6191,1,0,181.23500000000001,0
7,2555,6199,1,0,201.66999999999999,0
7,2556,6207,1,0,164.25999999999999,0
7,2557,6215,1,0,178.52099999999999,0
7,2558,6223,1,0,191.37799999999999,0
7,2559,6231,1,0,130.239,0
7,2560,6239,1,0,176.208,0
7,2561,6247,1,0,159.739,0
7,2562,6255,1,0,146.52799999999999,0
7,2563,6263,1,0,146.09200000000001,0
7,2564,6271,1,0,176.886,0
7,2565,6279,1,0,193.465,0
7,2566,6287,1,0,179.40100000000001,0
7,2567,6295,1,0,193.60900000000001,0
7,2568,6303,1,0,192.34399999999999,0
7,2569,6311,1,0,170.77500000000001,0
7,2570,6319,1,0,168.63999999999999,0
7,2571,6327,1,0,181.88800000000001,0
7,2572,6335,1,0,167.203,0
7,2573,6343,1,0,205.179,0
7,2574,6351,1,0,160.61699999999999,0
7,2575,6359,1,0,167.83799999999999,0
7,2576,6367,1,0,192.22399999999999,0
7,2577,6375,1,0,187.91999999999999,0
7,2578,6383,1,0,149.529,0
7,2579,6391,1,0,127.133,0
7,2580,6399,1,0,182.49600000000001,0
7,2581,6407,1,0,173.773,0
7,2582,6415,1,0,189.041,0
7,2583,6423,1,0,135.08799999999999,0
7,2584,6431,1,0,142.65000000000001,0
7,2585,6439,1,0,197.69200000000001,0
7,2586,6447,1,0,196.696,0
7,2587,6455,1,0,166.43799999999999,0
7,2588,6463,1,0,158.68600000000001,0
7,2589,6471,1,0,216.92599999999999,0
7,2590,6479,1,0,162.19300000000001,0
7,2591,6487,1,0,180.95400000000001,0
7,2592,6495,1,0,215.827,0
7,2593,6503,1,0,195.22,0
7,2594,6511,1,0,217.69900000000001,0
7,2595,6519,1,0,143.142,0
7,2596,6527,1,0,166.26900000000001,0
7,2597,6535,1,0,145.99799999999999,0
7,2598,6543,1,0,172.83199999999999,0
7,2599,6551,1,0,113.595,0
7,2600,6559,1,0,140.84899999999999,0
7,2601,6567,1,0,142.93299999999999,0
7,2602,6575,1,0,185.32400000000001,0
7,2603,6583,1,0,174.67699999999999,0
7,2604,6591,1,0,137.91499999999999,0
7,2605,6599,1,0,187.83099999999999,0
7,2606,6607,1,0,186.52000000000001,0
7,2607,6615,1,0,135.583,0
7,2608,6623,1,0,110.363,0
7,2609,6631,1,0,196.607,0
7,2610,6639,1,0,171.559,0
7,2611,6647,1,0,162.02799999999999,0
7,2612,6655,1,0,160.041,0
7,2613,6663,1,0,189.21299999999999,0
7,2614,6671,1,0,158.74799999999999,0
7,2615,6679,1,0,178.51599999999999,0
7,2616,6687,1,0,162.63800000000001,0
7,2617,6695,1,0,189.047,0
7,2618,6703,1,0,143.04599999999999,0
7,2619,6711,1,0,184.22399999999999,0
7,2620,6719,1,0,204.30500000000001,0
7,2621,6727,1,0,167.30199999999999,0
7,2622,6735,1,0,173.05799999999999,0
7,2623,6743,1,0,183.25999999999999,0
7,2624,6751,1,0,163.095,0
7,2625,6759,1,0,184.13800000000001,0
7,2626,6767,1,0,184.11799999999999,0
7,2627,6775,1,0,171.49700000000001,0
7,2628,6783,1,0,169.47200000000001,0
7,2629,6791,1,0,179.185,0
7,2630,6799,1,0,153.44200000000001,0
7,2631,6807,1,0,176.62200000000001,0
7,2632,6815,1,0,225.286,0
7,2633,6823,1,0,171.92599999999999,0
7,2634,6831,1,0,171.49600000000001,0
7,2635,6839,1,0,152.75999999999999,0
7,2636,6847,1,0,193.976,0
7,2637,6855,1,0,172.49000000000001,0
7,2638,6863,1,0,186.25899999999999,0
7,2639,6871,1,0,185.084,0
7,2640,6879,1,0,152.571,0
7,2641,6887,1,0,190.31299999999999,0
7,2642,6895,1,0,186.34200000000001,0
7,2643,6903,1,0,200.852,0
7,2644,6911,1,0,182.77000000000001,0
7,2645,6919,1,0,172.791,0
7,2646,6927,1,0,185.905,0
7,2647,6935,1,0,192.62200000000001,0
7,2648,6943,1,0,181.66399999999999,0
7,2649,6951,1,0,162.34299999999999,0
7,2650,6959,1,0,162.33600000000001,0
7,2651,6967,1,0,204.02099999999999,0
7,2652,6975,1,0,186.29300000000001,0
7,2653,6983,1,0,171.44900000000001,0
7,2654,6991,1,0,192.244,0
7,2655,6999,1,0,121.663,0
7,2656,7007,1,0,197.512,0
7,2657,7015,1,0,147.411,0
7,2658,7023,1,0,155.67099999999999,0
7,2659,7031,1,0,183.59299999999999,0
7,2660,7039,1,0,193.32599999999999,0
7,2661,7047,1,0,170.87200000000001,0
7,2662,7055,1,0,164.428,0
7,2663,7063,1,0,177.85599999999999,0
7,2664,7071,1,0,183.97800000000001,0
7,2665,7079,1,0,179.36600000000001,0
7,2666,7087,1,0,154.155,0
7,2667,7095,1,0,178.137,0
7,2668,7103,1,0,182.71199999999999,0
7,2669,7111,1,0,158.71899999999999,0
7,2670,7119,1,0,188.756,0
7,2671,7127,1,0,188.47999999999999,0
7,2672,7135,1,0,178.666,0
7,2673,7143,1,0,164.791,0
7,2674,7151,1,0,181.83799999999999,0
7,2675,7159,1,0,173.59299999999999,0
7,2676,7167,1,0,148.232,0
7,2677,7175,1,0,177.79300000000001,0
7,2678,7183,1,0,186.917,0
7,2679,7191,1,0,179.36600000000001,0
7,2680,7199,1,0,182.333,0
7,2681,7207,1,0,178.654,0
7,2682,7215,1,0,165.70400000000001,0
7,2683,7223,1,0,192.96600000000001,0
7,2684,7231,1,0,148.15000000000001,0
7,2685,7239,1,0,157.935,0
7,2686,7247,1,0,190.458,0
7,2687,7255,1,0,182.298,0
7,2688,7263,1,0,177.81100000000001,0
7,2689,7271,1,0,190.125,0
7,2690,7279,1,0,182.292,0
7,2691,7287,1,0,161.05799999999999,0
7,2692,7295,1,0,188.79900000000001,0
7,2693,7303,1,0,164.65000000000001,0
7,2694,7311,1,0,182.572,0
7,2695,7319,1,0,201.376,0
7,2696,7327,1,0,198.61000000000001,0
7,2697,7335,1,0,190.44900000000001,0
7,2698,7343,1,0,201.78700000000001,0
7,2699,7351,1,0,179.76900000000001,0
7,2700,7359,1,0,166.69900000000001,0
7,2701,7367,1,0,132.18600000000001,0
7,2702,7375,1,0,187.97300000000001,0
7,2703,7383,1,0,167.65799999999999,0
7,2704,7391,1,0,224.86500000000001,0
7,2705,7399,1,0,167.89099999999999,0
7,2706,7407,1,0,183.78899999999999,0
7,2707,7415,1,0,197.476,0
7,2708,7423,1,0,165.11799999999999,0
7,2709,7431,1,0,147.91999999999999,0
7,2710,7439,1,0,146.43100000000001,0
7,2711,7447,1,0,175.18299999999999,0
7,2712,7455,1,0,187.643,0
7,2713,7463,1,0,171.47999999999999,0
7,2714,7471,1,0,172.96799999999999,0
7,2715,7479,1,0,179.33699999999999,0
7,2716,7487,1,0,210.56299999999999,0
7,2717,7495,1,0,179.131,0
7,2718,7503,1,0,177.88300000000001,0
7,2719,7511,1,0,189.49600000000001,0
7,2720,7519,1,0,199.97900000000001,0
7,2721,7527,1,0,163.84200000000001,0
7,2722,7535,1,0,142.697,0
7,2723,7543,1,0,173.14500000000001,0
7,2724,7551,1,0,193.971,0
7,2725,7559,1,0,160.98099999999999,0
7,2726,7567,1,0,133.23099999999999,0
7,2727,7575,1,0,173.761,0
7,2728,7583,1,0,167.99799999999999,0
7,2729,7591,1,0,220.578,0
7,2730,7599,1,0,173.768,0
7,2731,7607,1,0,197.99299999999999,0
7,2732,7615,1,0,231.96299999999999,0
7,2733,7623,1,0,192.48400000000001,0
7,2734,7631,1,0,158.07499999999999,0
7,2735,7639,1,0,170.459,0
7,2736,7647,1,0,199.74199999999999,0
7,2737,7655,1,0,173.244,0
7,2738,7663,1,0,179.56700000000001,0
7,2739,7671,1,0,162.06700000000001,0
7,2740,7679,1,0,187.773,0
7,2741,7687,1,0,162.977,0
7,2742,7695,1,0,191.15799999999999,0
7,2743,7703,1,0,185.52600000000001,0
7,2744,7711,1,0,185.12100000000001,0
7,2745,7719,1,0,200.066,0
7,2746,7727,1,0,138.262,0
7,2747,7735,1,0,161.11199999999999,0
7,2748,7743,1,0,169.952,0
7,2749,7751,1,0,150.00200000000001,0
7,2750,7759,1,0,193.065,0
7,2751,7767,1,0,191.66999999999999,0
7,2752,7775,1,0,188.01900000000001,0
7,2753,7783,1,0,171.52600000000001,0
7,2754,7791,1,0,182.41200000000001,0
7,2755,7799,1,0,152.73699999999999,0
7,2756,7807,1,0,189.38800000000001,0
7,2757,7815,1,0,188.387,0
7,2758,7823,1,0,162.54499999999999,0
7,2759,7831,1,0,130.26499999999999,0
7,2760,7839,1,0,162.624,0
7,2761,7847,1,0,179.77000000000001,0
7,2762,7855,1,0,158.06,0
7,2763,7863,1,0,183.566,0
7,2764,7871,1,0,189.62200000000001,0
7,2765,7879,1,0,215.46700000000001,0
7,2766,7887,1,0,150.63300000000001,0
7,2767,7895,1,0,191.03700000000001,0
7,2768,7903,1,0,160.53800000000001,0
7,2769,7911,1,0,149.83699999999999,0
7,2770,7919,1,0,191.52000000000001,0
7,2771,7927,1,0,205.73500000000001,0
7,2772,7935,1,0,176.63900000000001,0
7,2773,7943,1,0,177.93000000000001,0
7,2774,7951,1,0,168.38,0
7,2775,7959,1,0,192.809,0
7,2776,7967,1,0,171.125,0
7,2777,7975,1,0,198.09899999999999,0
7,2778,7983,1,0,186.56,0
7,2779,7991,1,0,200.50200000000001,0
7,2780,7999,1,0,170.05500000000001,0
7,2781,8007,1,0,157.08500000000001,0
7,2782,8015,1,0,209.97399999999999,0
7,2783,8023,1,0,179.065,0
7,2784,8031,1,0,170.65700000000001,0
7,2785,8039,1,0,201.679,0
7,2786,8047,1,0,167.33000000000001,0
7,2787,8055,1,0,187.62100000000001,0
7,2788,8063,1,0,194.364,0
7,2789,8071,1,0,212.202,0
7,2790,8079,1,0,190.34399999999999,0
7,2791,8087,1,0,179.697,0
7,2792,8095,1,0,154.167,0
7,2793,8103,1,0,160.85300000000001,0
7,2794,8111,1,0,206.922,0
7,2795,8119,1,0,146.97300000000001,0
7,2796,8127,1,0,188.726,0
7,2797,8135,1,0,180.59299999999999,0
7,2798,8143,1,0,190.19300000000001,0
7,2799,8151,1,0,123.76600000000001,0
7,2800,8159,1,0,194.56299999999999,0
7,2801,8167,1,0,152.39500000000001,0
7,2802,8175,1,0,168.81700000000001,0
7,2803,8183,1,0,176.55600000000001,0
7,2804,8191,1,0,159.089,0
7,2805,8199,1,0,168.33199999999999,0
7,2806,8207,1,0,172.624,0
7,2807,8215,1,0,197.35499999999999,0
7,2808,8223,1,0,162.93700000000001,0
7,2809,8231,1,0,176.21899999999999,0
7,2810,8239,1,0,182.56,0
7,2811,8247,1,0,187.67699999999999,0
7,2812,8255,1,0,177.60599999999999,0
7,2813,8263,1,0,178.81800000000001,0
7,2814,8271,1,0,182.14400000000001,0
7,2815,8279,1,0,168.81800000000001,0
7,2816,8287,1,0,179.81399999999999,0
7,2817,8295,1,0,166.28200000000001,0
7,2818,8303,1,0,189.53899999999999,0
7,2819,8311,1,0,156.63,0
7,2820,8319,1,0,173.83799999999999,0
7,2821,8327,1,0,153.34800000000001,0
7,2822,8335,1,0,165.524,0
7,2823,8343,1,0,183.53700000000001,0
7,2824,8351,1,0,183.596,0
7,2825,8359,1,0,155.435,0
7,2826,8367,1,0,158.21299999999999,0
7,2827,8375,1,0,172.006,0
7,2828,8383,1,0,171.19900000000001,0
7,2829,8391,1,0,173.66900000000001,0
7,2830,8399,1,0,213.03,0
7,2831,8407,1,0,184.40100000000001,0
7,2832,8415,1,0,149.52000000000001,0
7,2833,8423,1,0,191.197,0
7,2834,8431,1,0,139.40899999999999,0
7,2835,8439,1,0,204.47200000000001,0
7,2836,8447,1,0,182.45099999999999,0
7,2837,8455,1,0,198.749,0
7,2838,8463,1,0,173.28200000000001,0
7,2839,8471,1,0,172.13399999999999,0
7,2840,8479,1,0,171.137,0
7,2841,8487,1,0,172.184,0
7,2842,8495,1,0,187.24299999999999,0
7,2843,8503,1,0,189.00899999999999,0
7,2844,8511,1,0,129.65100000000001,0
7,2845,8519,1,0,145.114,0
7,2846,8527,1,0,178.34700000000001,0
7,2847,8535,1,0,158.21899999999999,0
7,2848,8543,1,0,162.00999999999999,0
7,2849,8551,1,0,160.19,0
7,2850,8559,1,0,176.39699999999999,0
7,2851,8567,1,0,188.94999999999999,0
7,2852,8575,1,0,196.744,0
7,2853,8583,1,0,194.08600000000001,0
7,2854,8591,1,0,148.05600000000001,0
7,2855,8599,1,0,193.989,0
7,2856,8607,1,0,163.11199999999999,0
7,2857,8615,1,0,133.33699999999999,0
7,2858,8623,1,0,183.01599999999999,0
7,2859,8631,1,0,158.29400000000001,0
7,2860,8639,1,0,187.904,0
7,2861,8647,1,0,186.47300000000001,0
7,2862,8655,1,0,146.649,0
7,2863,8663,1,0,203.011,0
7,2864,8671,1,0,202.255,0
7,2865,8679,1,0,179.215,0
7,2866,8687,1,0,175.11699999999999,0
7,2867,8695,1,0,141.86199999999999,0
7,2868,8703,1,0,176.959,0
7,2869,8711,1,0,157.53299999999999,0
7,2870,8719,1,0,194.84200000000001,0
7,2871,8727,1,0,110.657,0
7,2872,8735,1,0,182.57400000000001,0
7,2873,8743,1,0,170.988,0
7,2874,8751,1,0,196.429,0
7,2875,8759,1,0,174.77199999999999,0
7,2876,8767,1,0,187.89099999999999,0
7,2877,8775,1,0,190.006,0
7,2878,8783,1,0,191.54300000000001,0
7,2879,8791,1,0,189.62299999999999,0
7,2880,8799,1,0,159.54900000000001,0
7,2881,8807,1,0,152.822,0
7,2882,8815,1,0,171.60499999999999,0
7,2883,8823,1,0,169.42400000000001,0
7,2884,8831,1,0,190.81,0
7,2885,8839,1,0,189.04499999999999,0
7,2886,8847,1,0,181.48599999999999,0
7,2887,8855,1,0,137.28999999999999,0
7,2888,8863,1,0,168.91399999999999,0
7,2889,8871,1,0,186.322,0
7,2890,8879,1,0,193.191,0
7,2891,8887,1,0,177.209,0
7,2892,8895,1,0,192.50800000000001,0
7,2893,8903,1,0,183.81299999999999,0
7,2894,8911,1,0,158.024,0
7,2895,8919,1,0,162.38499999999999,0
7,2896,8927,1,0,185.773,0
7,2897,8935,1,0,165.90000000000001,0
7,2898,8943,1,0,202.53800000000001,0
7,2899,8951,1,0,169.25899999999999,0
7,2900,8959,1,0,180.84299999999999,0
7,2901,8967,1,0,182.41900000000001,0
7,2902,8975,1,0,168.517,0
7,2903,8983,1,0,174.958,0
7,2904,8991,1,0,201.41999999999999,0
7,2905,8999,1,0,187.803,0
7,2906,9007,1,0,205.06100000000001,0
7,2907,9015,1,0,172.477,0
7,2908,9023,1,0,162.30600000000001,0
7,2909,9031,1,0,162.57300000000001,0
7,2910,9039,1,0,184.179,0
7,2911,9047,1,0,159.565,0
7,2912,9055,1,0,188.21100000000001,0
7,2913,9063,1,0,185.21299999999999,0
7,2914,9071,1,0,176.89500000000001,0
7,2915,9079,1,0,159.55699999999999,0
7,2916,9087,1,0,174.02600000000001,0
7,2917,9095,1,0,131.042,0
7,2918,9103,1,0,176.96000000000001,0
7,2919,9111,1,0,199.876,0
7,2920,9119,1,0,121.378,0
7,2921,9127,1,0,172.489,0
7,2922,9135,1,0,187.321,0
7,2923,9143,1,0,191.84200000000001,0
7,2924,9151,1,0,149.07599999999999,0
7,2925,9159,1,0,160.35499999999999,0
7,2926,9167,1,0,156.19200000000001,0
7,2927,9175,1,0,177.501,0
7,2928,9183,1,0,203.64500000000001,0
7,2929,9191,1,0,161.816,0
7,2930,9199,1,0,167.30500000000001,0
7,2931,9207,1,0,190.935,0
7,2932,9215,1,0,166.69999999999999,0
7,2933,9223,1,0,188.107,0
7,2934,9231,1,0,161.251,0
7,2935,9239,1,0,181.21799999999999,0
7,2936,9247,1,0,187.16,0
7,2937,9255,1,0,186.779,0
7,2938,9263,1,0,135.185,0
7,2939,9271,1,0,177.124,0
7,2940,9279,1,0,174.28800000000001,0
7,2941,9287,1,0,152.39500000000001,0
7,2942,9295,1,0,190.488,0
7,2943,9303,1,0,181.072,0
7,2944,9311,1,0,138.32300000000001,0
7,2945,9319,1,0,185.125,0
7,2946,9327,1,0,181.82300000000001,0
7,2947,9335,1,0,180.143,0
7,2948,9343,1,0,177.10599999999999,0
7,2949,9351,1,0,195.85400000000001,0
7,2950,9359,1,0,152.221,0
7,2951,9367,1,0,165.352,0
7,2952,9375,1,0,201.64400000000001,0
7,2953,9383,1,0,188.352,0
7,2954,9391,1,0,148.55500000000001,0
7,2955,9399,1,0,165.92699999999999,0
7,2956,9407,1,0,146.31899999999999,0
7,2957,9415,1,0,206.68100000000001,0
7,2958,9423,1,0,213.071,0
7,2959,9431,1,0,163.50800000000001,0
7,2960,9439,1,0,150.899,0
7,2961,9447,1,0,178.04300000000001,0
7,2962,9455,1,0,188.999,0
7,2963,9463,1,0,175.91800000000001,0
7,2964,9471,1,0,173.18899999999999,0
7,2965,9479,1,0,223.99799999999999,0
7,2966,9487,1,0,178.83500000000001,0
7,2967,9495,1,0,167.25,0
7,2968,9503,1,0,153.82900000000001,0
7,2969,9511,1,0,163.93299999999999,0
7,2970,9519,1,0,149.91399999999999,0
7,2971,9527,1,0,163.38399999999999,0
7,2972,9535,1,0,180.505,0
7,2973,9543,1,0,170.46899999999999,0
7,2974,9551,1,0,155.76300000000001,0
7,2975,9559,1,0,182.06100000000001,0
7,2976,9567,1,0,203.458,0
7,2977,9575,1,0,196.905,0
7,2978,9583,1,0,187.34,0
7,2979,9591,1,0,174.59899999999999,0
7,2980,9599,1,0,172.39599999999999,0
7,2981,9607,1,0,187.41399999999999,0
7,2982,9615,1,0,172.25399999999999,0
7,2983,9623,1,0,140.55000000000001,0
7,2984,9631,1,0,164.68799999999999,0
7,2985,9639,1,0,189.816,0
7,2986,9647,1,0,129.874,0
7,2987,9655,1,0,181.583,0
7,2988,9663,1,0,175.33600000000001,0
7,2989,9671,1,0,179.577,0
7,2990,9679,1,0,165.517,0
7,2991,9687,1,0,203.51400000000001,0
7,2992,9695,1,0,184.029,0
7,2993,9703,1,0,162.41300000000001,0
7,2994,9711,1,0,188.679,0
7,2995,9719,1,0,188.35900000000001,0
7,2996,9727,1,0,154.291,0
7,2997,9735,1,0,180.952,0
7,2998,9743,1,0,159.71299999999999,0
7,2999,9751,1,0,181.26499999999999,0
7,3000,9759,1,0,176.75299999999999,0
7,3001,9767,1,0,136.88499999999999,0
7,3002,9775,1,0,168.892,0
7,3003,9783,1,0,193.88800000000001,0
7,3004,9791,1,0,146.922,0
7,3005,9799,1,0,167.63800000000001,0
7,3006,9807,1,0,184.27799999999999,0
7,3007,9815,1,0,186.036,0
7,3008,9823,1,0,201.709,0
7,3009,9831,1,0,188.34800000000001,0
7,3010,9839,1,0,150.21199999999999,0
7,3011,9847,1,0,182.34899999999999,0
7,3012,9855,1,0,185.67699999999999,0
7,3013,9863,1,0,166.30600000000001,0
7,3014,9871,1,0,150.08000000000001,0
7,3015,9879,1,0,188.721,0
7,3016,9887,1,0,169.86799999999999,0
7,3017,9895,1,0,149.38999999999999,0
7,3018,9903,1,0,164.12899999999999,0
7,3019,9911,1,0,162.77699999999999,0
7,3020,9919,1,0,168.31999999999999,0
7,3021,9927,1,0,154.08000000000001,0
7,3022,9935,1,0,182.72399999999999,0
7,3023,9943,1,0,193.339,0
7,3024,9951,1,0,161.58699999999999,0
7,3025,9959,1,0,200.99100000000001,0
7,3026,9967,1,0,175.441,0
7,3027,9975,1,0,142.46600000000001,0
7,3028,9983,1,0,136.91200000000001,0
7,3029,9991,1,0,191.648,0
7,3030,9999,1,0,216.398,0
7,3031,10007,1,0,163.09899999999999,0
7,3032,10015,1,0,155.744,0
7,3033,10023,1,0,180.09399999999999,0
7,3034,10031,1,0,183.34299999999999,0
7,3035,10039,1,0,176.50299999999999,0
7,3036,10047,1,0,199.262,0
7,3037,10055,1,0,149.44,0
7,3038,10063,1,0,162.67699999999999,0
7,3039,10071,1,0,169.732,0
7,3040,10079,1,0,200.05799999999999,0
7,3041,10087,1,0,190.946,0
7,3042,10095,1,0,137.547,0
7,3043,10103,1,0,186.24199999999999,0
7,3044,10111,1,0,198.00399999999999,0
7,3045,10119,1,0,172.50299999999999,0
7,3046,10127,1,0,197.09800000000001,0
7,3047,10135,1,0,171.41999999999999,0
7,3048,10143,1,0,136.19999999999999,0
7,3049,10151,1,0,189.50999999999999,0
7,3050,10159,1,0,211.74700000000001,0
7,3051,10167,1,0,171.53999999999999,0
7,3052,10175,1,0,165.86699999999999,0
7,3053,10183,1,0,139.07900000000001,0
7,3054,10191,1,0,184.95599999999999,0
7,3055,10199,1,0,198.625,0
7,3056,10207,1,0,166.16399999999999,0
7,3057,10215,1,0,188.863,0
7,3058,10223,1,0,173.44,0
7,3059,10231,1,0,176.464,0
7,3060,10239,1,0,157.828,0
7,3061,10247,1,0,187.816,0
7,3062,10255,1,0,204.06399999999999,0
7,3063,10263,1,0,190.86000000000001,0
7,3064,10271,1,0,197.203,0
7,3065,10279,1,0,174.58199999999999,0
7,3066,10287,1,0,163.38300000000001,0
7,3067,10295,1,0,200.863,0
7,3068,10303,1,0,168.85900000000001,0
7,3069,10311,1,0,195.76900000000001,0
7,3070,10319,1,0,183.87899999999999,0
7,3071,10327,1,0,184.803,0
7,3072,10335,1,0,179.964,0
7,3073,10343,1,0,167.94200000000001,0
7,3074,10351,1,0,191.096,0
7,3075,10359,1,0,149.41200000000001,0
7,3076,10367,1,0,189.41,0
7,3077,10375,1,0,180.78,0
7,3078,10383,1,0,154.751,0
7,3079,10391,1,0,136.499,0
7,3080,10399,1,0,140.226,0
7,3081,10407,1,0,153.11099999999999,0
7,3082,10415,1,0,128.43700000000001,0
7,3083,10423,1,0,190.53899999999999,0
7,3084,10431,1,0,167.417,0
7,3085,10439,1,0,164.65899999999999,0
7,3086,10447,1,0,159.70099999999999,0
7,3087,10455,1,0,145.77799999999999,0
7,3088,10463,1,0,183.91200000000001,0
7,3089,10471,1,0,164.73599999999999,0
7,3090,10479,1,0,171.227,0
7,3091,10487,1,0,183.27099999999999,0
7,3092,10495,1,0,155.595,0
7,3093,10503,1,0,176.94399999999999,0
7,3094,10511,1,0,203.982,0
7,3095,10519,1,0,178.86099999999999,0
7,3096,10527,1,0,172.744,0
7,3097,10535,1,0,177.99799999999999,0
7,3098,10543,1,0,187.006,0
7,3099,10551,1,0,194.518,0
7,3100,10559,1,0,182.554,0
7,3101,10567,1,0,183.477,0
7,3102,10575,1,0,175.45599999999999,0
7,3103,10583,1,0,206.90299999999999,0
7,3104,10591,1,0,173.02500000000001,0
7,3105,10599,1,0,177.19999999999999,0
7,3106,10607,1,0,187.297,0
7,3107,10615,1,0,151.50299999999999,0
7,3108,10623,1,0,201.11699999999999,0
7,3109,10631,1,0,154.042,0
7,3110,10639,1,0,196.35499999999999,0
7,3111,10647,1,0,173.09899999999999,0
7,3112,10655,1,0,194.30500000000001,0
7,3113,10663,1,0,192.43600000000001,0
7,3114,10671,1,0,114.336,0
7,3115,10679,1,0,175.46299999999999,0
7,3116,10687,1,0,192.78999999999999,0
7,3117,10695,1,0,163.941,0
7,3118,10703,1,0,172.136,0
7,3119,10711,1,0,177.721,0
7,3120,10719,1,0,194.69900000000001,0
7,3121,10727,1,0,188.06200000000001,0
7,3122,10735,1,0,143.34200000000001,0
7,3123,10743,1,0,161.36500000000001,0
7,3124,10751,1,0,184.89599999999999,0
7,3125,10759,1,0,175.16800000000001,0
7,3126,10767,1,0,192.09700000000001,0
7,3127,10775,1,0,186.499,0
7,3128,10783,1,0,205.81100000000001,0
7,3129,10791,1,0,168.48599999999999,0
7,3130,10799,1,0,182.15899999999999,0
7,3131,10807,1,0,136.35400000000001,0
7,3132,10815,1,0,165.81100000000001,0
7,3133,10823,1,0,183.58500000000001,0
7,3134,10831,1,0,181.322,0
7,3135,10839,1,0,118.97799999999999,0
7,3136,10847,1,0,196.52600000000001,0
7,3137,10855,1,0,141.709,0
7,3138,10863,1,0,200.51900000000001,0
7,3139,10871,1,0,140.08000000000001,0
7,3140,10879,1,0,184.75200000000001,0
7,3141,10887,1,0,181.251,0
7,3142,10895,1,0,188.78,0
7,3143,10903,1,0,139.22999999999999,0
7,3144,10911,1,0,187.001,0
7,3145,10919,1,0,189.17599999999999,0
7,3146,10927,1,0,192.94200000000001,0
7,3147,10935,1,0,172.197,0
7,3148,10943,1,0,150.821,0
7,3149,10951,1,0,171.471,0
7,3150,10959,1,0,181.554,0
7,3151,10967,1,0,142.28,0
7,3152,10975,1,0,123.91200000000001,0
7,3153,10983,1,0,199.96700000000001,0
7,3154,10991,1,0,147.48599999999999,0
7,3155,10999,1,0,170.916,0
7,3156,11007,1,0,170.845,0
7,3157,11015,1,0,187.24100000000001,0
7,3158,11023,1,0,184.18899999999999,0
7,3159,11031,1,0,185.05600000000001,0
7,3160,11039,1,0,176.797,0
7,3161,11047,1,0,218.96700000000001,0
7,3162,11055,1,0,186.98599999999999,0
7,3163,11063,1,0,150.55500000000001,0
7,3164,11071,1,0,170.227,0
7,3165,11079,1,0,188.20099999999999,0
7,3166,11087,1,0,170.99299999999999,0
7,3167,11095,1,0,170.71100000000001,0
7,3168,11103,1,0,168.19399999999999,0
7,3169,11111,1,0,180.833,0
7,3170,11119,1,0,153.71199999999999,0
7,3171,11127,1,0,160.5,0
7,3172,11135,1,0,137.589,0
7,3173,11143,1,0,138.36600000000001,0
7,3174,11151,1,0,197.89699999999999,0
7,3175,11159,1,0,181.77500000000001,0
7,3176,11167,1,0,182.708,0
7,3177,11175,1,0,163.38300000000001,0
7,3178,11183,1,0,195.31999999999999,0
7,3179,11191,1,0,146.13800000000001,0
7,3180,11199,1,0,171.922,0
7,3181,11207,1,0,174.30600000000001,0
7,3182,11215,1,0,183.261,0
7,3183,11223,1,0,180.37100000000001,0
7,3184,11231,1,0,144.85300000000001,0
7,3185,11239,1,0,178.61699999999999,0
7,3186,11247,1,0,178.441,0
7,3187,11255,1,0,156.72999999999999,0
7,3188,11263,1,0,183.256,0
7,3189,11271,1,0,185.53800000000001,0
7,3190,11279,1,0,159.249,0
7,3191,11287,1,0,147.166,0
7,3192,11295,1,0,180.00800000000001,0
7,3193,11303,1,0,174.303,0
7,3194,11311,1,0,207.953,0
7,3195,11319,1,0,142.10300000000001,0
7,3196,11327,1,0,172.51599999999999,0
7,3197,11335,1,0,156.20699999999999,0
7,3198,11343,1,0,166.88999999999999,0
7,3199,11351,1,0,161.946,0
7,3200,11359,1,0,182.77699999999999,0
7,3201,11367,1,0,181.041,0
7,3202,11375,1,0,173.529,0
7,3203,11383,1,0,162.602,0
7,3204,11391,1,0,138.04300000000001,0
7,3205,11399,1,0,157.68899999999999,0
7,3206,11407,1,0,172.91399999999999,0
7,3207,11415,1,0,198.565,0
7,3208,11423,1,0,184.25800000000001,0
7,3209,11431,1,0,143.636,0
7,3210,11439,1,0,147.833,0
7,3211,11447,1,0,185.53800000000001,0
7,3212,11455,1,0,176.12299999999999,0
7,3213,11463,1,0,180.43700000000001,0
7,3214,11471,1,0,177.172,0
7,3215,11479,1,0,131.31899999999999,0
7,3216,11487,1,0,200.191,0
7,3217,11495,1,0,111.825,0
7,3218,11503,1,0,191.279,0
7,3219,11511,1,0,174.596,0
7,3220,11519,1,0,192.35599999999999,0
7,3221,11527,1,0,147.149,0
7,3222,11535,1,0,141.33099999999999,0
7,3223,11543,1,0,129.81100000000001,0
7,3224,11551,1,0,142.209,0
7,3225,11559,1,0,162.34899999999999,0
7,3226,11567,1,0,190.91900000000001,0
7,3227,11575,1,0,178.13200000000001,0
7,3228,11583,1,0,180.893,0
7,3229,11591,1,0,147.97399999999999,0
7,3230,11599,1,0,154.01900000000001,0
7,3231,11607,1,0,162.21000000000001,0
7,3232,11615,1,0,176.94,0
7,3233,11623,1,0,175.00999999999999,0
7,3234,11631,1,0,194.69,0
7,3235,11639,1,0,187.43899999999999,0
7,3236,11647,1,0,172.53100000000001,0
7,3237,11655,1,0,176.626,0
7,3238,11663,1,0,179.33199999999999,0
7,3239,11671,1,0,201.483,0
7,3240,11679,1,0,186.934,0
7,3241,11687,1,0,170.89699999999999,0
7,3242,11695,1,0,182.851,0
7,3243,11703,1,0,150.62,0
7,3244,11711,1,0,175.953,0
7,3245,11719,1,0,148.19399999999999,0
7,3246,11727,1,0,165.59399999999999,0
7,3247,11735,1,0,172.596,0
7,3248,11743,1,0,181.102,0
7,3249,11751,1,0,192.864,0
7,3250,11759,1,0,172.476,0
7,3251,11767,1,0,184.24600000000001,0
7,3252,11775,1,0,197.58600000000001,0
7,3253,11783,1,0,163.64099999999999,0
7,3254,11791,1,0,166.16900000000001,0
7,3255,11799,1,0,197.959,0
7,3256,11807,1,0,148.46000000000001,0
7,3257,11815,1,0,177.67599999999999,0
7,3258,11823,1,0,179.315,0
7,3259,11831,1,0,191.72999999999999,0
7,3260,11839,1,0,186.53299999999999,0
7,3261,11847,1,0,187.191,0
7,3262,11855,1,0,169.74700000000001,0
7,3263,11863,1,0,153.364,0
7,3264,11871,1,0,183.15299999999999,0
7,3265,11879,1,0,172.517,0
7,3266,11887,1,0,143.43100000000001,0
7,3267,11895,1,0,206.685,0
7,3268,11903,1,0,184.51900000000001,0
7,3269,11911,1,0,153.59700000000001,0
7,3270,11919,1,0,151.52699999999999,0
7,3271,11927,1,0,193.036,0
7,3272,11935,1,0,176.70500000000001,0
7,3273,11943,1,0,182.06700000000001,0
7,3274,11951,1,0,172.453,0
7,3275,11959,1,0,161.27799999999999,0
7,3276,11967,1,0,183.89699999999999,0
7,3277,11975,1,0,200.97999999999999,0
7,3278,11983,1,0,141.46100000000001,0
7,3279,11991,1,0,145.87,0
7,3280,11999,1,0,171.94499999999999,0
7,3281,12007,1,0,175.042,0
7,3282,12015,1,0,176.71100000000001,0
7,3283,12023,1,0,164.495,0
7,3284,12031,1,0,156.52699999999999,0
7,3285,12039,1,0,180.547,0
7,3286,12047,1,0,197.803,0
7,3287,12055,1,0,177.53,0
7,3288,12063,1,0,161.148,0
7,3289,12071,1,0,197.50800000000001,0
7,3290,12079,1,0,181.566,0
7,3291,12087,1,0,184.90100000000001,0
7,3292,12095,1,0,193.256,0
7,3293,12103,1,0,125.991,0
7,3294,12111,1,0,189.83099999999999,0
7,3295,12119,1,0,190.70699999999999,0
7,3296,12127,1,0,178.39699999999999,0
7,3297,12135,1,0,167.57900000000001,0
7,3298,12143,1,0,185.541,0
7,3299,12151,1,0,174.91,0
7,3300,12159,1,0,193.26599999999999,0
7,3301,12167,1,0,191.15700000000001,0
7,3302,12175,1,0,180.542,0
7,3303,12183,1,0,180.76300000000001,0
7,3304,12191,1,0,193.15299999999999,0
7,3305,12199,1,0,184.27000000000001,0
7,3306,12207,1,0,180.02699999999999,0
7,3307,12215,1,0,189.01599999999999,0
7,3308,12223,1,0,152.05199999999999,0
7,3309,12231,1,0,155.99799999999999,0
7,3310,12239,1,0,142.715,0
7,3311,12247,1,0,180.148,0
7,3312,12255,1,0,207.67099999999999,0
7,3313,12263,1,0,190.24799999999999,0
7,3314,12271,1,0,156.90199999999999,0
7,3315,12279,1,0,199.62899999999999,0
7,3316,12287,1,0,167.00800000000001,0
7,3317,12295,1,0,157.89099999999999,0
7,3318,12303,1,0,196.46100000000001,0
7,3319,12311,1,0,176.624,0
7,3320,12319,1,0,173.97200000000001,0
7,3321,12327,1,0,190.87899999999999,0
7,3322,12335,1,0,173.39400000000001,0
7,3323,12343,1,0,180.119,0
7,3324,12351,1,0,180.928,0
7,3325,12359,1,0,190.63,0
7,3326,12367,1,0,177.03100000000001,0
7,3327,12375,1,0,191.98400000000001,0
7,3328,12383,1,0,173.22800000000001,0
7,3329,12391,1,0,164.63499999999999,0
7,3330,12399,1,0,136.81100000000001,0
7,3331,12407,1,0,205.69999999999999,0
7,3332,12415,1,0,183.65899999999999,0
7,3333,12423,1,0,170.34899999999999,0
7,3334,12431,1,0,177.584,0
7,3335,12439,1,0,179.411,0
7,3336,12447,1,0,132.37200000000001,0
7,3337,12455,1,0,174.70099999999999,0
7,3338,12463,1,0,176.12700000000001,0
7,3339,12471,1,0,177.90299999999999,0
7,3340,12479,1,0,171.13,0
7,3341,12487,1,0,193.273,0
7,3342,12495,1,0,185.12,0
7,3343,12503,1,0,144.815,0
7,3344,12511,1,0,166.02500000000001,0
7,3345,12519,1,0,176.119,0
7,3346,12527,1,0,195.20500000000001,0
7,3347,12535,1,0,201.00299999999999,0
7,3348,12543,1,0,200.94800000000001,0
7,3349,12551,1,0,148.887,0
7,3350,12559,1,0,123.68300000000001,0
7,3351,12567,1,0,173.75700000000001,0
7,3352,12575,1,0,188.001,0
7,3353,12583,1,0,188.73099999999999,0
7,3354,12591,1,0,185.988,0
7,3355,12599,1,0,165.08500000000001,0
7,3356,12607,1,0,187.941,0
7,3357,12615,1,0,140.17400000000001,0
7,3358,12623,1,0,192.02799999999999,0
7,3359,12631,1,0,159.096,0
7,3360,12639,1,0,172.702,0
7,3361,12647,1,0,165.61600000000001,0
7,3362,12655,1,0,132.755,0
7,3363,12663,1,0,191.369,0
7,3364,12671,1,0,195.43899999999999,0
7,3365,12679,1,0,198.244,0
7,3366,12687,1,0,181.018,0
7,3367,12695,1,0,182.52000000000001,0
7,3368,12703,1,0,188.74600000000001,0
7,3369,12711,1,0,182.679,0
7,3370,12719,1,0,168.33699999999999,0
7,3371,12727,1,0,141.518,0
7,3372,12735,1,0,178.76900000000001,0
7,3373,12743,1,0,189.44300000000001,0
7,3374,12751,1,0,143.483,0
7,3375,12759,1,0,167.55000000000001,0
7,3376,12767,1,0,196.44499999999999,0
7,3377,12775,1,0,175.77699999999999,0
7,3378,12783,1,0,172.27799999999999,0
7,3379,12791,1,0,154.81299999999999,0
7,3380,12799,1,0,195.12700000000001,0
7,3381,12807,1,0,185.923,0
7,3382,12815,1,0,193.46000000000001,0
7,3383,12823,1,0,166.702,0
7,3384,12831,1,0,173.816,0
7,3385,12839,1,0,176.542,0
7,3386,12847,1,0,155.56200000000001,0
7,3387,12855,1,0,177.233,0
7,3388,12863,1,0,185.54300000000001,0
7,3389,12871,1,0,135.66999999999999,0
7,3390,12879,1,0,128.399,0
7,3391,12887,1,0,168.732,0
7,3392,12895,1,0,182.99299999999999,0
7,3393,12903,1,0,179.92400000000001,0
7,3394,12911,1,0,171.24100000000001,0
7,3395,12919,1,0,155.077,0
7,3396,12927,1,0,188.08799999999999,0
7,3397,12935,1,0,147.375,0
7,3398,12943,1,0,184.328,0
7,3399,12951,1,0,165.345,0
7,3400,12959,1,0,183.56700000000001,0
7,3401,12967,1,0,197.96000000000001,0
7,3402,12975,1,0,176.79400000000001,0
7,3403,12983,1,0,157.185,0
7,3404,12991,1,0,183.94300000000001,0
7,3405,12999,1,0,164.47499999999999,0
7,3406,13007,1,0,117.86199999999999,0
7,3407,13015,1,0,175.28100000000001,0
7,3408,13023,1,0,174.47300000000001,0
7,3409,13031,1,0,191.721,0
7,3410,13039,1,0,173.06999999999999,0
7,3411,13047,1,0,139.62,0
7,3412,13055,1,0,150.56800000000001,0
7,3413,13063,1,0,198.02199999999999,0
7,3414,13071,1,0,172.05199999999999,0
7,3415,13079,1,0,168.62899999999999,0
7,3416,13087,1,0,161.19499999999999,0
7,3417,13095,1,0,164.256,0
7,3418,13103,1,0,178.68100000000001,0
7,3419,13111,1,0,131.251,0
7,3420,13119,1,0,176.97800000000001,0
7,3421,13127,1,0,195.387,0
7,3422,13135,1,0,191.53899999999999,0
7,3423,13143,1,0,203.155,0
7,3424,13151,1,0,165.43899999999999,0
7,3425,13159,1,0,188.69999999999999,0
7,3426,13167,1,0,170.97300000000001,0
7,3427,13175,1,0,157.92500000000001,0
7,3428,13183,1,0,169.149,0
7,3429,13191,1,0,184.726,0
7,3430,13199,1,0,143.404,0
7,3431,13207,1,0,185.31299999999999,0
7,3432,13215,1,0,179.94,0
7,3433,13223,1,0,197.94,0
7,3434,13231,1,0,182.06999999999999,0
7,3435,13239,1,0,194.654,0
7,3436,13247,1,0,159.82900000000001,0
7,3437,13255,1,0,181.11799999999999,0
7,3438,13263,1,0,189.36000000000001,0
7,3439,13271,1,0,208.13300000000001,0
7,3440,13279,1,0,173.10599999999999,0
7,3441,13287,1,0,173.53800000000001,0
7,3442,13295,1,0,168.69999999999999,0
7,3443,13303,1,0,161.06700000000001,0
7,3444,13311,1,0,133.494,0
7,3445,13319,1,0,184.19900000000001,0
7,3446,13327,1,0,168.37799999999999,0
7,3447,13335,1,0,157.161,0
7,3448,13343,1,0,180.92400000000001,0
7,3449,13351,1,0,182.19,0
7,3450,13359,1,0,207.566,0
7,3451,13367,1,0,174.97800000000001,0
7,3452,13375,1,0,172.99100000000001,0
7,3453,13383,1,0,153.04300000000001,0
7,3454,13391,1,0,149.72499999999999,0
7,3455,13399,1,0,172.614,0
7,3456,13407,1,0,184.91399999999999,0
7,3457,13415,1,0,180.84200000000001,0
7,3458,13423,1,0,195.929,0
7,3459,13431,1,0,137.81299999999999,0
7,3460,13439,1,0,171.37299999999999,0
7,3461,13447,1,0,139.72300000000001,0
7,3462,13455,1,0,192.405,0
7,3463,13463,1,0,169.38399999999999,0
7,3464,13471,1,0,164.32300000000001,0
7,3465,13479,1,0,192.27699999999999,0
7,3466,13487,1,0,193.733,0
7,3467,13495,1,0,182.333,0
7,3468,13503,1,0,201.173,0
7,3469,13511,1,0,155.24000000000001,0
7,3470,13519,1,0,192.80699999999999,0
7,3471,13527,1,0,179.30600000000001,0
7,3472,13535,1,0,190.48500000000001,0
7,3473,13543,1,0,178.60400000000001,0
7,3474,13551,1,0,159.161,0
7,3475,13559,1,0,194.624,0
7,3476,13567,1,0,201.83199999999999,0
7,3477,13575,1,0,171.14400000000001,0
7,3478,13583,1,0,175.72999999999999,0
7,3479,13591,1,0,178.25700000000001,0
7,3480,13599,1,0,179.29300000000001,0
7,3481,13607,1,0,124.125,0
7,3482,13615,1,0,157.755,0
7,3483,13623,1,0,163.86099999999999,0
7,3484,13631,1,0,162.083,0
7,3485,13639,1,0,193.27799999999999,0
7,3486,13647,1,0,146.73400000000001,0
7,3487,13655,1,0,164.24000000000001,0
7,3488,13663,1,0,187.12100000000001,0
7,3489,13671,1,0,174.59299999999999,0
7,3490,13679,1,0,175.60599999999999,0
7,3491,13687,1,0,186.19,0
7,3492,13695,1,0,175.03999999999999,0
7,3493,13703,1,0,179.666,0
7,3494,13711,1,0,182.75399999999999,0
7,3495,13719,1,0,165.52799999999999,0
7,3496,13727,1,0,174.47999999999999,0
7,3497,13735,1,0,200.73099999999999,0
7,3498,13743,1,0,190.80099999999999,0
7,3499,13751,1,0,189.05199999999999,0
7,3500,13759,1,0,162.595,0
7,3501,13767,1,0,176.72499999999999,0
7,3502,13775,1,0,173.84899999999999,0
7,3503,13783,1,0,172.21100000000001,0
7,3504,13791,1,0,194.80000000000001,0
7,3505,13799,1,0,183.77199999999999,0
7,3506,13807,1,0,172.57599999999999,0
7,3507,13815,1,0,141.74799999999999,0
7,3508,13823,1,0,178.25999999999999,0
7,3509,13831,1,0,183.04900000000001,0
7,3510,13839,1,0,188.48099999999999,0
7,3511,13847,1,0,173.72399999999999,0
7,3512,13855,1,0,189.64500000000001,0
7,3513,13863,1,0,158.745,0
7,3514,13871,1,0,183.792,0
7,3515,13879,1,0,195.01400000000001,0
7,3516,13887,1,0,163.63300000000001,0
7,3517,13895,1,0,207.54300000000001,0
7,3518,13903,1,0,152.24799999999999,0
7,3519,13911,1,0,192.83799999999999,0
7,3520,13919,1,0,163.00299999999999,0
7,3521,13927,1,0,167.453,0
7,3522,13935,1,0,187.67500000000001,0
7,3523,13943,1,0,175.489,0
7,3524,13951,1,0,190.084,0
7,3525,13959,1,0,183.76400000000001,0
7,3526,13967,1,0,177.964,0
7,3527,13975,1,0,193.06899999999999,0
7,3528,13983,1,0,179.012,0
7,3529,13991,1,0,183.751,0
7,3530,13999,1,0,207.441,0
7,3531,14007,1,0,158.136,0
7,3532,14015,1,0,181.05799999999999,0
7,3533,14023,1,0,188.46100000000001,0
7,3534,14031,1,0,184.89599999999999,0
7,3535,14039,1,0,189.90600000000001,0
7,3536,14047,1,0,179.04300000000001,0
7,3537,14055,1,0,166.34100000000001,0
7,3538,14063,1,0,200.339,0
7,3539,14071,1,0,198.27500000000001,0
7,3540,14079,1,0,132.03299999999999,0
7,3541,14087,1,0,189.66800000000001,0
7,3542,14095,1,0,177.095,0
7,3543,14103,1,0,177.489,0
7,3544,14111,1,0,186.434,0
7,3545,14119,1,0,185.55799999999999,0
7,3546,14127,1,0,151.40299999999999,0
7,3547,14135,1,0,176.36099999999999,0
7,3548,14143,1,0,168.233,0
7,3549,14151,1,0,172.73099999999999,0
7,3550,14159,1,0,205.00800000000001,0
7,3551,14167,1,0,209.86500000000001,0
7,3552,14175,1,0,190.673,0
7,3553,14183,1,0,159.97300000000001,0
7,3554,14191,1,0,191.89500000000001,0
7,3555,14199,1,0,137.98500000000001,0
7,3556,14207,1,0,158.85400000000001,0
7,3557,14215,1,0,178.80099999999999,0
7,3558,14223,1,0,153.60400000000001,0
7,3559,14231,1,0,152.399,0
7,3560,14239,1,0,150.505,0
7,3561,14247,1,0,178.49100000000001,0
7,3562,7,2,0,165.04599999999999,0
7,3563,15,2,0,150.07300000000001,0
7,3564,23,2,0,185.13,0
7,3565,31,2,0,186.649,0
7,3566,39,2,0,172.012,0
7,3567,47,2,0,130.19399999999999,0
7,3568,55,2,0,173.886,0
7,3569,63,2,0,188.93899999999999,0
7,3570,71,2,0,171.15199999999999,0
7,3571,79,2,0,174.12700000000001,0
7,3572,87,2,0,138.09800000000001,0
7,3573,95,2,0,190.27799999999999,0
7,3574,103,2,0,175.44399999999999,0
7,3575,111,2,0,161.809,0
7,3576,119,2,0,144.535,0
7,3577,127,2,0,179.50700000000001,0
7,3578,135,2,0,194.321,0
7,3579,143,2,0,174.518,0
7,3580,151,2,0,195.124,0
7,3581,159,2,0,166.417,0
7,3582,167,2,0,172.36199999999999,0
7,3583,175,2,0,183.35599999999999,0
7,3584,183,2,0,171.00399999999999,0
7,3585,191,2,0,145.79300000000001,0
7,3586,199,2,0,192.726,0
7,3587,207,2,0,157.00899999999999,0
7,3588,215,2,0,162.47900000000001,0
7,3589,223,2,0,175.803,0
7,3590,231,2,0,166.38,0
7,3591,239,2,0,193.102,0
7,3592,247,2,0,157.393,0
7,3593,255,2,0,175.47800000000001,0
7,3594,263,2,0,172.66800000000001,0
7,3595,271,2,0,178.11000000000001,0
7,3596,279,2,0,148.47399999999999,0
7,3597,287,2,0,179.804,0
7,3598,295,2,0,172.351,0
7,3599,303,2,0,144.10400000000001,0
7,3600,311,2,0,182.94300000000001,0
7,3601,319,2,0,155.55699999999999,0
7,3602,327,2,0,174.80699999999999,0
7,3603,335,2,0,148.203,0
7,3604,343,2,0,171.68100000000001,0
7,3605,351,2,0,142.572,0
7,3606,359,2,0,173.602,0
7,3607,367,2,0,170.43799999999999,0
7,3608,375,2,0,144.63399999999999,0
7,3609,383,2,0,186.52799999999999,0
7,3610,391,2,0,157.63999999999999,0
7,3611,399,2,0,199.809,0
7,3612,407,2,0,171.34,0
7,3613,415,2,0,159.26499999999999,0
7,3614,423,2,0,172.15700000000001,0
7,3615,431,2,0,185.32599999999999,0
7,3616,439,2,0,206.86199999999999,0
7,3617,447,2,0,170.28999999999999,0
7,3618,455,2,0,194.51499999999999,0
7,3619,463,2,0,138.97800000000001,0
7,3620,471,2,0,182.065,0
7,3621,479,2,0,122.511,0
7,3622,487,2,0,182.74600000000001,0
7,3623,495,2,0,171.833,0
7,3624,503,2,0,150.631,0
7,3625,511,2,0,182.27099999999999,0
7,3626,519,2,0,142.61699999999999,0
7,3627,527,2,0,180.93100000000001,0
7,3628,535,2,0,180.71600000000001,0
7,3629,543,2,0,151.89500000000001,0
7,3630,551,2,0,191.08099999999999,0
7,3631,559,2,0,192.10300000000001,0
7,3632,567,2,0,178.18899999999999,0
7,3633,575,2,0,192.941,0
7,3634,583,2,0,198.291,0
7,3635,591,2,0,129.27000000000001,0
7,3636,599,2,0,221.62899999999999,0
7,3637,607,2,0,190.35499999999999,0
7,3638,615,2,0,156.21799999999999,0
7,3639,623,2,0,173.52000000000001,0
7,3640,631,2,0,187.44300000000001,0
7,3641,639,2,0,166.43199999999999,0
7,3642,647,2,0,184.09700000000001,0
7,3643,655,2,0,180.21199999999999,0
7,3644,663,2,0,143.54400000000001,0
7,3645,671,2,0,193.46299999999999,0
7,3646,679,2,0,156.994,0
7,3647,687,2,0,177.631,0
7,3648,695,2,0,162.71899999999999,0
7,3649,703,2,0,153.88499999999999,0
7,3650,711,2,0,195.001,0
7,3651,719,2,0,169.857,0
7,3652,727,2,0,170.09200000000001,0
7,3653,735,2,0,172.339,0
7,3654,743,2,0,211.26499999999999,0
7,3655,751,2,0,147.28399999999999,0
7,3656,759,2,0,191.38200000000001,0
7,3657,767,2,0,177.90600000000001,0
7,3658,775,2,0,176.559,0
7,3659,783,2,0,164.38300000000001,0
7,3660,791,2,0,153.566,0
7,3661,799,2,0,173.773,0
7,3662,807,2,0,171.07400000000001,0
7,3663,815,2,0,179.596,0
7,3664,823,2,0,172.49799999999999,0
7,3665,831,2,0,181.38499999999999,0
7,3666,839,2,0,183.40100000000001,0
7,3667,847,2,0,197.69300000000001,0
7,3668,855,2,0,177.97300000000001,0
7,3669,863,2,0,180.465,0
7,3670,871,2,0,177.32499999999999,0
7,3671,879,2,0,126.59999999999999,0
7,3672,887,2,0,137.13800000000001,0
7,3673,895,2,0,179.44499999999999,0
7,3674,903,2,0,186.47200000000001,0
7,3675,911,2,0,146.542,0
7,3676,919,2,0,175.19800000000001,0
7,3677,927,2,0,147.10300000000001,0
7,3678,935,2,0,139.14699999999999,0
7,3679,943,2,0,192.88499999999999,0
7,3680,951,2,0,185.55000000000001,0
7,3681,959,2,0,185.24799999999999,0
7,3682,967,2,0,172.23099999999999,0
7,3683,975,2,0,133.94200000000001,0
7,3684,983,2,0,186.12799999999999,0
7,3685,991,2,0,191.50299999999999,0
7,3686,999,2,0,202.22,0
7,3687,1007,2,0,157.65000000000001,0
7,3688,1015,2,0,184.58799999999999,0
7,3689,1023,2,0,164.67699999999999,0
7,3690,1031,2,0,184.11600000000001,0
7,3691,1039,2,0,182.23099999999999,0
7,3692,1047,2,0,170.316,0
7,3693,1055,2,0,183.488,0
7,3694,1063,2,0,150.52199999999999,0
7,3695,1071,2,0,189.131,0
7,3696,1079,2,0,182.17699999999999,0
7,3697,1087,2,0,156.15299999999999,0
7,3698,1095,2,0,138.262,0
7,3699,1103,2,0,160.547,0
7,3700,1111,2,0,181.548,0
7,3701,1119,2,0,180.66,0
7,3702,1127,2,0,185.54499999999999,0
7,3703,1135,2,0,202.227,0
7,3704,1143,2,0,174.69999999999999,0
7,3705,1151,2,0,185.67599999999999,0
7,3706,1159,2,0,193.19399999999999,0
7,3707,1167,2,0,166.852,0
7,3708,1175,2,0,152.96299999999999,0
7,3709,1183,2,0,153.40700000000001,0
7,3710,1191,2,0,138.24799999999999,0
7,3711,1199,2,0,166.37700000000001,0
7,3712,1207,2,0,182.84800000000001,0
7,3713,1215,2,0,157.11500000000001,0
7,3714,1223,2,0,157.62700000000001,0
7,3715,1231,2,0,175.13800000000001,0
7,3716,1239,2,0,193.578,0
7,3717,1247,2,0,154.86500000000001,0
7,3718,1255,2,0,207.928,0
7,3719,1263,2,0,164.74299999999999,0
7,3720,1271,2,0,162.72200000000001,0
7,3721,1279,2,0,181.08099999999999,0
7,3722,1287,2,0,177.85400000000001,0
7,3723,1295,2,0,200.93700000000001,0
7,3724,1303,2,0,168.215,0
7,3725,1311,2,0,186.33099999999999,0
7,3726,1319,2,0,172.321,0
7,3727,1327,2,0,195.27000000000001,0
7,3728,1335,2,0,146.39699999999999,0
7,3729,1343,2,0,157.667,0
7,3730,1351,2,0,179.16300000000001,0
7,3731,1359,2,0,189.09999999999999,0
7,3732,1367,2,0,178.44300000000001,0
7,3733,1375,2,0,135.39699999999999,0
7,3734,1383,2,0,191.57499999999999,0
7,3735,1391,2,0,137.80500000000001,0
7,3736,1399,2,0,196.428,0
7,3737,1407,2,0,165.82499999999999,0
7,3738,1415,2,0,181.88900000000001,0
7,3739,1423,2,0,172.16499999999999,0
7,3740,1431,2,0,166.28200000000001,0
7,3741,1439,2,0,171.274,0
7,3742,1447,2,0,212.29400000000001,0
7,3743,1455,2,0,174.45699999999999,0
7,3744,1463,2,0,183.809,0
7,3745,1471,2,0,201.785,0
7,3746,1479,2,0,141.43899999999999,0
7,3747,1487,2,0,187.34700000000001,0
7,3748,1495,2,0,160.69,0
7,3749,1503,2,0,166.11699999999999,0
7,3750,1511,2,0,180.221,0
7,3751,1519,2,0,194.21299999999999,0
7,3752,1527,2,0,130.41999999999999,0
7,3753,1535,2,0,203.12299999999999,0
7,3754,1543,2,0,190.83500000000001,0
7,3755,1551,2,0,174.053,0
7,3756,1559,2,0,188.398,0
7,3757,1567,2,0,183.94,0
7,3758,1575,2,0,143.375,0
7,3759,1583,2,0,161.51499999999999,0
7,3760,1591,2,0,168.94,0
7,3761,1599,2,0,137.37299999999999,0
7,3762,1607,2,0,170.52600000000001,0
7,3763,1615,2,0,187.16499999999999,0
7,3764,1623,2,0,139.34,0
7,3765,1631,2,0,156.31399999999999,0
7,3766,1639,2,0,159.93299999999999,0
7,3767,1647,2,0,182.43199999999999,0
7,3768,1655,2,0,197.05199999999999,0
7,3769,1663,2,0,163.81700000000001,0
7,3770,1671,2,0,175.70400000000001,0
7,3771,1679,2,0,189.12799999999999,0
7,3772,1687,2,0,186.345,0
7,3773,1695,2,0,173.239,0
7,3774,1703,2,0,164.43199999999999,0
7,3775,1711,2,0,182.74600000000001,0
7,3776,1719,2,0,153.489,0
7,3777,1727,2,0,168.273,0
7,3778,1735,2,0,190.374,0
7,3779,1743,2,0,124.17,0
7,3780,1751,2,0,149.727,0
7,3781,1759,2,0,168.83500000000001,0
7,3782,1767,2,0,154.06200000000001,0
7,3783,1775,2,0,122.521,0
7,3784,1783,2,0,156.328,0
7,3785,1791,2,0,141.22800000000001,0
7,3786,1799,2,0,132.851,0
7,3787,1807,2,0,142.75299999999999,0
7,3788,1815,2,0,171.88900000000001,0
7,3789,1823,2,0,179.96299999999999,0
7,3790,1831,2,0,199.40600000000001,0
7,3791,1839,2,0,146.09299999999999,0
7,3792,1847,2,0,159.56700000000001,0
7,3793,1855,2,0,193.262,0
7,3794,1863,2,0,178.38300000000001,0
7,3795,1871,2,0,209.79400000000001,0
7,3796,1879,2,0,152.03800000000001,0
7,3797,1887,2,0,164.56200000000001,0
7,3798,1895,2,0,129.52199999999999,0
7,3799,1903,2,0,180.696,0
7,3800,1911,2,0,178.024,0
7,3801,1919,2,0,123.879,0
7,3802,1927,2,0,141.893,0
7,3803,1935,2,0,161.59399999999999,0
7,3804,1943,2,0,197.06100000000001,0
7,3805,1951,2,0,259.64999999999998,0
7,3806,1959,2,0,151.25200000000001,0
7,3807,1967,2,0,129.137,0
7,3808,1975,2,0,180.22499999999999,0
7,3809,1983,2,0,189.90000000000001,0
7,3810,1991,2,0,201.10599999999999,0
7,3811,1999,2,0,158.43299999999999,0
7,3812,2007,2,0,205.10400000000001,0
7,3813,2015,2,0,193.66499999999999,0
7,3814,2023,2,0,213.66900000000001,0
7,3815,2031,2,0,193.24000000000001,0
7,3816,2039,2,0,187.01400000000001,0
7,3817,2047,2,0,134.19200000000001,0
7,3818,2055,2,0,192.483,0
7,3819,2063,2,0,137.845,0
7,3820,2071,2,0,189.726,0
7,3821,2079,2,0,188.983,0
7,3822,2087,2,0,155.90000000000001,0
7,3823,2095,2,0,171.46899999999999,0
7,3824,2103,2,0,157.84299999999999,0
7,3825,2111,2,0,190.89599999999999,0
7,3826,2119,2,0,176.661,0
7,3827,2127,2,0,148.56800000000001,0
7,3828,2135,2,0,171.01900000000001,0
7,3829,2143,2,0,184.18000000000001,0
7,3830,2151,2,0,149.566,0
7,3831,2159,2,0,148.49799999999999,0
7,3832,2167,2,0,190.95599999999999,0
7,3833,2175,2,0,170.91900000000001,0
7,3834,2183,2,0,176.15000000000001,0
7,3835,2191,2,0,173.15299999999999,0
7,3836,2199,2,0,190.185,0
7,3837,2207,2,0,146.51400000000001,0
7,3838,2215,2,0,186.09399999999999,0
7,3839,2223,2,0,163.66999999999999,0
7,3840,2231,2,0,187.977,0
7,3841,2239,2,0,178.47999999999999,0
7,3842,2247,2,0,188.88300000000001,0
7,3843,2255,2,0,173.36199999999999,0
7,3844,2263,2,0,150.17599999999999,0
7,3845,2271,2,0,154.65899999999999,0
7,3846,2279,2,0,196.58199999999999,0
7,3847,2287,2,0,196.00299999999999,0
7,3848,2295,2,0,185.19999999999999,0
7,3849,2303,2,0,173.68199999999999,0
7,3850,2311,2,0,176.23400000000001,0
7,3851,2319,2,0,184.53800000000001,0
7,3852,2327,2,0,188.803,0
7,3853,2335,2,0,186.24199999999999,0
7,3854,2343,2,0,176.75200000000001,0
7,3855,2351,2,0,174.334,0
7,3856,2359,2,0,222.215,0
7,3857,2367,2,0,160.19,0
7,3858,2375,2,0,132.26499999999999,0
7,3859,2383,2,0,152.63499999999999,0
7,3860,2391,2,0,201.369,0
7,3861,2399,2,0,171.41399999999999,0
7,3862,2407,2,0,182.32400000000001,0
7,3863,2415,2,0,172.387,0
7,3864,2423,2,0,177.965,0
7,3865,2431,2,0,191.21199999999999,0
7,3866,2439,2,0,192.72999999999999,0
7,3867,2447,2,0,147.643,0
7,3868,2455,2,0,184.32499999999999,0
7,3869,2463,2,0,197.95099999999999,0
7,3870,2471,2,0,150.18600000000001,0
7,3871,2479,2,0,167.60900000000001,0
7,3872,2487,2,0,176.941,0
7,3873,2495,2,0,146.875,0
7,3874,2503,2,0,186.10300000000001,0
7,3875,2511,2,0,188.749,0
7,3876,2519,2,0,193.416,0
7,3877,2527,2,0,176.798,0
7,3878,2535,2,0,150.13,0
7,3879,2543,2,0,177.15000000000001,0
7,3880,2551,2,0,172.41900000000001,0
7,3881,2559,2,0,215.499,0
7,3882,2567,2,0,184.803,0
7,3883,2575,2,0,161.86799999999999,0
7,3884,2583,2,0,160.363,0
7,3885,2591,2,0,177.09299999999999,0
7,3886,2599,2,0,178.93899999999999,0
7,3887,2607,2,0,198.47300000000001,0
7,3888,2615,2,0,189.708,0
7,3889,2623,2,0,132.39599999999999,0
7,3890,2631,2,0,209.62100000000001,0
7,3891,2639,2,0,152.773,0
7,3892,2647,2,0,167.416,0
7,3893,2655,2,0,185.90899999999999,0
7,3894,2663,2,0,191.423,0
7,3895,2671,2,0,175.816,0
7,3896,2679,2,0,191.39400000000001,0
7,3897,2687,2,0,118.12,0
7,3898,2695,2,0,173.554,0
7,3899,2703,2,0,176.23599999999999,0
7,3900,2711,2,0,185.804,0
7,3901,2719,2,0,149.89699999999999,0
7,3902,2727,2,0,152.18100000000001,0
7,3903,2735,2,0,163.15600000000001,0
7,3904,2743,2,0,164.45099999999999,0
7,3905,2751,2,0,207.63,0
7,3906,2759,2,0,168.63900000000001,0
7,3907,2767,2,0,194.03700000000001,0
7,3908,2775,2,0,180.41900000000001,0
7,3909,2783,2,0,182.03899999999999,0
7,3910,2791,2,0,210.24000000000001,0
7,3911,2799,2,0,192.917,0
7,3912,2807,2,0,195.71000000000001,0
7,3913,2815,2,0,180.14699999999999,0
7,3914,2823,2,0,167.59,0
7,3915,2831,2,0,183.43600000000001,0
7,3916,2839,2,0,178.839,0
7,3917,2847,2,0,137.261,0
7,3918,2855,2,0,172.55600000000001,0
7,3919,2863,2,0,183.08000000000001,0
7,3920,2871,2,0,136.708,0
7,3921,2879,2,0,179.005,0
7,3922,2887,2,0,168.08600000000001,0
7,3923,2895,2,0,192.57300000000001,0
7,3924,2903,2,0,164.70099999999999,0
7,3925,2911,2,0,181.49600000000001,0
7,3926,2919,2,0,140.483,0
7,3927,2927,2,0,215.22300000000001,0
7,3928,2935,2,0,169.161,0
7,3929,2943,2,0,156.47300000000001,0
7,3930,2951,2,0,157.364,0
7,3931,2959,2,0,180.422,0
7,3932,2967,2,0,181.54300000000001,0
7,3933,2975,2,0,157.50200000000001,0
7,3934,2983,2,0,181.815,0
7,3935,2991,2,0,188.16800000000001,0
7,3936,2999,2,0,162.97800000000001,0
7,3937,3007,2,0,123.062,0
7,3938,3015,2,0,182.14400000000001,0
7,3939,3023,2,0,157.15100000000001,0
7,3940,3031,2,0,183.28800000000001,0
7,3941,3039,2,0,211.55799999999999,0
7,3942,3047,2,0,205.86699999999999,0
7,3943,3055,2,0,192.077,0
7,3944,3063,2,0,143.84700000000001,0
7,3945,3071,2,0,184.464,0
7,3946,3079,2,0,188.029,0
7,3947,3087,2,0,175.78200000000001,0
7,3948,3095,2,0,185.685,0
7,3949,3103,2,0,190.066,0
7,3950,3111,2,0,148.61099999999999,0
7,3951,3119,2,0,170.779,0
7,3952,3127,2,0,192.77000000000001,0
7,3953,3135,2,0,174.81200000000001,0
7,3954,3143,2,0,154.66300000000001,0
7,3955,3151,2,0,193.66800000000001,0
7,3956,3159,2,0,206.94800000000001,0
7,3957,3167,2,0,196.56,0
7,3958,3175,2,0,167.94499999999999,0
7,3959,3183,2,0,176.22399999999999,0
7,3960,3191,2,0,197.49299999999999,0
7,3961,3199,2,0,165.19200000000001,0
7,3962,3207,2,0,152.28899999999999,0
7,3963,3215,2,0,196.447,0
7,3964,3223,2,0,188.488,0
7,3965,3231,2,0,175.70099999999999,0
7,3966,3239,2,0,178.46899999999999,0
7,3967,3247,2,0,181.584,0
7,3968,3255,2,0,191.03100000000001,0
7,3969,3263,2,0,187.631,0
7,3970,3271,2,0,168.399,0
7,3971,3279,2,0,197.22399999999999,0
7,3972,3287,2,0,175.61799999999999,0
7,3973,3295,2,0,182.09800000000001,0
7,3974,3303,2,0,183.245,0
7,3975,3311,2,0,185.93299999999999,0
7,3976,3319,2,0,152.376,0
7,3977,3327,2,0,178.553,0
7,3978,3335,2,0,152.11799999999999,0
7,3979,3343,2,0,190.77000000000001,0
7,3980,3351,2,0,186.30099999999999,0
7,3981,3359,2,0,192.745,0
7,3982,3367,2,0,151.43600000000001,0
7,3983,3375,2,0,190.16,0
7,3984,3383,2,0,161.345,0
7,3985,3391,2,0,161.99199999999999,0
7,3986,3399,2,0,176.06,0
7,3987,3407,2,0,174.131,0
7,3988,3415,2,0,195.90799999999999,0
7,3989,3423,2,0,148.56999999999999,0
7,3990,3431,2,0,190.244,0
7,3991,3439,2,0,176.03899999999999,0
7,3992,3447,2,0,172.363,0
7,3993,3455,2,0,150.17599999999999,0
7,3994,3463,2,0,189.29499999999999,0
7,3995,3471,2,0,178.09100000000001,0
7,3996,3479,2,0,169.48400000000001,0
7,3997,3487,2,0,220.79300000000001,0
7,3998,3495,2,0,180.649,0
7,3999,3503,2,0,183.06,0
7,4000,3511,2,0,167.40700000000001,0
7,4001,3519,2,0,182.27600000000001,0
7,4002,3527,2,0,162.81200000000001,0
7,4003,3535,2,0,197.767,0
7,4004,3543,2,0,181.196,0
7,4005,3551,2,0,178.80600000000001,0
7,4006,3559,2,0,143.45099999999999,0
7,4007,3567,2,0,163.715,0
7,4008,3575,2,0,182.17500000000001,0
7,4009,3583,2,0,193.148,0
7,4010,3591,2,0,193.21000000000001,0
7,4011,3599,2,0,174.19,0
7,4012,3607,2,0,196.97,0
7,4013,3615,2,0,169.643,0
7,4014,3623,2,0,197.27600000000001,0
7,4015,3631,2,0,183.89500000000001,0
7,4016,3639,2,0,194.589,0
7,4017,3647,2,0,172.44800000000001,0
7,4018,3655,2,0,196.721,0
7,4019,3663,2,0,156.67500000000001,0
7,4020,3671,2,0,149.92400000000001,0
7,4021,3679,2,0,197.279,0
7,4022,3687,2,0,169.47499999999999,0
7,4023,3695,2,0,195.929,0
7,4024,3703,2,0,184.47300000000001,0
7,4025,3711,2,0,175.64099999999999,0
7,4026,3719,2,0,172.15799999999999,0
7,4027,3727,2,0,169.89099999999999,0
7,4028,3735,2,0,182.215,0
7,4029,3743,2,0,177.15700000000001,0
7,4030,3751,2,0,178.376,0
7,4031,3759,2,0,170.096,0
7,4032,3767,2,0,200.10400000000001,0
7,4033,3775,2,0,177.072,0
7,4034,3783,2,0,158.36000000000001,0
7,4035,3791,2,0,179.566,0
7,4036,3799,2,0,140.137,0
7,4037,3807,2,0,176.46700000000001,0
7,4038,3815,2,0,123.977,0
7,4039,3823,2,0,138.93299999999999,0
7,4040,3831,2,0,127.922,0
7,4041,3839,2,0,170.797,0
7,4042,3847,2,0,192.14400000000001,0
7,4043,3855,2,0,149.29499999999999,0
7,4044,3863,2,0,182.53200000000001,0
7,4045,3871,2,0,158.94300000000001,0
7,4046,3879,2,0,160.59200000000001,0
7,4047,3887,2,0,202.82599999999999,0
7,4048,3895,2,0,170.03899999999999,0
7,4049,3903,2,0,165.178,0
7,4050,3911,2,0,166.863,0
7,4051,3919,2,0,158.85900000000001,0
7,4052,3927,2,0,170.24799999999999,0
7,4053,3935,2,0,187.37700000000001,0
7,4054,3943,2,0,149.256,0
7,4055,3951,2,0,160.11699999999999,0
7,4056,3959,2,0,143.67099999999999,0
7,4057,3967,2,0,177.99299999999999,0
7,4058,3975,2,0,197.756,0
7,4059,3983,2,0,240.042,0
7,4060,3991,2,0,171.19300000000001,0
7,4061,3999,2,0,186.10300000000001,0
7,4062,4007,2,0,156.11699999999999,0
7,4063,4015,2,0,171.55799999999999,0
7,4064,4023,2,0,185.90799999999999,0
7,4065,4031,2,0,149.81899999999999,0
7,4066,4039,2,0,150.148,0
7,4067,4047,2,0,181.74199999999999,0
7,4068,4055,2,0,167.74799999999999,0
7,4069,4063,2,0,178.791,0
7,4070,4071,2,0,167.22999999999999,0
7,4071,4079,2,0,184.41300000000001,0
7,4072,4087,2,0,164.245,0
7,4073,4095,2,0,160.053,0
7,4074,4103,2,0,178.411,0
7,4075,4111,2,0,191.31299999999999,0
7,4076,4119,2,0,146,0
7,4077,4127,2,0,159.07400000000001,0
7,4078,4135,2,0,180.958,0
7,4079,4143,2,0,156.49000000000001,0
7,4080,4151,2,0,165.17500000000001,0
7,4081,4159,2,0,146.14699999999999,0
7,4082,4167,2,0,174.23400000000001,0
7,4083,4175,2,0,192.816,0
7,4084,4183,2,0,180.74700000000001,0
7,4085,4191,2,0,161.053,0
7,4086,4199,2,0,202.386,0
7,4087,4207,2,0,200.471,0
7,4088,4215,2,0,212.85400000000001,0
7,4089,4223,2,0,174.28399999999999,0
7,4090,4231,2,0,177.16800000000001,0
7,4091,4239,2,0,191.535,0
7,4092,4247,2,0,154.28399999999999,0
7,4093,4255,2,0,184.07400000000001,0
7,4094,4263,2,0,152.001,0
7,4095,4271,2,0,164.79300000000001,0
7,4096,4279,2,0,180.36600000000001,0
7,4097,4287,2,0,187.501,0
7,4098,4295,2,0,180.017,0
7,4099,4303,2,0,194.32900000000001,0
7,4100,4311,2,0,185.58000000000001,0
7,4101,4319,2,0,167.05699999999999,0
7,4102,4327,2,0,230.453,0
7,4103,4335,2,0,211.33000000000001,0
7,4104,4343,2,0,182.11500000000001,0
7,4105,4351,2,0,149.625,0
7,4106,4359,2,0,190.92699999999999,0
7,4107,4367,2,0,174.15899999999999,0
7,4108,4375,2,0,212.202,0
7,4109,4383,2,0,178.149,0
7,4110,4391,2,0,184.72900000000001,0
7,4111,4399,2,0,192.63200000000001,0
7,4112,4407,2,0,168.49799999999999,0
7,4113,4415,2,0,187.256,0
7,4114,4423,2,0,181.20099999999999,0
7,4115,4431,2,0,175.01300000000001,0
7,4116,4439,2,0,188.851,0
7,4117,4447,2,0,184.589,0
7,4118,4455,2,0,200.05500000000001,0
7,4119,4463,2,0,185.33500000000001,0
7,4120,4471,2,0,181.28100000000001,0
7,4121,4479,2,0,205.67099999999999,0
7,4122,4487,2,0,155.63399999999999,0
7,4123,4495,2,0,180.90100000000001,0
7,4124,4503,2,0,186.38300000000001,0
7,4125,4511,2,0,178.13499999999999,0
7,4126,4519,2,0,179.96799999999999,0
7,4127,4527,2,0,185.172,0
7,4128,4535,2,0,168.04900000000001,0
7,4129,4543,2,0,156.988,0
7,4130,4551,2,0,176.083,0
7,4131,4559,2,0,159.203,0
7,4132,4567,2,0,182.363,0
7,4133,4575,2,0,205.68600000000001,0
7,4134,4583,2,0,194.35400000000001,0
7,4135,4591,2,0,186.00399999999999,0
7,4136,4599,2,0,207.864,0
7,4137,4607,2,0,187.55699999999999,0
7,4138,4615,2,0,184.006,0
7,4139,4623,2,0,121.134,0
7,4140,4631,2,0,164.852,0
7,4141,4639,2,0,148.96100000000001,0
7,4142,4647,2,0,156.107,0
7,4143,4655,2,0,194.31899999999999,0
7,4144,4663,2,0,201.80199999999999,0
7,4145,4671,2,0,216.53800000000001,0
7,4146,4679,2,0,192.47999999999999,0
7,4147,4687,2,0,152.32300000000001,0
7,4148,4695,2,0,193.15100000000001,0
7,4149,4703,2,0,179.095,0
7,4150,4711,2,0,149.13499999999999,0
7,4151,4719,2,0,186.94,0
7,4152,4727,2,0,175.32599999999999,0
7,4153,4735,2,0,156.43000000000001,0
7,4154,4743,2,0,145.13399999999999,0
7,4155,4751,2,0,186.81999999999999,0
7,4156,4759,2,0,192.947,0
7,4157,4767,2,0,192.97499999999999,0
7,4158,4775,2,0,180.16499999999999,0
7,4159,4783,2,0,175.636,0
7,4160,4791,2,0,170.28299999999999,0
7,4161,4799,2,0,156.16399999999999,0
7,4162,4807,2,0,164.71600000000001,0
7,4163,4815,2,0,196.18899999999999,0
7,4164,4823,2,0,178.99199999999999,0
7,4165,4831,2,0,193.43799999999999,0
7,4166,4839,2,0,118.032,0
7,4167,4847,2,0,138.46299999999999,0
7,4168,4855,2,0,135.31299999999999,0
7,4169,4863,2,0,173.65799999999999,0
7,4170,4871,2,0,189.26499999999999,0
7,4171,4879,2,0,189.09999999999999,0
7,4172,4887,2,0,155.64699999999999,0
7,4173,4895,2,0,179.15600000000001,0
7,4174,4903,2,0,183.30099999999999,0
7,4175,4911,2,0,184.774,0
7,4176,4919,2,0,128.91200000000001,0
7,4177,4927,2,0,197.667,0
7,4178,4935,2,0,142.65700000000001,0
7,4179,4943,2,0,192.83000000000001,0
7,4180,4951,2,0,157.78399999999999,0
7,4181,4959,2,0,166.58199999999999,0
7,4182,4967,2,0,180.08199999999999,0
7,4183,4975,2,0,186.83799999999999,0
7,4184,4983,2,0,175.024,0
7,4185,4991,2,0,183.16900000000001,0
7,4186,4999,2,0,187.44399999999999,0
7,4187,5007,2,0,155.77000000000001,0
7,4188,5015,2,0,189.80799999999999,0
7,4189,5023,2,0,172.43199999999999,0
7,4190,5031,2,0,180.19399999999999,0
7,4191,5039,2,0,180.208,0
7,4192,5047,2,0,184.94300000000001,0
7,4193,5055,2,0,176.12,0
7,4194,5063,2,0,176.655,0
7,4195,5071,2,0,195.43100000000001,0
7,4196,5079,2,0,177.828,0
7,4197,5087,2,0,164.65600000000001,0
7,4198,5095,2,0,142.63800000000001,0
7,4199,5103,2,0,188.75,0
7,4200,5111,2,0,179.73400000000001,0
7,4201,5119,2,0,187.03100000000001,0
7,4202,5127,2,0,183.66,0
7,4203,5135,2,0,164.71700000000001,0
7,4204,5143,2,0,205.25299999999999,0
7,4205,5151,2,0,171.71299999999999,0
7,4206,5159,2,0,176.488,0
7,4207,5167,2,0,153.15000000000001,0
7,4208,5175,2,0,150.16300000000001,0
7,4209,5183,2,0,191.905,0
7,4210,5191,2,0,149.01499999999999,0
7,4211,5199,2,0,191.959,0
7,4212,5207,2,0,166.119,0
7,4213,5215,2,0,203.34999999999999,0
7,4214,5223,2,0,178.167,0
7,4215,5231,2,0,168.15700000000001,0
7,4216,5239,2,0,181.19499999999999,0
7,4217,5247,2,0,192.15600000000001,0
7,4218,5255,2,0,176.00800000000001,0
7,4219,5263,2,0,157.07300000000001,0
7,4220,5271,2,0,187.899,0
7,4221,5279,2,0,189.95500000000001,0
7,4222,5287,2,0,160.988,0
7,4223,5295,2,0,191.09800000000001,0
7,4224,5303,2,0,138.09899999999999,0
7,4225,5311,2,0,169.209,0
7,4226,5319,2,0,196.245,0
7,4227,5327,2,0,194.31899999999999,0
7,4228,5335,2,0,210.78800000000001,0
7,4229,5343,2,0,190.95500000000001,0
7,4230,5351,2,0,178.72800000000001,0
7,4231,5359,2,0,187.71700000000001,0
7,4232,5367,2,0,191.697,0
7,4233,5375,2,0,158.34999999999999,0
7,4234,5383,2,0,156.637,0
7,4235,5391,2,0,195.36099999999999,0
7,4236,5399,2,0,153.733,0
7,4237,5407,2,0,178.47800000000001,0
7,4238,5415,2,0,192.85900000000001,0
7,4239,5423,2,0,195.98500000000001,0
7,4240,5431,2,0,196.33500000000001,0
7,4241,5439,2,0,153.45099999999999,0
7,4242,5447,2,0,187.32300000000001,0
7,4243,5455,2,0,166.56299999999999,0
7,4244,5463,2,0,136.09800000000001,0
7,4245,5471,2,0,194.84399999999999,0
7,4246,5479,2,0,152.41999999999999,0
7,4247,5487,2,0,151.185,0
7,4248,5495,2,0,193.83799999999999,0
7,4249,5503,2,0,161.786,0
7,4250,5511,2,0,201.76499999999999,0
7,4251,5519,2,0,185.614,0
7,4252,5527,2,0,177.583,0
7,4253,5535,2,0,157.10499999999999,0
7,4254,5543,2,0,142.203,0
7,4255,5551,2,0,203.18700000000001,0
7,4256,5559,2,0,184.66499999999999,0
7,4257,5567,2,0,191.83099999999999,0
7,4258,5575,2,0,157.989,0
7,4259,5583,2,0,162.244,0
7,4260,5591,2,0,178.26400000000001,0
7,4261,5599,2,0,171.22399999999999,0
7,4262,5607,2,0,181.054,0
7,4263,5615,2,0,158.625,0
7,4264,5623,2,0,139.21600000000001,0
7,4265,5631,2,0,165.65000000000001,0
7,4266,5639,2,0,165.785,0
7,4267,5647,2,0,184.86699999999999,0
7,4268,5655,2,0,196.708,0
7,4269,5663,2,0,170.852,0
7,4270,5671,2,0,167.029,0
7,4271,5679,2,0,194.785,0
7,4272,5687,2,0,191.46100000000001,0
7,4273,5695,2,0,195.70500000000001,0
7,4274,5703,2,0,177.035,0
7,4275,5711,2,0,153.416,0
7,4276,5719,2,0,158.821,0
7,4277,5727,2,0,152.453,0
7,4278,5735,2,0,191.583,0
7,4279,5743,2,0,184.53,0
7,4280,5751,2,0,164.81100000000001,0
7,4281,5759,2,0,150.732,0
7,4282,5767,2,0,163.14400000000001,0
7,4283,5775,2,0,185.98400000000001,0
7,4284,5783,2,0,185.41900000000001,0
7,4285,5791,2,0,155.34800000000001,0
7,4286,5799,2,0,179.489,0
7,4287,5807,2,0,179.976,0
7,4288,5815,2,0,189.13800000000001,0
7,4289,5823,2,0,197.85499999999999,0
7,4290,5831,2,0,192.53200000000001,0
7,4291,5839,2,0,191.09899999999999,0
7,4292,5847,2,0,172.226,0
7,4293,5855,2,0,191.077,0
7,4294,5863,2,0,171.63800000000001,0
7,4295,5871,2,0,165.04400000000001,0
7,4296,5879,2,0,185.768,0
7,4297,5887,2,0,161.16399999999999,0
7,4298,5895,2,0,191.203,0
7,4299,5903,2,0,173.47300000000001,0
7,4300,5911,2,0,181.01599999999999,0
7,4301,5919,2,0,183.63399999999999,0
7,4302,5927,2,0,154.17400000000001,0
7,4303,5935,2,0,179.56700000000001,0
7,4304,5943,2,0,174.67400000000001,0
7,4305,5951,2,0,193.27699999999999,0
7,4306,5959,2,0,149.15100000000001,0
7,4307,5967,2,0,166.202,0
7,4308,5975,2,0,193.684,0
7,4309,5983,2,0,172.084,0
7,4310,5991,2,0,162.37799999999999,0
7,4311,5999,2,0,149.31100000000001,0
7,4312,6007,2,0,175.374,0
7,4313,6015,2,0,206.322,0
7,4314,6023,2,0,160.346,0
7,4315,6031,2,0,150.55500000000001,0
7,4316,6039,2,0,179.43899999999999,0
7,4317,6047,2,0,176.77000000000001,0
7,4318,6055,2,0,192.56800000000001,0
7,4319,6063,2,0,174.114,0
7,4320,6071,2,0,177.631,0
7,4321,6079,2,0,186.322,0
7,4322,6087,2,0,162.72,0
7,4323,6095,2,0,146.43899999999999,0
7,4324,6103,2,0,152.79300000000001,0
7,4325,6111,2,0,196.631,0
7,4326,6119,2,0,135.74799999999999,0
7,4327,6127,2,0,168.80699999999999,0
7,4328,6135,2,0,170.19800000000001,0
7,4329,6143,2,0,191.28299999999999,0
7,4330,6151,2,0,179.20599999999999,0
7,4331,6159,2,0,161.52199999999999,0
7,4332,6167,2,0,183.126,0
7,4333,6175,2,0,190.33099999999999,0
7,4334,6183,2,0,191.566,0
7,4335,6191,2,0,180.21799999999999,0
7,4336,6199,2,0,203.58799999999999,0
7,4337,6207,2,0,163.51599999999999,0
7,4338,6215,2,0,178.31100000000001,0
7,4339,6223,2,0,192.197,0
7,4340,6231,2,0,132.59,0
7,4341,6239,2,0,177.536,0
7,4342,6247,2,0,158.03999999999999,0
7,4343,6255,2,0,143.84299999999999,0
7,4344,6263,2,0,142.27799999999999,0
7,4345,6271,2,0,178.21199999999999,0
7,4346,6279,2,0,184.143,0
7,4347,6287,2,0,177.90600000000001,0
7,4348,6295,2,0,193.08099999999999,0
7,4349,6303,2,0,189.946,0
7,4350,6311,2,0,168.64500000000001,0
7,4351,6319,2,0,169.928,0
7,4352,6327,2,0,179.696,0
7,4353,6335,2,0,165.23599999999999,0
7,4354,6343,2,0,203.74100000000001,0
7,4355,6351,2,0,162.48500000000001,0
7,4356,6359,2,0,169.505,0
7,4357,6367,2,0,193.99000000000001,0
7,4358,6375,2,0,187.71000000000001,0
7,4359,6383,2,0,148.03100000000001,0
7,4360,6391,2,0,127.084,0
7,4361,6399,2,0,184.43299999999999,0
7,4362,6407,2,0,175.029,0
7,4363,6415,2,0,183.983,0
7,4364,6423,2,0,133.114,0
7,4365,6431,2,0,142.16499999999999,0
7,4366,6439,2,0,208.03800000000001,0
7,4367,6447,2,0,198.78399999999999,0
7,4368,6455,2,0,166.47900000000001,0
7,4369,6463,2,0,161.15899999999999,0
7,4370,6471,2,0,218.69800000000001,0
7,4371,6479,2,0,164.21899999999999,0
7,4372,6487,2,0,173.47499999999999,0
7,4373,6495,2,0,205.90199999999999,0
7,4374,6503,2,0,195.46100000000001,0
7,4375,6511,2,0,216.26499999999999,0
7,4376,6519,2,0,141.22,0
7,4377,6527,2,0,166.72300000000001,0
7,4378,6535,2,0,144.614,0
7,4379,6543,2,0,172.571,0
7,4380,6551,2,0,112.319,0
7,4381,6559,2,0,141.43100000000001,0
7,4382,6567,2,0,143.965,0
7,4383,6575,2,0,187.27099999999999,0
7,4384,6583,2,0,173.71899999999999,0
7,4385,6591,2,0,138.99199999999999,0
7,4386,6599,2,0,187.47399999999999,0
7,4387,6607,2,0,185.369,0
7,4388,6615,2,0,134.679,0
7,4389,6623,2,0,110.78100000000001,0
7,4390,6631,2,0,196.37700000000001,0
7,4391,6639,2,0,169.06299999999999,0
7,4392,6647,2,0,159.749,0
7,4393,6655,2,0,160.965,0
7,4394,6663,2,0,186.976,0
7,4395,6671,2,0,159.31999999999999,0
7,4396,6679,2,0,178.96299999999999,0
7,4397,6687,2,0,162.13800000000001,0
7,4398,6695,2,0,218.95599999999999,0
7,4399,6703,2,0,140.905,0
7,4400,6711,2,0,183.90199999999999,0
7,4401,6719,2,0,175.48699999999999,0
7,4402,6727,2,0,169.47800000000001,0
7,4403,6735,2,0,173.56,0
7,4404,6743,2,0,186.267,0
7,4405,6751,2,0,164.27699999999999,0
7,4406,6759,2,0,186.26499999999999,0
7,4407,6767,2,0,185.06700000000001,0
7,4408,6775,2,0,171.00399999999999,0
7,4409,6783,2,0,169.88200000000001,0
7,4410,6791,2,0,182.60900000000001,0
7,4411,6799,2,0,156.57499999999999,0
7,4412,6807,2,0,176.405,0
7,4413,6815,2,0,222.58199999999999,0
7,4414,6823,2,0,169.524,0
7,4415,6831,2,0,170.86799999999999,0
7,4416,6839,2,0,154.68899999999999,0
7,4417,6847,2,0,194.648,0
7,4418,6855,2,0,173.762,0
7,4419,6863,2,0,187.31800000000001,0
7,4420,6871,2,0,185.49600000000001,0
7,4421,6879,2,0,151.351,0
7,4422,6887,2,0,190.82599999999999,0
7,4423,6895,2,0,189.39099999999999,0
7,4424,6903,2,0,204.49000000000001,0
7,4425,6911,2,0,179.738,0
7,4426,6919,2,0,170.864,0
7,4427,6927,2,0,189.21100000000001,0
7,4428,6935,2,0,192.65299999999999,0
7,4429,6943,2,0,182.06999999999999,0
7,4430,6951,2,0,163.417,0
7,4431,6959,2,0,160.27000000000001,0
7,4432,6967,2,0,206.66999999999999,0
7,4433,6975,2,0,181.505,0
7,4434,6983,2,0,171.655,0
7,4435,6991,2,0,198.714,0
7,4436,6999,2,0,130.93600000000001,0
7,4437,7007,2,0,198.18299999999999,0
7,4438,7015,2,0,148.10400000000001,0
7,4439,7023,2,0,157.845,0
7,4440,7031,2,0,183.33199999999999,0
7,4441,7039,2,0,194.01900000000001,0
7,4442,7047,2,0,171.422,0
7,4443,7055,2,0,163.39699999999999,0
7,4444,7063,2,0,179.00399999999999,0
7,4445,7071,2,0,186.34899999999999,0
7,4446,7079,2,0,181.881,0
7,4447,7087,2,0,150.733,0
7,4448,7095,2,0,176.71799999999999,0
7,4449,7103,2,0,181.95599999999999,0
7,4450,7111,2,0,155.91999999999999,0
7,4451,7119,2,0,186.33600000000001,0
7,4452,7127,2,0,185.10400000000001,0
7,4453,7135,2,0,181.64400000000001,0
7,4454,7143,2,0,164.00800000000001,0
7,4455,7151,2,0,187.00299999999999,0
7,4456,7159,2,0,176.684,0
7,4457,7167,2,0,146.39400000000001,0
7,4458,7175,2,0,182.92699999999999,0
7,4459,7183,2,0,187.76400000000001,0
7,4460,7191,2,0,173.37899999999999,0
7,4461,7199,2,0,186.55600000000001,0
7,4462,7207,2,0,183.047,0
7,4463,7215,2,0,168.81200000000001,0
7,4464,7223,2,0,187.68299999999999,0
7,4465,7231,2,0,148.39599999999999,0
7,4466,7239,2,0,159.23699999999999,0
7,4467,7247,2,0,190.751,0
7,4468,7255,2,0,183.375,0
7,4469,7263,2,0,184.03399999999999,0
7,4470,7271,2,0,190.251,0
7,4471,7279,2,0,182.76499999999999,0
7,4472,7287,2,0,161.66200000000001,0
7,4473,7295,2,0,187.005,0
7,4474,7303,2,0,168.124,0
7,4475,7311,2,0,178.054,0
7,4476,7319,2,0,204.16,0
7,4477,7327,2,0,199.13900000000001,0
7,4478,7335,2,0,190.429,0
7,4479,7343,2,0,198.44,0
7,4480,7351,2,0,177.779,0
7,4481,7359,2,0,168.393,0
7,4482,7367,2,0,159.65700000000001,0
7,4483,7375,2,0,190.62200000000001,0
7,4484,7383,2,0,168.64400000000001,0
7,4485,7391,2,0,192.55600000000001,0
7,4486,7399,2,0,164.78899999999999,0
7,4487,7407,2,0,183.58199999999999,0
7,4488,7415,2,0,199.751,0
7,4489,7423,2,0,168.42599999999999,0
7,4490,7431,2,0,147.73400000000001,0
7,4491,7439,2,0,152.96199999999999,0
7,4492,7447,2,0,171.482,0
7,4493,7455,2,0,187.31800000000001,0
7,4494,7463,2,0,170.56100000000001,0
7,4495,7471,2,0,170.447,0
7,4496,7479,2,0,175.43000000000001,0
7,4497,7487,2,0,211.328,0
7,4498,7495,2,0,180.24000000000001,0
7,4499,7503,2,0,177.96799999999999,0
7,4500,7511,2,0,191.53,0
7,4501,7519,2,0,201.47900000000001,0
7,4502,7527,2,0,165.22200000000001,0
7,4503,7535,2,0,139.52600000000001,0
7,4504,7543,2,0,171.809,0
7,4505,7551,2,0,190.767,0
7,4506,7559,2,0,160.655,0
7,4507,7567,2,0,141.00800000000001,0
7,4508,7575,2,0,175.65100000000001,0
7,4509,7583,2,0,167.77199999999999,0
7,4510,7591,2,0,220.285,0
7,4511,7599,2,0,171.88800000000001,0
7,4512,7607,2,0,198.39599999999999,0
7,4513,7615,2,0,233.55699999999999,0
7,4514,7623,2,0,190.80799999999999,0
7,4515,7631,2,0,159.631,0
7,4516,7639,2,0,171.791,0
7,4517,7647,2,0,199.04300000000001,0
7,4518,7655,2,0,170.56299999999999,0
7,4519,7663,2,0,172.54400000000001,0
7,4520,7671,2,0,159.53899999999999,0
7,4521,7679,2,0,186.114,0
7,4522,7687,2,0,160.762,0
7,4523,7695,2,0,192.75,0
7,4524,7703,2,0,188.185,0
7,4525,7711,2,0,185.785,0
7,4526,7719,2,0,200.98400000000001,0
7,4527,7727,2,0,138.52500000000001,0
7,4528,7735,2,0,161.624,0
7,4529,7743,2,0,171.215,0
7,4530,7751,2,0,155.215,0
7,4531,7759,2,0,191.249,0
7,4532,7767,2,0,189.542,0
7,4533,7775,2,0,190.07900000000001,0
7,4534,7783,2,0,173.71600000000001,0
7,4535,7791,2,0,185.15299999999999,0
7,4536,7799,2,0,156.44900000000001,0
7,4537,7807,2,0,185.898,0
7,4538,7815,2,0,188.029,0
7,4539,7823,2,0,161.40600000000001,0
7,4540,7831,2,0,129.81299999999999,0
7,4541,7839,2,0,160.833,0
7,4542,7847,2,0,184.54599999999999,0
7,4543,7855,2,0,155.57300000000001,0
7,4544,7863,2,0,185.20599999999999,0
7,4545,7871,2,0,189.505,0
7,4546,7879,2,0,215.93700000000001,0
7,4547,7887,2,0,151.54599999999999,0
7,4548,7895,2,0,192.708,0
7,4549,7903,2,0,163.916,0
7,4550,7911,2,0,150.05099999999999,0
7,4551,7919,2,0,191.66,0
7,4552,7927,2,0,206.62899999999999,0
7,4553,7935,2,0,177.476,0
7,4554,7943,2,0,176.143,0
7,4555,7951,2,0,170.267,0
7,4556,7959,2,0,192.654,0
7,4557,7967,2,0,167.869,0
7,4558,7975,2,0,197.18000000000001,0
7,4559,7983,2,0,186.119,0
7,4560,7991,2,0,199.821,0
7,4561,7999,2,0,170.41900000000001,0
7,4562,8007,2,0,162.001,0
7,4563,8015,2,0,197.876,0
7,4564,8023,2,0,178.78299999999999,0
7,4565,8031,2,0,166.833,0
7,4566,8039,2,0,197.607,0
7,4567,8047,2,0,199.82400000000001,0
7,4568,8055,2,0,189.43600000000001,0
7,4569,8063,2,0,195.791,0
7,4570,8071,2,0,176.73400000000001,0
7,4571,8079,2,0,190.93799999999999,0
7,4572,8087,2,0,182.24000000000001,0
7,4573,8095,2,0,155.26900000000001,0
7,4574,8103,2,0,159.68000000000001,0
7,4575,8111,2,0,203.005,0
7,4576,8119,2,0,144.03800000000001,0
7,4577,8127,2,0,186.97900000000001,0
7,4578,8135,2,0,180.321,0
7,4579,8143,2,0,183.15100000000001,0
7,4580,8151,2,0,127.70699999999999,0
7,4581,8159,2,0,194.499,0
7,4582,8167,2,0,149.09100000000001,0
7,4583,8175,2,0,168.899,0
7,4584,8183,2,0,173.815,0
7,4585,8191,2,0,159.90000000000001,0
7,4586,8199,2,0,167.31,0
7,4587,8207,2,0,174.28299999999999,0
7,4588,8215,2,0,199.73699999999999,0
7,4589,8223,2,0,161.27199999999999,0
7,4590,8231,2,0,176.50299999999999,0
7,4591,8239,2,0,182.07400000000001,0
7,4592,8247,2,0,185.989,0
7,4593,8255,2,0,180.518,0
7,4594,8263,2,0,180.04900000000001,0
7,4595,8271,2,0,184.87799999999999,0
7,4596,8279,2,0,169.20699999999999,0
7,4597,8287,2,0,183.27799999999999,0
7,4598,8295,2,0,170.94900000000001,0
7,4599,8303,2,0,185.56,0
7,4600,8311,2,0,159.85499999999999,0
7,4601,8319,2,0,172.32900000000001,0
7,4602,8327,2,0,155.596,0
7,4603,8335,2,0,166.792,0
7,4604,8343,2,0,186.33799999999999,0
7,4605,8351,2,0,186.13300000000001,0
7,4606,8359,2,0,153.809,0
7,4607,8367,2,0,159.84299999999999,0
7,4608,8375,2,0,164.07900000000001,0
7,4609,8383,2,0,169.375,0
7,4610,8391,2,0,173.22499999999999,0
7,4611,8399,2,0,211.53,0
7,4612,8407,2,0,180.29499999999999,0
7,4613,8415,2,0,148.58600000000001,0
7,4614,8423,2,0,190.07300000000001,0
7,4615,8431,2,0,137.14400000000001,0
7,4616,8439,2,0,198.89699999999999,0
7,4617,8447,2,0,185.00899999999999,0
7,4618,8455,2,0,200.66499999999999,0
7,4619,8463,2,0,172.72,0
7,4620,8471,2,0,172.512,0
7,4621,8479,2,0,170.06700000000001,0
7,4622,8487,2,0,173.857,0
7,4623,8495,2,0,184.822,0
7,4624,8503,2,0,188.89699999999999,0
7,4625,8511,2,0,127.95099999999999,0
7,4626,8519,2,0,147.696,0
7,4627,8527,2,0,179.25299999999999,0
7,4628,8535,2,0,158.50700000000001,0
7,4629,8543,2,0,166.50800000000001,0
7,4630,8551,2,0,160.749,0
7,4631,8559,2,0,177.03299999999999,0
7,4632,8567,2,0,191.649,0
7,4633,8575,2,0,196.86099999999999,0
7,4634,8583,2,0,196.30199999999999,0
7,4635,8591,2,0,145.989,0
7,4636,8599,2,0,192.29900000000001,0
7,4637,8607,2,0,165.66900000000001,0
7,4638,8615,2,0,132.84,0
7,4639,8623,2,0,181.29300000000001,0
7,4640,8631,2,0,161.035,0
7,4641,8639,2,0,181.077,0
7,4642,8647,2,0,189.416,0
7,4643,8655,2,0,150.44399999999999,0
7,4644,8663,2,0,206.488,0
7,4645,8671,2,0,205.107,0
7,4646,8679,2,0,180.886,0
7,4647,8687,2,0,177.578,0
7,4648,8695,2,0,143.05600000000001,0
7,4649,8703,2,0,168.03700000000001,0
7,4650,8711,2,0,162.01599999999999,0
7,4651,8719,2,0,195.24299999999999,0
7,4652,8727,2,0,139.54400000000001,0
7,4653,8735,2,0,191.56899999999999,0
7,4654,8743,2,0,170.23699999999999,0
7,4655,8751,2,0,167.69900000000001,0
7,4656,8759,2,0,174.06399999999999,0
7,4657,8767,2,0,191.65899999999999,0
7,4658,8775,2,0,191.387,0
7,4659,8783,2,0,199.846,0
7,4660,8791,2,0,190.54499999999999,0
7,4661,8799,2,0,163.518,0
7,4662,8807,2,0,149.93299999999999,0
7,4663,8815,2,0,169.506,0
7,4664,8823,2,0,170.971,0
7,4665,8831,2,0,191.136,0
7,4666,8839,2,0,186.80600000000001,0
7,4667,8847,2,0,185.54900000000001,0
7,4668,8855,2,0,133.797,0
7,4669,8863,2,0,167.44300000000001,0
7,4670,8871,2,0,187.41999999999999,0
7,4671,8879,2,0,196.34,0
7,4672,8887,2,0,179.18299999999999,0
7,4673,8895,2,0,190.935,0
7,4674,8903,2,0,185.29599999999999,0
7,4675,8911,2,0,161.62299999999999,0
7,4676,8919,2,0,163.36099999999999,0
7,4677,8927,2,0,184.36799999999999,0
7,4678,8935,2,0,168.428,0
7,4679,8943,2,0,199.916,0
7,4680,8951,2,0,169.03,0
7,4681,8959,2,0,179.50999999999999,0
7,4682,8967,2,0,185.93100000000001,0
7,4683,8975,2,0,167.827,0
7,4684,8983,2,0,179.488,0
7,4685,8991,2,0,201.18000000000001,0
7,4686,8999,2,0,187.15100000000001,0
7,4687,9007,2,0,207.518,0
7,4688,9015,2,0,176.66999999999999,0
7,4689,9023,2,0,166.87700000000001,0
7,4690,9031,2,0,160.74700000000001,0
7,4691,9039,2,0,182.82499999999999,0
7,4692,9047,2,0,156.38200000000001,0
7,4693,9055,2,0,187.53,0
7,4694,9063,2,0,183.739,0
7,4695,9071,2,0,179.685,0
7,4696,9079,2,0,156.78200000000001,0
7,4697,9087,2,0,176.482,0
7,4698,9095,2,0,129.095,0
7,4699,9103,2,0,176.46299999999999,0
7,4700,9111,2,0,207.47300000000001,0
7,4701,9119,2,0,130.435,0
7,4702,9127,2,0,166.12200000000001,0
7,4703,9135,2,0,186.684,0
7,4704,9143,2,0,192.80799999999999,0
7,4705,9151,2,0,153.548,0
7,4706,9159,2,0,162.322,0
7,4707,9167,2,0,156.971,0
7,4708,9175,2,0,177.92699999999999,0
7,4709,9183,2,0,201.41,0
7,4710,9191,2,0,163.59899999999999,0
7,4711,9199,2,0,163.83199999999999,0
7,4712,9207,2,0,186.333,0
7,4713,9215,2,0,164.59999999999999,0
7,4714,9223,2,0,183.06399999999999,0
7,4715,9231,2,0,156.898,0
7,4716,9239,2,0,181.77000000000001,0
7,4717,9247,2,0,186.51499999999999,0
7,4718,9255,2,0,187.53700000000001,0
7,4719,9263,2,0,130.59,0
7,4720,9271,2,0,178.45699999999999,0
7,4721,9279,2,0,177.71199999999999,0
7,4722,9287,2,0,149.25899999999999,0
7,4723,9295,2,0,190.00899999999999,0
7,4724,9303,2,0,188.27199999999999,0
7,4725,9311,2,0,134.114,0
7,4726,9319,2,0,185.83799999999999,0
7,4727,9327,2,0,182.09100000000001,0
7,4728,9335,2,0,178.86799999999999,0
7,4729,9343,2,0,179.30099999999999,0
7,4730,9351,2,0,202.17599999999999,0
7,4731,9359,2,0,144.876,0
7,4732,9367,2,0,165.08099999999999,0
7,4733,9375,2,0,203.62899999999999,0
7,4734,9383,2,0,188.154,0
7,4735,9391,2,0,150.91999999999999,0
7,4736,9399,2,0,195.89599999999999,0
7,4737,9407,2,0,143.655,0
7,4738,9415,2,0,205.12799999999999,0
7,4739,9423,2,0,181.87,0
7,4740,9431,2,0,160.268,0
7,4741,9439,2,0,160.327,0
7,4742,9447,2,0,173.48099999999999,0
7,4743,9455,2,0,188.369,0
7,4744,9463,2,0,175.108,0
7,4745,9471,2,0,176.19499999999999,0
7,4746,9479,2,0,222.97800000000001,0
7,4747,9487,2,0,171.30099999999999,0
7,4748,9495,2,0,168.92099999999999,0
7,4749,9503,2,0,154.47800000000001,0
7,4750,9511,2,0,165.82499999999999,0
7,4751,9519,2,0,150.363,0
7,4752,9527,2,0,165.31100000000001,0
7,4753,9535,2,0,184.44,0
7,4754,9543,2,0,165.339,0
7,4755,9551,2,0,153.89699999999999,0
7,4756,9559,2,0,175.34299999999999,0
7,4757,9567,2,0,204.25800000000001,0
7,4758,9575,2,0,201.083,0
7,4759,9583,2,0,183.17099999999999,0
7,4760,9591,2,0,170.761,0
7,4761,9599,2,0,181.071,0
7,4762,9607,2,0,191.28299999999999,0
7,4763,9615,2,0,175.09100000000001,0
7,4764,9623,2,0,144.68799999999999,0
7,4765,9631,2,0,164.76499999999999,0
7,4766,9639,2,0,189.42599999999999,0
7,4767,9647,2,0,122.456,0
7,4768,9655,2,0,180.14599999999999,0
7,4769,9663,2,0,175.095,0
7,4770,9671,2,0,186.55199999999999,0
7,4771,9679,2,0,161.17699999999999,0
7,4772,9687,2,0,202.80099999999999,0
7,4773,9695,2,0,186.88800000000001,0
7,4774,9703,2,0,162.136,0
7,4775,9711,2,0,184.06100000000001,0
7,4776,9719,2,0,190.095,0
7,4777,9727,2,0,154.43899999999999,0
7,4778,9735,2,0,181.08099999999999,0
7,4779,9743,2,0,158.916,0
7,4780,9751,2,0,179.256,0
7,4781,9759,2,0,180.97800000000001,0
7,4782,9767,2,0,134.316,0
7,4783,9775,2,0,166.81100000000001,0
7,4784,9783,2,0,194.78200000000001,0
7,4785,9791,2,0,145.00800000000001,0
7,4786,9799,2,0,169.28800000000001,0
7,4787,9807,2,0,188.19,0
7,4788,9815,2,0,183.43199999999999,0
7,4789,9823,2,0,200.91499999999999,0
7,4790,9831,2,0,190.119,0
7,4791,9839,2,0,150.14400000000001,0
7,4792,9847,2,0,181.499,0
7,4793,9855,2,0,186.91300000000001,0
7,4794,9863,2,0,168.43299999999999,0
7,4795,9871,2,0,146.84399999999999,0
7,4796,9879,2,0,188.16200000000001,0
7,4797,9887,2,0,167.06200000000001,0
7,4798,9895,2,0,146.86099999999999,0
7,4799,9903,2,0,169.601,0
7,4800,9911,2,0,162.03,0
7,4801,9919,2,0,166.852,0
7,4802,9927,2,0,156.16300000000001,0
7,4803,9935,2,0,183.208,0
7,4804,9943,2,0,195.71100000000001,0
7,4805,9951,2,0,168.375,0
7,4806,9959,2,0,196.55600000000001,0
7,4807,9967,2,0,176.71899999999999,0
7,4808,9975,2,0,146.04499999999999,0
7,4809,9983,2,0,138.11600000000001,0
7,4810,9991,2,0,191.19499999999999,0
7,4811,9999,2,0,213.66999999999999,0
7,4812,10007,2,0,158.97999999999999,0
7,4813,10015,2,0,159.315,0
7,4814,10023,2,0,178.82300000000001,0
7,4815,10031,2,0,185.03299999999999,0
7,4816,10039,2,0,183.245,0
7,4817,10047,2,0,193.23099999999999,0
7,4818,10055,2,0,151.97300000000001,0
7,4819,10063,2,0,159.96799999999999,0
7,4820,10071,2,0,171.94,0
7,4821,10079,2,0,229.84200000000001,0
7,4822,10087,2,0,187.73699999999999,0
7,4823,10095,2,0,137.42699999999999,0
7,4824,10103,2,0,156.905,0
7,4825,10111,2,0,200.37200000000001,0
7,4826,10119,2,0,175.83600000000001,0
7,4827,10127,2,0,203.76599999999999,0
7,4828,10135,2,0,168.18100000000001,0
7,4829,10143,2,0,136.119,0
7,4830,10151,2,0,187.77000000000001,0
7,4831,10159,2,0,213.58099999999999,0
7,4832,10167,2,0,173.30500000000001,0
7,4833,10175,2,0,177.35499999999999,0
7,4834,10183,2,0,133.24100000000001,0
7,4835,10191,2,0,195.56399999999999,0
7,4836,10199,2,0,198.47300000000001,0
7,4837,10207,2,0,175.47499999999999,0
7,4838,10215,2,0,191.62200000000001,0
7,4839,10223,2,0,171.71199999999999,0
7,4840,10231,2,0,175.73699999999999,0
7,4841,10239,2,0,158.68600000000001,0
7,4842,10247,2,0,187.28299999999999,0
7,4843,10255,2,0,203.66499999999999,0
7,4844,10263,2,0,196.815,0
7,4845,10271,2,0,195.88499999999999,0
7,4846,10279,2,0,173.589,0
7,4847,10287,2,0,163.184,0
7,4848,10295,2,0,205.03899999999999,0
7,4849,10303,2,0,168.56,0
7,4850,10311,2,0,197.09399999999999,0
7,4851,10319,2,0,186.11600000000001,0
7,4852,10327,2,0,184.72499999999999,0
7,4853,10335,2,0,177.251,0
7,4854,10343,2,0,170.41,0
7,4855,10351,2,0,193.036,0
7,4856,10359,2,0,149.798,0
7,4857,10367,2,0,191.69499999999999,0
7,4858,10375,2,0,178.054,0
7,4859,10383,2,0,153.411,0
7,4860,10391,2,0,136.886,0
7,4861,10399,2,0,149.07300000000001,0
7,4862,10407,2,0,148.852,0
7,4863,10415,2,0,129.59100000000001,0
7,4864,10423,2,0,190.566,0
7,4865,10431,2,0,166.59999999999999,0
7,4866,10439,2,0,163.822,0
7,4867,10447,2,0,162.68600000000001,0
7,4868,10455,2,0,148.97999999999999,0
7,4869,10463,2,0,179.14400000000001,0
7,4870,10471,2,0,163.607,0
7,4871,10479,2,0,168.298,0
7,4872,10487,2,0,181.726,0
7,4873,10495,2,0,159.93899999999999,0
7,4874,10503,2,0,175.27799999999999,0
7,4875,10511,2,0,202.69800000000001,0
7,4876,10519,2,0,180.51599999999999,0
7,4877,10527,2,0,173.221,0
7,4878,10535,2,0,175.31299999999999,0
7,4879,10543,2,0,193.23599999999999,0
7,4880,10551,2,0,185.137,0
7,4881,10559,2,0,183.613,0
7,4882,10567,2,0,175.071,0
7,4883,10575,2,0,176.24000000000001,0
7,4884,10583,2,0,211.79599999999999,0
7,4885,10591,2,0,170.94499999999999,0
7,4886,10599,2,0,177.64599999999999,0
7,4887,10607,2,0,185.762,0
7,4888,10615,2,0,149.99199999999999,0
7,4889,10623,2,0,203.35599999999999,0
7,4890,10631,2,0,157.697,0
7,4891,10639,2,0,194.04900000000001,0
7,4892,10647,2,0,172.67400000000001,0
7,4893,10655,2,0,193.53899999999999,0
7,4894,10663,2,0,191.096,0
7,4895,10671,2,0,114.435,0
7,4896,10679,2,0,181.714,0
7,4897,10687,2,0,188.35400000000001,0
7,4898,10695,2,0,171.774,0
7,4899,10703,2,0,175.95099999999999,0
7,4900,10711,2,0,175.68000000000001,0
7,4901,10719,2,0,192.73699999999999,0
7,4902,10727,2,0,184.45699999999999,0
7,4903,10735,2,0,144.52699999999999,0
7,4904,10743,2,0,164.083,0
7,4905,10751,2,0,185.255,0
7,4906,10759,2,0,203.39099999999999,0
7,4907,10767,2,0,193.15199999999999,0
7,4908,10775,2,0,181.44900000000001,0
7,4909,10783,2,0,170.53700000000001,0
7,4910,10791,2,0,168.31100000000001,0
7,4911,10799,2,0,182.87799999999999,0
7,4912,10807,2,0,133.97999999999999,0
7,4913,10815,2,0,170.672,0
7,4914,10823,2,0,177.00200000000001,0
7,4915,10831,2,0,180.86600000000001,0
7,4916,10839,2,0,118.577,0
7,4917,10847,2,0,192.61099999999999,0
7,4918,10855,2,0,141.66999999999999,0
7,4919,10863,2,0,197.298,0
7,4920,10871,2,0,140.108,0
7,4921,10879,2,0,193.99299999999999,0
7,4922,10887,2,0,180.56299999999999,0
7,4923,10895,2,0,187.51400000000001,0
7,4924,10903,2,0,140.851,0
7,4925,10911,2,0,187.24700000000001,0
7,4926,10919,2,0,184.21000000000001,0
7,4927,10927,2,0,193.58500000000001,0
7,4928,10935,2,0,172.52799999999999,0
7,4929,10943,2,0,150.70500000000001,0
7,4930,10951,2,0,173.20400000000001,0
7,4931,10959,2,0,178.65600000000001,0
7,4932,10967,2,0,143.29300000000001,0
7,4933,10975,2,0,124.68000000000001,0
7,4934,10983,2,0,197.89699999999999,0
7,4935,10991,2,0,146.49100000000001,0
7,4936,10999,2,0,177.238,0
7,4937,11007,2,0,167.72499999999999,0
7,4938,11015,2,0,185.75399999999999,0
7,4939,11023,2,0,185.51300000000001,0
7,4940,11031,2,0,184.846,0
7,4941,11039,2,0,179.459,0
7,4942,11047,2,0,221.74199999999999,0
7,4943,11055,2,0,185.82400000000001,0
7,4944,11063,2,0,149.453,0
7,4945,11071,2,0,171.453,0
7,4946,11079,2,0,187.23599999999999,0
7,4947,11087,2,0,178.131,0
7,4948,11095,2,0,168.857,0
7,4949,11103,2,0,167.113,0
7,4950,11111,2,0,181.69800000000001,0
7,4951,11119,2,0,154.346,0
7,4952,11127,2,0,164.14099999999999,0
7,4953,11135,2,0,137.95599999999999,0
7,4954,11143,2,0,135.82499999999999,0
7,4955,11151,2,0,196.03299999999999,0
7,4956,11159,2,0,189.69900000000001,0
7,4957,11167,2,0,181.21700000000001,0
7,4958,11175,2,0,166.36699999999999,0
7,4959,11183,2,0,190.012,0
7,4960,11191,2,0,146.01499999999999,0
7,4961,11199,2,0,168.67400000000001,0
7,4962,11207,2,0,171.62799999999999,0
7,4963,11215,2,0,184.46799999999999,0
7,4964,11223,2,0,178.673,0
7,4965,11231,2,0,147.14699999999999,0
7,4966,11239,2,0,176.61500000000001,0
7,4967,11247,2,0,182.21799999999999,0
7,4968,11255,2,0,159.09899999999999,0
7,4969,11263,2,0,179.49700000000001,0
7,4970,11271,2,0,188.60499999999999,0
7,4971,11279,2,0,168.309,0
7,4972,11287,2,0,147.24199999999999,0
7,4973,11295,2,0,181.01599999999999,0
7,4974,11303,2,0,174.70599999999999,0
7,4975,11311,2,0,206.99600000000001,0
7,4976,11319,2,0,138.941,0
7,4977,11327,2,0,178.78999999999999,0
7,4978,11335,2,0,154.14599999999999,0
7,4979,11343,2,0,166.494,0
7,4980,11351,2,0,165.15100000000001,0
7,4981,11359,2,0,182.65899999999999,0
7,4982,11367,2,0,178.858,0
7,4983,11375,2,0,178.90299999999999,0
7,4984,11383,2,0,157.822,0
7,4985,11391,2,0,136.31,0
7,4986,11399,2,0,157.97399999999999,0
7,4987,11407,2,0,174.27000000000001,0
7,4988,11415,2,0,199.64699999999999,0
7,4989,11423,2,0,185.15799999999999,0
7,4990,11431,2,0,174.41300000000001,0
7,4991,11439,2,0,146.59,0
7,4992,11447,2,0,182.596,0
7,4993,11455,2,0,145.464,0
7,4994,11463,2,0,185.66800000000001,0
7,4995,11471,2,0,175.941,0
7,4996,11479,2,0,130.089,0
7,4997,11487,2,0,199.691,0
7,4998,11495,2,0,111.557,0
7,4999,11503,2,0,194.19900000000001,0
7,5000,11511,2,0,183.012,0
7,5001,11519,2,0,186.57599999999999,0
7,5002,11527,2,0,148.398,0
7,5003,11535,2,0,139.93000000000001,0
7,5004,11543,2,0,130.779,0
7,5005,11551,2,0,142.13300000000001,0
7,5006,11559,2,0,161.53800000000001,0
7,5007,11567,2,0,192.99299999999999,0
7,5008,11575,2,0,176.13300000000001,0
7,5009,11583,2,0,179.083,0
7,5010,11591,2,0,147.501,0
7,5011,11599,2,0,152.816,0
7,5012,11607,2,0,159.71199999999999,0
7,5013,11615,2,0,178.17699999999999,0
7,5014,11623,2,0,173.81,0
7,5015,11631,2,0,192.136,0
7,5016,11639,2,0,189.04499999999999,0
7,5017,11647,2,0,175.292,0
7,5018,11655,2,0,182.208,0
7,5019,11663,2,0,176.292,0
7,5020,11671,2,0,203.15799999999999,0
7,5021,11679,2,0,189.322,0
7,5022,11687,2,0,169.40000000000001,0
7,5023,11695,2,0,181.69200000000001,0
7,5024,11703,2,0,155.62,0
7,5025,11711,2,0,172.25800000000001,0
7,5026,11719,2,0,146.79499999999999,0
7,5027,11727,2,0,169.172,0
7,5028,11735,2,0,178.78,0
7,5029,11743,2,0,181.11799999999999,0
7,5030,11751,2,0,195.83000000000001,0
7,5031,11759,2,0,171.33600000000001,0
7,5032,11767,2,0,185.125,0
7,5033,11775,2,0,197.99299999999999,0
7,5034,11783,2,0,165.59899999999999,0
7,5035,11791,2,0,169.62200000000001,0
7,5036,11799,2,0,197.392,0
7,5037,11807,2,0,144.30199999999999,0
7,5038,11815,2,0,178.203,0
7,5039,11823,2,0,183.33000000000001,0
7,5040,11831,2,0,192.40799999999999,0
7,5041,11839,2,0,188.76300000000001,0
7,5042,11847,2,0,186.83199999999999,0
7,5043,11855,2,0,169.845,0
7,5044,11863,2,0,151.06100000000001,0
7,5045,11871,2,0,181.983,0
7,5046,11879,2,0,181.73500000000001,0
7,5047,11887,2,0,146.346,0
7,5048,11895,2,0,201.55699999999999,0
7,5049,11903,2,0,186.22800000000001,0
7,5050,11911,2,0,165.208,0
7,5051,11919,2,0,152.809,0
7,5052,11927,2,0,196.49700000000001,0
7,5053,11935,2,0,180,0
7,5054,11943,2,0,179.65799999999999,0
7,5055,11951,2,0,170.86000000000001,0
7,5056,11959,2,0,157.70099999999999,0
7,5057,11967,2,0,182.27500000000001,0
7,5058,11975,2,0,205.42699999999999,0
7,5059,11983,2,0,137.036,0
7,5060,11991,2,0,146.69800000000001,0
7,5061,11999,2,0,174.791,0
7,5062,12007,2,0,172.67099999999999,0
7,5063,12015,2,0,176.434,0
7,5064,12023,2,0,165.24100000000001,0
7,5065,12031,2,0,160.72200000000001,0
7,5066,12039,2,0,180.773,0
7,5067,12047,2,0,196.292,0
7,5068,12055,2,0,175.52199999999999,0
7,5069,12063,2,0,163.81999999999999,0
7,5070,12071,2,0,201.94,0
7,5071,12079,2,0,179.423,0
7,5072,12087,2,0,185.78800000000001,0
7,5073,12095,2,0,194.696,0
7,5074,12103,2,0,127.51000000000001,0
7,5075,12111,2,0,221.166,0
7,5076,12119,2,0,186.34399999999999,0
7,5077,12127,2,0,176.51900000000001,0
7,5078,12135,2,0,136.43000000000001,0
7,5079,12143,2,0,185.488,0
7,5080,12151,2,0,174.16800000000001,0
7,5081,12159,2,0,195.059,0
7,5082,12167,2,0,189.44300000000001,0
7,5083,12175,2,0,182.90100000000001,0
7,5084,12183,2,0,176.22399999999999,0
7,5085,12191,2,0,193.376,0
7,5086,12199,2,0,185.80099999999999,0
7,5087,12207,2,0,178.50999999999999,0
7,5088,12215,2,0,187.42099999999999,0
7,5089,12223,2,0,150.042,0
7,5090,12231,2,0,152.78299999999999,0
7,5091,12239,2,0,147.09399999999999,0
7,5092,12247,2,0,181.672,0
7,5093,12255,2,0,204.03700000000001,0
7,5094,12263,2,0,188.04900000000001,0
7,5095,12271,2,0,157.70400000000001,0
7,5096,12279,2,0,196.21000000000001,0
7,5097,12287,2,0,166.50200000000001,0
7,5098,12295,2,0,161.16900000000001,0
7,5099,12303,2,0,188.126,0
7,5100,12311,2,0,171.10499999999999,0
7,5101,12319,2,0,172.53800000000001,0
7,5102,12327,2,0,189.167,0
7,5103,12335,2,0,177.53800000000001,0
7,5104,12343,2,0,178.173,0
7,5105,12351,2,0,182.94800000000001,0
7,5106,12359,2,0,196.37700000000001,0
7,5107,12367,2,0,175.34399999999999,0
7,5108,12375,2,0,188.596,0
7,5109,12383,2,0,176.005,0
7,5110,12391,2,0,165.62100000000001,0
7,5111,12399,2,0,138.26499999999999,0
7,5112,12407,2,0,206.083,0
7,5113,12415,2,0,183.97499999999999,0
7,5114,12423,2,0,169.24000000000001,0
7,5115,12431,2,0,183.55099999999999,0
7,5116,12439,2,0,177.44900000000001,0
7,5117,12447,2,0,134.66,0
7,5118,12455,2,0,173.91999999999999,0
7,5119,12463,2,0,179.92599999999999,0
7,5120,12471,2,0,182.13900000000001,0
7,5121,12479,2,0,173.58600000000001,0
7,5122,12487,2,0,189.917,0
7,5123,12495,2,0,184.69499999999999,0
7,5124,12503,2,0,145.251,0
7,5125,12511,2,0,164.27799999999999,0
7,5126,12519,2,0,177.08199999999999,0
7,5127,12527,2,0,190.589,0
7,5128,12535,2,0,202.04599999999999,0
7,5129,12543,2,0,199.714,0
7,5130,12551,2,0,149.25899999999999,0
7,5131,12559,2,0,126.602,0
7,5132,12567,2,0,172.077,0
7,5133,12575,2,0,175.41,0
7,5134,12583,2,0,192.33000000000001,0
7,5135,12591,2,0,187.44300000000001,0
7,5136,12599,2,0,164.71899999999999,0
7,5137,12607,2,0,186.46899999999999,0
7,5138,12615,2,0,137.22200000000001,0
7,5139,12623,2,0,189.55000000000001,0
7,5140,12631,2,0,159.01400000000001,0
7,5141,12639,2,0,172.77799999999999,0
7,5142,12647,2,0,165.98099999999999,0
7,5143,12655,2,0,137.07900000000001,0
7,5144,12663,2,0,194.36199999999999,0
7,5145,12671,2,0,193.61099999999999,0
7,5146,12679,2,0,195.00700000000001,0
7,5147,12687,2,0,180.80699999999999,0
7,5148,12695,2,0,184.41499999999999,0
7,5149,12703,2,0,191.262,0
7,5150,12711,2,0,179.94300000000001,0
7,5151,12719,2,0,166.98400000000001,0
7,5152,12727,2,0,142.03800000000001,0
7,5153,12735,2,0,175.852,0
7,5154,12743,2,0,191.422,0
7,5155,12751,2,0,147.77699999999999,0
7,5156,12759,2,0,164.01300000000001,0
7,5157,12767,2,0,193.66200000000001,0
7,5158,12775,2,0,174.922,0
7,5159,12783,2,0,181.76499999999999,0
7,5160,12791,2,0,184.505,0
7,5161,12799,2,0,192.81800000000001,0
7,5162,12807,2,0,184.08199999999999,0
7,5163,12815,2,0,164.172,0
7,5164,12823,2,0,169.99000000000001,0
7,5165,12831,2,0,181.92699999999999,0
7,5166,12839,2,0,181.76499999999999,0
7,5167,12847,2,0,152.453,0
7,5168,12855,2,0,178.65700000000001,0
7,5169,12863,2,0,184.16399999999999,0
7,5170,12871,2,0,134.33099999999999,0
7,5171,12879,2,0,128.035,0
7,5172,12887,2,0,170.19300000000001,0
7,5173,12895,2,0,180.053,0
7,5174,12903,2,0,177.637,0
7,5175,12911,2,0,174.44300000000001,0
7,5176,12919,2,0,154.15899999999999,0
7,5177,12927,2,0,190.387,0
7,5178,12935,2,0,149.37299999999999,0
7,5179,12943,2,0,179.73599999999999,0
7,5180,12951,2,0,165.191,0
7,5181,12959,2,0,183.34700000000001,0
7,5182,12967,2,0,195.79900000000001,0
7,5183,12975,2,0,175.35900000000001,0
7,5184,12983,2,0,161.91300000000001,0
7,5185,12991,2,0,182.32300000000001,0
7,5186,12999,2,0,164.542,0
7,5187,13007,2,0,118.74299999999999,0
7,5188,13015,2,0,176.19,0
7,5189,13023,2,0,176.99799999999999,0
7,5190,13031,2,0,192.65799999999999,0
7,5191,13039,2,0,167.499,0
7,5192,13047,2,0,142.989,0
7,5193,13055,2,0,150.654,0
7,5194,13063,2,0,198.06700000000001,0
7,5195,13071,2,0,172.37299999999999,0
7,5196,13079,2,0,174.42500000000001,0
7,5197,13087,2,0,157.595,0
7,5198,13095,2,0,165.393,0
7,5199,13103,2,0,177.92599999999999,0
7,5200,13111,2,0,139.17599999999999,0
7,5201,13119,2,0,175.202,0
7,5202,13127,2,0,197.547,0
7,5203,13135,2,0,187.41800000000001,0
7,5204,13143,2,0,200.02500000000001,0
7,5205,13151,2,0,167.786,0
7,5206,13159,2,0,191.42699999999999,0
7,5207,13167,2,0,172.857,0
7,5208,13175,2,0,161.08699999999999,0
7,5209,13183,2,0,167.77500000000001,0
7,5210,13191,2,0,184.726,0
7,5211,13199,2,0,143.143,0
7,5212,13207,2,0,184.54300000000001,0
7,5213,13215,2,0,182.191,0
7,5214,13223,2,0,184.38800000000001,0
7,5215,13231,2,0,177.97,0
7,5216,13239,2,0,185.17599999999999,0
7,5217,13247,2,0,165.12200000000001,0
7,5218,13255,2,0,191.917,0
7,5219,13263,2,0,195.239,0
7,5220,13271,2,0,212.36199999999999,0
7,5221,13279,2,0,174.64400000000001,0
7,5222,13287,2,0,174.11500000000001,0
7,5223,13295,2,0,168.673,0
7,5224,13303,2,0,165.41499999999999,0
7,5225,13311,2,0,133.78,0
7,5226,13319,2,0,185.148,0
7,5227,13327,2,0,165.696,0
7,5228,13335,2,0,163.84399999999999,0
7,5229,13343,2,0,184.75800000000001,0
7,5230,13351,2,0,188.97,0
7,5231,13359,2,0,205.89699999999999,0
7,5232,13367,2,0,179.18600000000001,0
7,5233,13375,2,0,175.99700000000001,0
7,5234,13383,2,0,153.08500000000001,0
7,5235,13391,2,0,149.803,0
7,5236,13399,2,0,175.11500000000001,0
7,5237,13407,2,0,178.619,0
7,5238,13415,2,0,182.30099999999999,0
7,5239,13423,2,0,195.71100000000001,0
7,5240,13431,2,0,136.834,0
7,5241,13439,2,0,174.58699999999999,0
7,5242,13447,2,0,137.34100000000001,0
7,5243,13455,2,0,177.792,0
7,5244,13463,2,0,201.10900000000001,0
7,5245,13471,2,0,163.596,0
7,5246,13479,2,0,190.93299999999999,0
7,5247,13487,2,0,166.364,0
7,5248,13495,2,0,182.21199999999999,0
7,5249,13503,2,0,200.84200000000001,0
7,5250,13511,2,0,158.50399999999999,0
7,5251,13519,2,0,194.53,0
7,5252,13527,2,0,177.21700000000001,0
7,5253,13535,2,0,201.89599999999999,0
7,5254,13543,2,0,175.91300000000001,0
7,5255,13551,2,0,159.53800000000001,0
7,5256,13559,2,0,194.64699999999999,0
7,5257,13567,2,0,202.411,0
7,5258,13575,2,0,174.13800000000001,0
7,5259,13583,2,0,175.37799999999999,0
7,5260,13591,2,0,175.34399999999999,0
7,5261,13599,2,0,178.85400000000001,0
7,5262,13607,2,0,124.378,0
7,5263,13615,2,0,159.50800000000001,0
7,5264,13623,2,0,168.40799999999999,0
7,5265,13631,2,0,164.02699999999999,0
7,5266,13639,2,0,190.86699999999999,0
7,5267,13647,2,0,148.08699999999999,0
7,5268,13655,2,0,168.191,0
7,5269,13663,2,0,185.714,0
7,5270,13671,2,0,180.02500000000001,0
7,5271,13679,2,0,170.24000000000001,0
7,5272,13687,2,0,179.578,0
7,5273,13695,2,0,176.471,0
7,5274,13703,2,0,182.584,0
7,5275,13711,2,0,188.16300000000001,0
7,5276,13719,2,0,158.648,0
7,5277,13727,2,0,157.03100000000001,0
7,5278,13735,2,0,202.37899999999999,0
7,5279,13743,2,0,195.20400000000001,0
7,5280,13751,2,0,187.595,0
7,5281,13759,2,0,167.16,0
7,5282,13767,2,0,175.09299999999999,0
7,5283,13775,2,0,171.173,0
7,5284,13783,2,0,170.05799999999999,0
7,5285,13791,2,0,187.22800000000001,0
7,5286,13799,2,0,183.32400000000001,0
7,5287,13807,2,0,176.636,0
7,5288,13815,2,0,138.75200000000001,0
7,5289,13823,2,0,177.02600000000001,0
7,5290,13831,2,0,180.26499999999999,0
7,5291,13839,2,0,186.08699999999999,0
7,5292,13847,2,0,175.352,0
7,5293,13855,2,0,187.92599999999999,0
7,5294,13863,2,0,153.89400000000001,0
7,5295,13871,2,0,180.59899999999999,0
7,5296,13879,2,0,192.19900000000001,0
7,5297,13887,2,0,163.12799999999999,0
7,5298,13895,2,0,206.31100000000001,0
7,5299,13903,2,0,144.20099999999999,0
7,5300,13911,2,0,194.01400000000001,0
7,5301,13919,2,0,161.67699999999999,0
7,5302,13927,2,0,168.04599999999999,0
7,5303,13935,2,0,186.327,0
7,5304,13943,2,0,176.381,0
7,5305,13951,2,0,188.172,0
7,5306,13959,2,0,180.613,0
7,5307,13967,2,0,176.77199999999999,0
7,5308,13975,2,0,191.59299999999999,0
7,5309,13983,2,0,185.047,0
7,5310,13991,2,0,180.43199999999999,0
7,5311,13999,2,0,204.249,0
7,5312,14007,2,0,155.29499999999999,0
7,5313,14015,2,0,178.72499999999999,0
7,5314,14023,2,0,191.75200000000001,0
7,5315,14031,2,0,191.411,0
7,5316,14039,2,0,189.30199999999999,0
7,5317,14047,2,0,178.91200000000001,0
7,5318,14055,2,0,168.12899999999999,0
7,5319,14063,2,0,198.48400000000001,0
7,5320,14071,2,0,204.37700000000001,0
7,5321,14079,2,0,129.107,0
7,5322,14087,2,0,191.239,0
7,5323,14095,2,0,179.04900000000001,0
7,5324,14103,2,0,175.88300000000001,0
7,5325,14111,2,0,184.65100000000001,0
7,5326,14119,2,0,188.36699999999999,0
7,5327,14127,2,0,148.84200000000001,0
7,5328,14135,2,0,174.38499999999999,0
7,5329,14143,2,0,193.047,0
7,5330,14151,2,0,171.39699999999999,0
7,5331,14159,2,0,208.10599999999999,0
7,5332,14167,2,0,177.44,0
7,5333,14175,2,0,191.191,0
7,5334,14183,2,0,159.38999999999999,0
7,5335,14191,2,0,191.43100000000001,0
7,5336,14199,2,0,137.11600000000001,0
7,5337,14207,2,0,162.071,0
7,5338,14215,2,0,175.37200000000001,0
7,5339,14223,2,0,153.95699999999999,0
7,5340,14231,2,0,156.83600000000001,0
7,5341,14239,2,0,151.464,0
7,5342,14247,2,0,171.31,0
7,5343,7,3,0,166.78999999999999,0
7,5344,15,3,0,153.01499999999999,0
7,5345,23,3,0,180.011,0
7,5346,31,3,0,186.529,0
7,5347,39,3,0,170.447,0
7,5348,47,3,0,131.24600000000001,0
7,5349,55,3,0,175.738,0
7,5350,63,3,0,188.46000000000001,0
7,5351,71,3,0,168.797,0
7,5352,79,3,0,170.61600000000001,0
7,5353,87,3,0,136.15100000000001,0
7,5354,95,3,0,182.113,0
7,5355,103,3,0,176.63800000000001,0
7,5356,111,3,0,160.43100000000001,0
7,5357,119,3,0,151.85400000000001,0
7,5358,127,3,0,180.62299999999999,0
7,5359,135,3,0,194.00700000000001,0
7,5360,143,3,0,175.16499999999999,0
7,5361,151,3,0,205.13200000000001,0
7,5362,159,3,0,163.922,0
7,5363,167,3,0,170.47800000000001,0
7,5364,175,3,0,183.184,0
7,5365,183,3,0,170.01300000000001,0
7,5366,191,3,0,144.82300000000001,0
7,5367,199,3,0,203.202,0
7,5368,207,3,0,151.32499999999999,0
7,5369,215,3,0,160.78899999999999,0
7,5370,223,3,0,173.49199999999999,0
7,5371,231,3,0,164.96700000000001,0
7,5372,239,3,0,197.751,0
7,5373,247,3,0,154.05799999999999,0
7,5374,255,3,0,169.37200000000001,0
7,5375,263,3,0,174.30699999999999,0
7,5376,271,3,0,169.47999999999999,0
7,5377,279,3,0,147.53700000000001,0
7,5378,287,3,0,180.91800000000001,0
7,5379,295,3,0,172.99199999999999,0
7,5380,303,3,0,138.99000000000001,0
7,5381,311,3,0,184.279,0
7,5382,319,3,0,154.678,0
7,5383,327,3,0,175.535,0
7,5384,335,3,0,148.727,0
7,5385,343,3,0,174.566,0
7,5386,351,3,0,137.773,0
7,5387,359,3,0,170.517,0
7,5388,367,3,0,168.62899999999999,0
7,5389,375,3,0,143.15700000000001,0
7,5390,383,3,0,185.68799999999999,0
7,5391,391,3,0,161.596,0
7,5392,399,3,0,199.26499999999999,0
7,5393,407,3,0,170.56899999999999,0
7,5394,415,3,0,160.023,0
7,5395,423,3,0,170.696,0
7,5396,431,3,0,191.67400000000001,0
7,5397,439,3,0,200.86500000000001,0
7,5398,447,3,0,171.227,0
7,5399,455,3,0,196.11500000000001,0
7,5400,463,3,0,138.33099999999999,0
7,5401,471,3,0,183.53800000000001,0
7,5402,479,3,0,129.708,0
7,5403,487,3,0,180.22300000000001,0
7,5404,495,3,0,170.96299999999999,0
7,5405,503,3,0,151.00800000000001,0
7,5406,511,3,0,194.583,0
7,5407,519,3,0,148.43000000000001,0
7,5408,527,3,0,180.42699999999999,0
7,5409,535,3,0,184.262,0
7,5410,543,3,0,153.03299999999999,0
7,5411,551,3,0,190.012,0
7,5412,559,3,0,196.02799999999999,0
7,5413,567,3,0,177.11600000000001,0
7,5414,575,3,0,219.12799999999999,0
7,5415,583,3,0,193.59299999999999,0
7,5416,591,3,0,127.054,0
7,5417,599,3,0,193.04400000000001,0
7,5418,607,3,0,191.24600000000001,0
7,5419,615,3,0,161.76300000000001,0
7,5420,623,3,0,175.46100000000001,0
7,5421,631,3,0,189.435,0
7,5422,639,3,0,168.44300000000001,0
7,5423,647,3,0,189.04499999999999,0
7,5424,655,3,0,179.899,0
7,5425,663,3,0,146.36500000000001,0
7,5426,671,3,0,190.26300000000001,0
7,5427,679,3,0,158.399,0
7,5428,687,3,0,177.43000000000001,0
7,5429,695,3,0,162.34,0
7,5430,703,3,0,153.767,0
7,5431,711,3,0,196.90799999999999,0
7,5432,719,3,0,166.15199999999999,0
7,5433,727,3,0,171.23099999999999,0
7,5434,735,3,0,174.43100000000001,0
7,5435,743,3,0,206.89099999999999,0
7,5436,751,3,0,149.53899999999999,0
7,5437,759,3,0,192.54300000000001,0
7,5438,767,3,0,173.947,0
7,5439,775,3,0,173.33500000000001,0
7,5440,783,3,0,159.21299999999999,0
7,5441,791,3,0,154.273,0
7,5442,799,3,0,184.21299999999999,0
7,5443,807,3,0,168.608,0
7,5444,815,3,0,181.846,0
7,5445,823,3,0,173.464,0
7,5446,831,3,0,182.84200000000001,0
7,5447,839,3,0,183.09399999999999,0
7,5448,847,3,0,202.31999999999999,0
7,5449,855,3,0,176.88900000000001,0
7,5450,863,3,0,179.471,0
7,5451,871,3,0,173.72900000000001,0
7,5452,879,3,0,125.572,0
7,5453,887,3,0,137.029,0
7,5454,895,3,0,187.19800000000001,0
7,5455,903,3,0,186.172,0
7,5456,911,3,0,145.06200000000001,0
7,5457,919,3,0,175.488,0
7,5458,927,3,0,148.73099999999999,0
7,5459,935,3,0,140.31899999999999,0
7,5460,943,3,0,197.465,0
7,5461,951,3,0,181.857,0
7,5462,959,3,0,182.92400000000001,0
7,5463,967,3,0,176.27799999999999,0
7,5464,975,3,0,132.83799999999999,0
7,5465,983,3,0,186.34200000000001,0
7,5466,991,3,0,196.36199999999999,0
7,5467,999,3,0,195.38200000000001,0
7,5468,1007,3,0,157.30199999999999,0
7,5469,1015,3,0,185.96000000000001,0
7,5470,1023,3,0,162.88499999999999,0
7,5471,1031,3,0,189.72800000000001,0
7,5472,1039,3,0,182.93299999999999,0
7,5473,1047,3,0,169.32599999999999,0
7,5474,1055,3,0,181.982,0
7,5475,1063,3,0,148.27600000000001,0
7,5476,1071,3,0,186.702,0
7,5477,1079,3,0,179.98599999999999,0
7,5478,1087,3,0,153.964,0
7,5479,1095,3,0,128.96100000000001,0
7,5480,1103,3,0,159.45699999999999,0
7,5481,1111,3,0,180.61699999999999,0
7,5482,1119,3,0,177.55199999999999,0
7,5483,1127,3,0,189.48400000000001,0
7,5484,1135,3,0,203.345,0
7,5485,1143,3,0,172.887,0
7,5486,1151,3,0,187.65299999999999,0
7,5487,1159,3,0,192.05500000000001,0
7,5488,1167,3,0,177.36799999999999,0
7,5489,1175,3,0,153.22300000000001,0
7,5490,1183,3,0,148.86199999999999,0
7,5491,1191,3,0,139.70699999999999,0
7,5492,1199,3,0,164.26300000000001,0
7,5493,1207,3,0,181.607,0
7,5494,1215,3,0,155.03100000000001,0
7,5495,1223,3,0,160.50800000000001,0
7,5496,1231,3,0,168.595,0
7,5497,1239,3,0,194.726,0
7,5498,1247,3,0,186.23699999999999,0
7,5499,1255,3,0,206.63999999999999,0
7,5500,1263,3,0,164.46799999999999,0
7,5501,1271,3,0,133.52600000000001,0
7,5502,1279,3,0,176.28100000000001,0
7,5503,1287,3,0,175.66399999999999,0
7,5504,1295,3,0,199.77699999999999,0
7,5505,1303,3,0,167.68000000000001,0
7,5506,1311,3,0,189.209,0
7,5507,1319,3,0,171.22,0
7,5508,1327,3,0,198.58199999999999,0
7,5509,1335,3,0,148.721,0
7,5510,1343,3,0,158.358,0
7,5511,1351,3,0,167.93100000000001,0
7,5512,1359,3,0,192.56399999999999,0
7,5513,1367,3,0,172.15700000000001,0
7,5514,1375,3,0,132.74000000000001,0
7,5515,1383,3,0,186.523,0
7,5516,1391,3,0,138.565,0
7,5517,1399,3,0,194.98699999999999,0
7,5518,1407,3,0,166.23599999999999,0
7,5519,1415,3,0,178.947,0
7,5520,1423,3,0,172.87200000000001,0
7,5521,1431,3,0,165.22499999999999,0
7,5522,1439,3,0,172.68199999999999,0
7,5523,1447,3,0,216.322,0
7,5524,1455,3,0,176.67400000000001,0
7,5525,1463,3,0,188.02099999999999,0
7,5526,1471,3,0,202.958,0
7,5527,1479,3,0,144.71600000000001,0
7,5528,1487,3,0,176.30199999999999,0
7,5529,1495,3,0,164.97200000000001,0
7,5530,1503,3,0,165.37799999999999,0
7,5531,1511,3,0,179.64500000000001,0
7,5532,1519,3,0,191.06200000000001,0
7,5533,1527,3,0,131.56,0
7,5534,1535,3,0,201.25,0
7,5535,1543,3,0,192.92099999999999,0
7,5536,1551,3,0,173.28700000000001,0
7,5537,1559,3,0,187.858,0
7,5538,1567,3,0,184.749,0
7,5539,1575,3,0,140.32400000000001,0
7,5540,1583,3,0,166.602,0
7,5541,1591,3,0,167.78,0
7,5542,1599,3,0,132.75899999999999,0
7,5543,1607,3,0,166.89099999999999,0
7,5544,1615,3,0,187.315,0
7,5545,1623,3,0,140.43000000000001,0
7,5546,1631,3,0,159.04599999999999,0
7,5547,1639,3,0,162.62799999999999,0
7,5548,1647,3,0,178.822,0
7,5549,1655,3,0,193.33000000000001,0
7,5550,1663,3,0,158.86500000000001,0
7,5551,1671,3,0,175.77799999999999,0
7,5552,1679,3,0,190.768,0
7,5553,1687,3,0,185.126,0
7,5554,1695,3,0,179.703,0
7,5555,1703,3,0,162.46799999999999,0
7,5556,1711,3,0,182.464,0
7,5557,1719,3,0,154.30199999999999,0
7,5558,1727,3,0,170.09999999999999,0
7,5559,1735,3,0,189.05199999999999,0
7,5560,1743,3,0,120.72799999999999,0
7,5561,1751,3,0,147.553,0
7,5562,1759,3,0,167.94999999999999,0
7,5563,1767,3,0,152.85499999999999,0
7,5564,1775,3,0,122.408,0
7,5565,1783,3,0,159.19900000000001,0
7,5566,1791,3,0,139.16900000000001,0
7,5567,1799,3,0,132.422,0
7,5568,1807,3,0,146.535,0
7,5569,1815,3,0,176.00200000000001,0
7,5570,1823,3,0,179.011,0
7,5571,1831,3,0,204.22499999999999,0
7,5572,1839,3,0,142.017,0
7,5573,1847,3,0,156.626,0
7,5574,1855,3,0,193.04599999999999,0
7,5575,1863,3,0,179.87100000000001,0
7,5576,1871,3,0,211.673,0
7,5577,1879,3,0,152.262,0
7,5578,1887,3,0,161.148,0
7,5579,1895,3,0,130.48599999999999,0
7,5580,1903,3,0,193.58099999999999,0
7,5581,1911,3,0,184.53299999999999,0
7,5582,1919,3,0,126.396,0
7,5583,1927,3,0,177.81200000000001,0
7,5584,1935,3,0,160.005,0
7,5585,1943,3,0,200.49000000000001,0
7,5586,1951,3,0,226.07300000000001,0
7,5587,1959,3,0,149.64500000000001,0
7,5588,1967,3,0,129.82499999999999,0
7,5589,1975,3,0,183.18799999999999,0
7,5590,1983,3,0,189.143,0
7,5591,1991,3,0,203.65100000000001,0
7,5592,1999,3,0,158.69800000000001,0
7,5593,2007,3,0,206.012,0
7,5594,2015,3,0,193.971,0
7,5595,2023,3,0,205.97800000000001,0
7,5596,2031,3,0,192.464,0
7,5597,2039,3,0,190.63,0
7,5598,2047,3,0,134.74100000000001,0
7,5599,2055,3,0,192.08799999999999,0
7,5600,2063,3,0,130.88200000000001,0
7,5601,2071,3,0,195.16900000000001,0
7,5602,2079,3,0,195.542,0
7,5603,2087,3,0,158.55000000000001,0
7,5604,2095,3,0,170.078,0
7,5605,2103,3,0,165.47800000000001,0
7,5606,2111,3,0,192.006,0
7,5607,2119,3,0,178.661,0
7,5608,2127,3,0,148.78800000000001,0
7,5609,2135,3,0,171.553,0
7,5610,2143,3,0,196.767,0
7,5611,2151,3,0,152.36099999999999,0
7,5612,2159,3,0,144.96899999999999,0
7,5613,2167,3,0,190.13999999999999,0
7,5614,2175,3,0,172.44999999999999,0
7,5615,2183,3,0,178.12700000000001,0
7,5616,2191,3,0,171.89500000000001,0
7,5617,2199,3,0,192.166,0
7,5618,2207,3,0,144.988,0
7,5619,2215,3,0,192.70500000000001,0
7,5620,2223,3,0,162.91999999999999,0
7,5621,2231,3,0,187.44800000000001,0
7,5622,2239,3,0,183.684,0
7,5623,2247,3,0,189.54400000000001,0
7,5624,2255,3,0,168.12899999999999,0
7,5625,2263,3,0,149.298,0
7,5626,2271,3,0,157.56800000000001,0
7,5627,2279,3,0,195.98400000000001,0
7,5628,2287,3,0,189.702,0
7,5629,2295,3,0,194.53700000000001,0
7,5630,2303,3,0,173.928,0
7,5631,2311,3,0,177.02500000000001,0
7,5632,2319,3,0,184.43799999999999,0
7,5633,2327,3,0,190.63300000000001,0
7,5634,2335,3,0,193.99000000000001,0
7,5635,2343,3,0,170.90000000000001,0
7,5636,2351,3,0,172.53399999999999,0
7,5637,2359,3,0,220.40199999999999,0
7,5638,2367,3,0,161.25700000000001,0
7,5639,2375,3,0,136.994,0
7,5640,2383,3,0,151.72,0
7,5641,2391,3,0,202.28100000000001,0
7,5642,2399,3,0,174.37,0
7,5643,2407,3,0,183.512,0
7,5644,2415,3,0,174.018,0
7,5645,2423,3,0,181.077,0
7,5646,2431,3,0,185.92099999999999,0
7,5647,2439,3,0,192.279,0
7,5648,2447,3,0,146.179,0
7,5649,2455,3,0,181.732,0
7,5650,2463,3,0,198.566,0
7,5651,2471,3,0,154.64400000000001,0
7,5652,2479,3,0,164.89500000000001,0
7,5653,2487,3,0,178.714,0
7,5654,2495,3,0,146.16300000000001,0
7,5655,2503,3,0,184.708,0
7,5656,2511,3,0,190.035,0
7,5657,2519,3,0,184.31999999999999,0
7,5658,2527,3,0,172.67599999999999,0
7,5659,2535,3,0,150.42400000000001,0
7,5660,2543,3,0,175.89500000000001,0
7,5661,2551,3,0,171.649,0
7,5662,2559,3,0,222.23400000000001,0
7,5663,2567,3,0,183.16200000000001,0
7,5664,2575,3,0,159.286,0
7,5665,2583,3,0,159.91800000000001,0
7,5666,2591,3,0,172.363,0
7,5667,2599,3,0,179.25399999999999,0
7,5668,2607,3,0,228.06100000000001,0
7,5669,2615,3,0,181.642,0
7,5670,2623,3,0,130.18700000000001,0
7,5671,2631,3,0,177.00299999999999,0
7,5672,2639,3,0,152.995,0
7,5673,2647,3,0,172.56899999999999,0
7,5674,2655,3,0,187.227,0
7,5675,2663,3,0,192.45699999999999,0
7,5676,2671,3,0,174.87100000000001,0
7,5677,2679,3,0,189.637,0
7,5678,2687,3,0,116.154,0
7,5679,2695,3,0,178.32300000000001,0
7,5680,2703,3,0,178.53700000000001,0
7,5681,2711,3,0,179.566,0
7,5682,2719,3,0,150.423,0
7,5683,2727,3,0,160.44999999999999,0
7,5684,2735,3,0,166.86600000000001,0
7,5685,2743,3,0,169.929,0
7,5686,2751,3,0,203.04400000000001,0
7,5687,2759,3,0,168.809,0
7,5688,2767,3,0,191.41800000000001,0
7,5689,2775,3,0,181.61799999999999,0
7,5690,2783,3,0,178.51400000000001,0
7,5691,2791,3,0,212.75700000000001,0
7,5692,2799,3,0,185.066,0
7,5693,2807,3,0,194.23599999999999,0
7,5694,2815,3,0,181.89699999999999,0
7,5695,2823,3,0,170.70099999999999,0
7,5696,2831,3,0,181.50399999999999,0
7,5697,2839,3,0,174.17500000000001,0
7,5698,2847,3,0,134.88999999999999,0
7,5699,2855,3,0,171.452,0
7,5700,2863,3,0,183.315,0
7,5701,2871,3,0,137.285,0
7,5702,2879,3,0,183.005,0
7,5703,2887,3,0,163.40899999999999,0
7,5704,2895,3,0,194.96899999999999,0
7,5705,2903,3,0,165.57300000000001,0
7,5706,2911,3,0,181.94900000000001,0
7,5707,2919,3,0,142.27799999999999,0
7,5708,2927,3,0,218.28800000000001,0
7,5709,2935,3,0,166.38399999999999,0
7,5710,2943,3,0,156.977,0
7,5711,2951,3,0,159.256,0
7,5712,2959,3,0,181.149,0
7,5713,2967,3,0,185.36799999999999,0
7,5714,2975,3,0,159.57900000000001,0
7,5715,2983,3,0,178.578,0
7,5716,2991,3,0,187.358,0
7,5717,2999,3,0,160.29400000000001,0
7,5718,3007,3,0,122.827,0
7,5719,3015,3,0,181.54900000000001,0
7,5720,3023,3,0,152.40799999999999,0
7,5721,3031,3,0,180.54599999999999,0
7,5722,3039,3,0,208.52600000000001,0
7,5723,3047,3,0,203.75399999999999,0
7,5724,3055,3,0,195.732,0
7,5725,3063,3,0,145.88499999999999,0
7,5726,3071,3,0,181.26300000000001,0
7,5727,3079,3,0,187.63800000000001,0
7,5728,3087,3,0,175.41200000000001,0
7,5729,3095,3,0,184.161,0
7,5730,3103,3,0,193.46600000000001,0
7,5731,3111,3,0,149.60599999999999,0
7,5732,3119,3,0,167.56399999999999,0
7,5733,3127,3,0,190.69399999999999,0
7,5734,3135,3,0,169.203,0
7,5735,3143,3,0,155.125,0
7,5736,3151,3,0,194.875,0
7,5737,3159,3,0,204.91200000000001,0
7,5738,3167,3,0,196.327,0
7,5739,3175,3,0,171.24799999999999,0
7,5740,3183,3,0,172.44499999999999,0
7,5741,3191,3,0,196.91900000000001,0
7,5742,3199,3,0,167.47,0
7,5743,3207,3,0,146.155,0
7,5744,3215,3,0,190.934,0
7,5745,3223,3,0,187.67599999999999,0
7,5746,3231,3,0,178.81,0
7,5747,3239,3,0,182.577,0
7,5748,3247,3,0,174.91800000000001,0
7,5749,3255,3,0,182.178,0
7,5750,3263,3,0,189.99799999999999,0
7,5751,3271,3,0,173.75299999999999,0
7,5752,3279,3,0,225.869,0
7,5753,3287,3,0,180.161,0
7,5754,3295,3,0,172.65700000000001,0
7,5755,3303,3,0,151.815,0
7,5756,3311,3,0,188.089,0
7,5757,3319,3,0,153.79499999999999,0
7,5758,3327,3,0,184.506,0
7,5759,3335,3,0,154.14599999999999,0
7,5760,3343,3,0,187.30500000000001,0
7,5761,3351,3,0,187.297,0
7,5762,3359,3,0,190.59700000000001,0
7,5763,3367,3,0,154.02000000000001,0
7,5764,3375,3,0,193.66,0
7,5765,3383,3,0,157.42699999999999,0
7,5766,3391,3,0,161.72800000000001,0
7,5767,3399,3,0,173.429,0
7,5768,3407,3,0,176.71299999999999,0
7,5769,3415,3,0,192.25200000000001,0
7,5770,3423,3,0,150.24000000000001,0
7,5771,3431,3,0,186.078,0
7,5772,3439,3,0,175.643,0
7,5773,3447,3,0,170.00700000000001,0
7,5774,3455,3,0,150.54300000000001,0
7,5775,3463,3,0,185.82599999999999,0
7,5776,3471,3,0,179.72300000000001,0
7,5777,3479,3,0,165.041,0
7,5778,3487,3,0,216.69499999999999,0
7,5779,3495,3,0,179.636,0
7,5780,3503,3,0,182.52099999999999,0
7,5781,3511,3,0,169.79499999999999,0
7,5782,3519,3,0,178.61600000000001,0
7,5783,3527,3,0,162.45099999999999,0
7,5784,3535,3,0,194.00299999999999,0
7,5785,3543,3,0,189.52500000000001,0
7,5786,3551,3,0,183.565,0
7,5787,3559,3,0,150.035,0
7,5788,3567,3,0,155.49199999999999,0
7,5789,3575,3,0,185.51400000000001,0
7,5790,3583,3,0,189.89400000000001,0
7,5791,3591,3,0,194.358,0
7,5792,3599,3,0,179.71000000000001,0
7,5793,3607,3,0,200.17699999999999,0
7,5794,3615,3,0,168.977,0
7,5795,3623,3,0,198.809,0
7,5796,3631,3,0,185.22399999999999,0
7,5797,3639,3,0,196.126,0
7,5798,3647,3,0,176.423,0
7,5799,3655,3,0,191.66300000000001,0
7,5800,3663,3,0,168.12,0
7,5801,3671,3,0,155.03,0
7,5802,3679,3,0,191.154,0
7,5803,3687,3,0,176.68299999999999,0
7,5804,3695,3,0,195.143,0
7,5805,3703,3,0,185.09899999999999,0
7,5806,3711,3,0,174.13800000000001,0
7,5807,3719,3,0,173.97200000000001,0
7,5808,3727,3,0,166.999,0
7,5809,3735,3,0,186.92699999999999,0
7,5810,3743,3,0,177.684,0
7,5811,3751,3,0,179.23400000000001,0
7,5812,3759,3,0,174.83199999999999,0
7,5813,3767,3,0,206.77799999999999,0
7,5814,3775,3,0,183.042,0
7,5815,3783,3,0,159.13800000000001,0
7,5816,3791,3,0,179.036,0
7,5817,3799,3,0,144.679,0
7,5818,3807,3,0,177.49199999999999,0
7,5819,3815,3,0,123.035,0
7,5820,3823,3,0,139.685,0
7,5821,3831,3,0,131.01400000000001,0
7,5822,3839,3,0,168.44800000000001,0
7,5823,3847,3,0,193.26499999999999,0
7,5824,3855,3,0,147.86199999999999,0
7,5825,3863,3,0,178.822,0
7,5826,3871,3,0,161.279,0
7,5827,3879,3,0,170.66999999999999,0
7,5828,3887,3,0,198.17699999999999,0
7,5829,3895,3,0,169.101,0
7,5830,3903,3,0,163.88499999999999,0
7,5831,3911,3,0,167.77199999999999,0
7,5832,3919,3,0,159.69999999999999,0
7,5833,3927,3,0,175.173,0
7,5834,3935,3,0,184.63399999999999,0
7,5835,3943,3,0,148.95599999999999,0
7,5836,3951,3,0,159.07599999999999,0
7,5837,3959,3,0,173.65899999999999,0
7,5838,3967,3,0,175.74600000000001,0
7,5839,3975,3,0,198.36000000000001,0
7,5840,3983,3,0,205.95500000000001,0
7,5841,3991,3,0,173.80699999999999,0
7,5842,3999,3,0,191.06100000000001,0
7,5843,4007,3,0,161.495,0
7,5844,4015,3,0,177.023,0
7,5845,4023,3,0,184.828,0
7,5846,4031,3,0,149.46600000000001,0
7,5847,4039,3,0,151.649,0
7,5848,4047,3,0,183.62899999999999,0
7,5849,4055,3,0,171.03800000000001,0
7,5850,4063,3,0,180.35900000000001,0
7,5851,4071,3,0,162.791,0
7,5852,4079,3,0,184.21600000000001,0
7,5853,4087,3,0,163.69800000000001,0
7,5854,4095,3,0,161.38499999999999,0
7,5855,4103,3,0,176.14099999999999,0
7,5856,4111,3,0,196.00299999999999,0
7,5857,4119,3,0,144.47,0
7,5858,4127,3,0,159.36799999999999,0
7,5859,4135,3,0,174.78899999999999,0
7,5860,4143,3,0,146.376,0
7,5861,4151,3,0,159.29400000000001,0
7,5862,4159,3,0,151.02500000000001,0
7,5863,4167,3,0,169.61099999999999,0
7,5864,4175,3,0,190.459,0
7,5865,4183,3,0,182.49100000000001,0
7,5866,4191,3,0,157.79499999999999,0
7,5867,4199,3,0,201.423,0
7,5868,4207,3,0,198.232,0
7,5869,4215,3,0,214.29499999999999,0
7,5870,4223,3,0,174.108,0
7,5871,4231,3,0,178.286,0
7,5872,4239,3,0,188.75,0
7,5873,4247,3,0,155.75299999999999,0
7,5874,4255,3,0,179.53,0
7,5875,4263,3,0,153.239,0
7,5876,4271,3,0,166.50999999999999,0
7,5877,4279,3,0,182.232,0
7,5878,4287,3,0,185.41200000000001,0
7,5879,4295,3,0,185.703,0
7,5880,4303,3,0,190.27600000000001,0
7,5881,4311,3,0,187.40100000000001,0
7,5882,4319,3,0,168.43799999999999,0
7,5883,4327,3,0,229.60300000000001,0
7,5884,4335,3,0,218.20400000000001,0
7,5885,4343,3,0,178.39699999999999,0
7,5886,4351,3,0,150.34200000000001,0
7,5887,4359,3,0,186.89599999999999,0
7,5888,4367,3,0,174.072,0
7,5889,4375,3,0,205.381,0
7,5890,4383,3,0,174.16999999999999,0
7,5891,4391,3,0,187.625,0
7,5892,4399,3,0,192.09700000000001,0
7,5893,4407,3,0,164.30799999999999,0
7,5894,4415,3,0,189.28999999999999,0
7,5895,4423,3,0,193.482,0
7,5896,4431,3,0,174.59,0
7,5897,4439,3,0,188.33699999999999,0
7,5898,4447,3,0,183.02600000000001,0
7,5899,4455,3,0,199.21700000000001,0
7,5900,4463,3,0,189.52699999999999,0
7,5901,4471,3,0,179.881,0
7,5902,4479,3,0,206.63,0
7,5903,4487,3,0,152.87899999999999,0
7,5904,4495,3,0,182.46000000000001,0
7,5905,4503,3,0,186.88300000000001,0
7,5906,4511,3,0,179.483,0
7,5907,4519,3,0,176.774,0
7,5908,4527,3,0,189.369,0
7,5909,4535,3,0,166.19800000000001,0
7,5910,4543,3,0,155.887,0
7,5911,4551,3,0,178.12899999999999,0
7,5912,4559,3,0,161.25999999999999,0
7,5913,4567,3,0,177.078,0
7,5914,4575,3,0,204.595,0
7,5915,4583,3,0,193.61099999999999,0
7,5916,4591,3,0,185.02799999999999,0
7,5917,4599,3,0,210.53200000000001,0
7,5918,4607,3,0,186.042,0
7,5919,4615,3,0,181.96000000000001,0
7,5920,4623,3,0,121.96899999999999,0
7,5921,4631,3,0,166.46799999999999,0
7,5922,4639,3,0,176.42500000000001,0
7,5923,4647,3,0,153.19,0
7,5924,4655,3,0,186.81299999999999,0
7,5925,4663,3,0,170.815,0
7,5926,4671,3,0,215.857,0
7,5927,4679,3,0,207.77099999999999,0
7,5928,4687,3,0,161.54499999999999,0
7,5929,4695,3,0,190.71100000000001,0
7,5930,4703,3,0,176.846,0
7,5931,4711,3,0,150.78999999999999,0
7,5932,4719,3,0,187.40700000000001,0
7,5933,4727,3,0,181.53700000000001,0
7,5934,4735,3,0,155.54599999999999,0
7,5935,4743,3,0,143.304,0
7,5936,4751,3,0,187.428,0
7,5937,4759,3,0,196.40899999999999,0
7,5938,4767,3,0,191.68000000000001,0
7,5939,4775,3,0,185.334,0
7,5940,4783,3,0,178.733,0
7,5941,4791,3,0,168.685,0
7,5942,4799,3,0,158.375,0
7,5943,4807,3,0,163.31899999999999,0
7,5944,4815,3,0,191.69999999999999,0
7,5945,4823,3,0,182.08699999999999,0
7,5946,4831,3,0,190.70500000000001,0
7,5947,4839,3,0,116.41200000000001,0
7,5948,4847,3,0,139.643,0
7,5949,4855,3,0,127.46299999999999,0
7,5950,4863,3,0,174.63200000000001,0
7,5951,4871,3,0,191.523,0
7,5952,4879,3,0,187.386,0
7,5953,4887,3,0,152.916,0
7,5954,4895,3,0,181.702,0
7,5955,4903,3,0,183.93600000000001,0
7,5956,4911,3,0,183.88399999999999,0
7,5957,4919,3,0,132.494,0
7,5958,4927,3,0,192.92099999999999,0
7,5959,4935,3,0,139.50399999999999,0
7,5960,4943,3,0,195.43899999999999,0
7,5961,4951,3,0,159.29599999999999,0
7,5962,4959,3,0,171.04300000000001,0
7,5963,4967,3,0,184.33799999999999,0
7,5964,4975,3,0,185.50299999999999,0
7,5965,4983,3,0,176.65899999999999,0
7,5966,4991,3,0,183.58000000000001,0
7,5967,4999,3,0,179.80799999999999,0
7,5968,5007,3,0,153.51900000000001,0
7,5969,5015,3,0,196.506,0
7,5970,5023,3,0,174.65899999999999,0
7,5971,5031,3,0,184.18100000000001,0
7,5972,5039,3,0,188.75299999999999,0
7,5973,5047,3,0,190.81299999999999,0
7,5974,5055,3,0,181.12799999999999,0
7,5975,5063,3,0,172.357,0
7,5976,5071,3,0,199.73699999999999,0
7,5977,5079,3,0,182.17599999999999,0
7,5978,5087,3,0,163.83199999999999,0
7,5979,5095,3,0,141.02600000000001,0
7,5980,5103,3,0,195.46700000000001,0
7,5981,5111,3,0,179.32900000000001,0
7,5982,5119,3,0,188.232,0
7,5983,5127,3,0,187.851,0
7,5984,5135,3,0,163.69800000000001,0
7,5985,5143,3,0,211.01499999999999,0
7,5986,5151,3,0,173.529,0
7,5987,5159,3,0,167.029,0
7,5988,5167,3,0,153.74700000000001,0
7,5989,5175,3,0,143.36199999999999,0
7,5990,5183,3,0,191.27500000000001,0
7,5991,5191,3,0,149.08699999999999,0
7,5992,5199,3,0,186.93199999999999,0
7,5993,5207,3,0,159.60900000000001,0
7,5994,5215,3,0,204.01499999999999,0
7,5995,5223,3,0,174.93899999999999,0
7,5996,5231,3,0,166.03399999999999,0
7,5997,5239,3,0,184.72999999999999,0
7,5998,5247,3,0,188.76300000000001,0
7,5999,5255,3,0,174.87100000000001,0
7,6000,5263,3,0,156.46000000000001,0
7,6001,5271,3,0,188.51599999999999,0
7,6002,5279,3,0,194.09700000000001,0
7,6003,5287,3,0,163.56800000000001,0
7,6004,5295,3,0,186.89599999999999,0
7,6005,5303,3,0,142.554,0
7,6006,5311,3,0,198.00200000000001,0
7,6007,5319,3,0,192.52699999999999,0
7,6008,5327,3,0,197.114,0
7,6009,5335,3,0,177.126,0
7,6010,5343,3,0,190.02500000000001,0
7,6011,5351,3,0,179.244,0
7,6012,5359,3,0,188.126,0
7,6013,5367,3,0,195.995,0
7,6014,5375,3,0,156.274,0
7,6015,5383,3,0,153.95099999999999,0
7,6016,5391,3,0,194.602,0
7,6017,5399,3,0,152.042,0
7,6018,5407,3,0,179.30099999999999,0
7,6019,5415,3,0,192.80600000000001,0
7,6020,5423,3,0,194.93000000000001,0
7,6021,5431,3,0,195.624,0
7,6022,5439,3,0,144.595,0
7,6023,5447,3,0,187.69300000000001,0
7,6024,5455,3,0,164.53700000000001,0
7,6025,5463,3,0,141.642,0
7,6026,5471,3,0,193.54400000000001,0
7,6027,5479,3,0,154.13900000000001,0
7,6028,5487,3,0,153.095,0
7,6029,5495,3,0,195.21700000000001,0
7,6030,5503,3,0,160.602,0
7,6031,5511,3,0,203.715,0
7,6032,5519,3,0,186.292,0
7,6033,5527,3,0,175.65600000000001,0
7,6034,5535,3,0,157.26900000000001,0
7,6035,5543,3,0,138.28700000000001,0
7,6036,5551,3,0,204.59899999999999,0
7,6037,5559,3,0,185.756,0
7,6038,5567,3,0,189.447,0
7,6039,5575,3,0,158.233,0
7,6040,5583,3,0,160.92599999999999,0
7,6041,5591,3,0,181.852,0
7,6042,5599,3,0,175.74199999999999,0
7,6043,5607,3,0,175.34700000000001,0
7,6044,5615,3,0,157.55099999999999,0
7,6045,5623,3,0,139.75200000000001,0
7,6046,5631,3,0,163.071,0
7,6047,5639,3,0,165.57499999999999,0
7,6048,5647,3,0,184.59899999999999,0
7,6049,5655,3,0,191.322,0
7,6050,5663,3,0,170.423,0
7,6051,5671,3,0,165.05099999999999,0
7,6052,5679,3,0,195.85599999999999,0
7,6053,5687,3,0,195.25899999999999,0
7,6054,5695,3,0,194.22900000000001,0
7,6055,5703,3,0,175.203,0
7,6056,5711,3,0,151.16900000000001,0
7,6057,5719,3,0,156.55600000000001,0
7,6058,5727,3,0,150.37799999999999,0
7,6059,5735,3,0,193.31,0
7,6060,5743,3,0,182.476,0
7,6061,5751,3,0,162.92400000000001,0
7,6062,5759,3,0,149.77500000000001,0
7,6063,5767,3,0,162.94800000000001,0
7,6064,5775,3,0,183.07300000000001,0
7,6065,5783,3,0,187.47999999999999,0
7,6066,5791,3,0,154.19999999999999,0
7,6067,5799,3,0,177.80699999999999,0
7,6068,5807,3,0,181.35400000000001,0
7,6069,5815,3,0,189.46000000000001,0
7,6070,5823,3,0,198.178,0
7,6071,5831,3,0,194.66300000000001,0
7,6072,5839,3,0,187.53399999999999,0
7,6073,5847,3,0,173.62,0
7,6074,5855,3,0,192.791,0
7,6075,5863,3,0,172.17500000000001,0
7,6076,5871,3,0,172.524,0
7,6077,5879,3,0,182.57300000000001,0
7,6078,5887,3,0,160.31800000000001,0
7,6079,5895,3,0,189.499,0
7,6080,5903,3,0,180.49799999999999,0
7,6081,5911,3,0,180.58000000000001,0
7,6082,5919,3,0,186.96299999999999,0
7,6083,5927,3,0,149.99700000000001,0
7,6084,5935,3,0,180.24100000000001,0
7,6085,5943,3,0,176.006,0
7,6086,5951,3,0,195.666,0
7,6087,5959,3,0,150.51499999999999,0
7,6088,5967,3,0,164.52699999999999,0
7,6089,5975,3,0,188.316,0
7,6090,5983,3,0,172.01599999999999,0
7,6091,5991,3,0,194.52699999999999,0
7,6092,5999,3,0,148.649,0
7,6093,6007,3,0,176,0
7,6094,6015,3,0,179.04400000000001,0
7,6095,6023,3,0,154.62100000000001,0
7,6096,6031,3,0,154.87899999999999,0
7,6097,6039,3,0,177.494,0
7,6098,6047,3,0,177.369,0
7,6099,6055,3,0,186.53,0
7,6100,6063,3,0,172.05500000000001,0
7,6101,6071,3,0,178.762,0
7,6102,6079,3,0,183.76900000000001,0
7,6103,6087,3,0,161.88499999999999,0
7,6104,6095,3,0,144.73400000000001,0
7,6105,6103,3,0,156.08699999999999,0
7,6106,6111,3,0,190.53800000000001,0
7,6107,6119,3,0,138.40299999999999,0
7,6108,6127,3,0,170.49100000000001,0
7,6109,6135,3,0,171.44999999999999,0
7,6110,6143,3,0,191.631,0
7,6111,6151,3,0,194.209,0
7,6112,6159,3,0,158.63200000000001,0
7,6113,6167,3,0,181.101,0
7,6114,6175,3,0,189.80099999999999,0
7,6115,6183,3,0,198.15000000000001,0
7,6116,6191,3,0,184.85900000000001,0
7,6117,6199,3,0,205.654,0
7,6118,6207,3,0,167.45500000000001,0
7,6119,6215,3,0,172.804,0
7,6120,6223,3,0,190.89400000000001,0
7,6121,6231,3,0,131.23400000000001,0
7,6122,6239,3,0,181.04400000000001,0
7,6123,6247,3,0,159.21899999999999,0
7,6124,6255,3,0,140.06999999999999,0
7,6125,6263,3,0,145.18000000000001,0
7,6126,6271,3,0,173.59,0
7,6127,6279,3,0,184.30600000000001,0
7,6128,6287,3,0,180.45599999999999,0
7,6129,6295,3,0,189.57300000000001,0
7,6130,6303,3,0,188.93799999999999,0
7,6131,6311,3,0,178.80500000000001,0
7,6132,6319,3,0,170.80099999999999,0
7,6133,6327,3,0,181.03999999999999,0
7,6134,6335,3,0,168.965,0
7,6135,6343,3,0,200.864,0
7,6136,6351,3,0,162.274,0
7,6137,6359,3,0,166.78,0
7,6138,6367,3,0,196.27000000000001,0
7,6139,6375,3,0,190.25800000000001,0
7,6140,6383,3,0,150.56700000000001,0
7,6141,6391,3,0,122.959,0
7,6142,6399,3,0,184.46600000000001,0
7,6143,6407,3,0,173.15899999999999,0
7,6144,6415,3,0,184.345,0
7,6145,6423,3,0,134.976,0
7,6146,6431,3,0,140.93100000000001,0
7,6147,6439,3,0,188.738,0
7,6148,6447,3,0,195.96299999999999,0
7,6149,6455,3,0,167.47,0
7,6150,6463,3,0,159.125,0
7,6151,6471,3,0,215.11799999999999,0
7,6152,6479,3,0,161.07400000000001,0
7,6153,6487,3,0,171.452,0
7,6154,6495,3,0,204.721,0
7,6155,6503,3,0,195.863,0
7,6156,6511,3,0,220.38,0
7,6157,6519,3,0,138.191,0
7,6158,6527,3,0,163.73099999999999,0
7,6159,6535,3,0,145.97300000000001,0
7,6160,6543,3,0,172.87200000000001,0
7,6161,6551,3,0,110.839,0
7,6162,6559,3,0,139.93799999999999,0
7,6163,6567,3,0,145.101,0
7,6164,6575,3,0,192.023,0
7,6165,6583,3,0,176.65799999999999,0
7,6166,6591,3,0,137.38499999999999,0
7,6167,6599,3,0,188.929,0
7,6168,6607,3,0,185.30199999999999,0
7,6169,6615,3,0,139.887,0
7,6170,6623,3,0,109.979,0
7,6171,6631,3,0,193.16200000000001,0
7,6172,6639,3,0,172.065,0
7,6173,6647,3,0,158.15199999999999,0
7,6174,6655,3,0,163.054,0
7,6175,6663,3,0,194.41399999999999,0
7,6176,6671,3,0,188.81399999999999,0
7,6177,6679,3,0,175.37700000000001,0
7,6178,6687,3,0,160.43600000000001,0
7,6179,6695,3,0,187.11500000000001,0
7,6180,6703,3,0,142.18600000000001,0
7,6181,6711,3,0,189.60300000000001,0
7,6182,6719,3,0,172.678,0
7,6183,6727,3,0,170.72200000000001,0
7,6184,6735,3,0,174.99799999999999,0
7,6185,6743,3,0,184.67500000000001,0
7,6186,6751,3,0,164.81100000000001,0
7,6187,6759,3,0,197.16999999999999,0
7,6188,6767,3,0,185.20099999999999,0
7,6189,6775,3,0,173.91,0
7,6190,6783,3,0,170.08000000000001,0
7,6191,6791,3,0,181.27699999999999,0
7,6192,6799,3,0,159.18199999999999,0
7,6193,6807,3,0,185.809,0
7,6194,6815,3,0,228.679,0
7,6195,6823,3,0,170.18600000000001,0
7,6196,6831,3,0,171.23500000000001,0
7,6197,6839,3,0,158.30799999999999,0
7,6198,6847,3,0,195.51499999999999,0
7,6199,6855,3,0,172.09200000000001,0
7,6200,6863,3,0,188.44499999999999,0
7,6201,6871,3,0,186.453,0
7,6202,6879,3,0,153.14599999999999,0
7,6203,6887,3,0,194.61600000000001,0
7,6204,6895,3,0,187.40199999999999,0
7,6205,6903,3,0,201.04599999999999,0
7,6206,6911,3,0,181.28200000000001,0
7,6207,6919,3,0,168.73599999999999,0
7,6208,6927,3,0,188.631,0
7,6209,6935,3,0,192.79300000000001,0
7,6210,6943,3,0,179.643,0
7,6211,6951,3,0,165.62299999999999,0
7,6212,6959,3,0,163.15700000000001,0
7,6213,6967,3,0,210.15000000000001,0
7,6214,6975,3,0,189.16200000000001,0
7,6215,6983,3,0,173.18899999999999,0
7,6216,6991,3,0,188.13999999999999,0
7,6217,6999,3,0,125.85599999999999,0
7,6218,7007,3,0,197.93100000000001,0
7,6219,7015,3,0,148.078,0
7,6220,7023,3,0,160.46100000000001,0
7,6221,7031,3,0,185.52000000000001,0
7,6222,7039,3,0,192.672,0
7,6223,7047,3,0,166.70500000000001,0
7,6224,7055,3,0,162.81700000000001,0
7,6225,7063,3,0,180.80500000000001,0
7,6226,7071,3,0,187.93799999999999,0
7,6227,7079,3,0,179.71299999999999,0
7,6228,7087,3,0,150.12799999999999,0
7,6229,7095,3,0,177.785,0
7,6230,7103,3,0,182.48599999999999,0
7,6231,7111,3,0,162.40000000000001,0
7,6232,7119,3,0,187.84299999999999,0
7,6233,7127,3,0,185.012,0
7,6234,7135,3,0,178.89099999999999,0
7,6235,7143,3,0,166.09899999999999,0
7,6236,7151,3,0,179.084,0
7,6237,7159,3,0,176.239,0
7,6238,7167,3,0,149.22800000000001,0
7,6239,7175,3,0,176.46299999999999,0
7,6240,7183,3,0,186.26300000000001,0
7,6241,7191,3,0,172.739,0
7,6242,7199,3,0,193.93299999999999,0
7,6243,7207,3,0,188.54400000000001,0
7,6244,7215,3,0,166.47800000000001,0
7,6245,7223,3,0,187.72900000000001,0
7,6246,7231,3,0,148.01400000000001,0
7,6247,7239,3,0,157.274,0
7,6248,7247,3,0,198.76300000000001,0
7,6249,7255,3,0,182.86000000000001,0
7,6250,7263,3,0,179.93799999999999,0
7,6251,7271,3,0,189.20099999999999,0
7,6252,7279,3,0,181.328,0
7,6253,7287,3,0,159.286,0
7,6254,7295,3,0,191.35400000000001,0
7,6255,7303,3,0,168.94900000000001,0
7,6256,7311,3,0,178.36500000000001,0
7,6257,7319,3,0,201.239,0
7,6258,7327,3,0,198.84700000000001,0
7,6259,7335,3,0,194.83000000000001,0
7,6260,7343,3,0,231.08500000000001,0
7,6261,7351,3,0,174.24299999999999,0
7,6262,7359,3,0,164.16499999999999,0
7,6263,7367,3,0,129.09200000000001,0
7,6264,7375,3,0,185.53800000000001,0
7,6265,7383,3,0,170.61799999999999,0
7,6266,7391,3,0,194.11699999999999,0
7,6267,7399,3,0,165.542,0
7,6268,7407,3,0,182.929,0
7,6269,7415,3,0,195.20099999999999,0
7,6270,7423,3,0,171.12100000000001,0
7,6271,7431,3,0,146.49199999999999,0
7,6272,7439,3,0,147.32400000000001,0
7,6273,7447,3,0,171.81700000000001,0
7,6274,7455,3,0,188.202,0
7,6275,7463,3,0,171.959,0
7,6276,7471,3,0,174.61600000000001,0
7,6277,7479,3,0,176.267,0
7,6278,7487,3,0,205.58199999999999,0
7,6279,7495,3,0,179.23599999999999,0
7,6280,7503,3,0,178.57900000000001,0
7,6281,7511,3,0,188.374,0
7,6282,7519,3,0,198.249,0
7,6283,7527,3,0,174.58000000000001,0
7,6284,7535,3,0,138.441,0
7,6285,7543,3,0,174.64099999999999,0
7,6286,7551,3,0,194.63,0
7,6287,7559,3,0,159.733,0
7,6288,7567,3,0,137.488,0
7,6289,7575,3,0,173.64599999999999,0
7,6290,7583,3,0,168.09100000000001,0
7,6291,7591,3,0,220.31299999999999,0
7,6292,7599,3,0,177.81700000000001,0
7,6293,7607,3,0,207.74799999999999,0
7,6294,7615,3,0,233.298,0
7,6295,7623,3,0,189.34399999999999,0
7,6296,7631,3,0,161.75,0
7,6297,7639,3,0,173.44900000000001,0
7,6298,7647,3,0,200.65000000000001,0
7,6299,7655,3,0,173.11099999999999,0
7,6300,7663,3,0,170.52000000000001,0
7,6301,7671,3,0,161.959,0
7,6302,7679,3,0,187.30600000000001,0
7,6303,7687,3,0,165.91,0
7,6304,7695,3,0,194.334,0
7,6305,7703,3,0,186.09299999999999,0
7,6306,7711,3,0,180.65700000000001,0
7,6307,7719,3,0,195.739,0
7,6308,7727,3,0,138.04300000000001,0
7,6309,7735,3,0,163.602,0
7,6310,7743,3,0,175.30199999999999,0
7,6311,7751,3,0,157.99100000000001,0
7,6312,7759,3,0,188.91800000000001,0
7,6313,7767,3,0,191.77500000000001,0
7,6314,7775,3,0,201.90799999999999,0
7,6315,7783,3,0,181.33000000000001,0
7,6316,7791,3,0,187.93199999999999,0
7,6317,7799,3,0,157.953,0
7,6318,7807,3,0,189.17099999999999,0
7,6319,7815,3,0,186.72900000000001,0
7,6320,7823,3,0,160.602,0
7,6321,7831,3,0,133.17400000000001,0
7,6322,7839,3,0,164.238,0
7,6323,7847,3,0,182.18799999999999,0
7,6324,7855,3,0,155.56200000000001,0
7,6325,7863,3,0,185.065,0
7,6326,7871,3,0,196.149,0
7,6327,7879,3,0,219.489,0
7,6328,7887,3,0,152.87,0
7,6329,7895,3,0,185.04900000000001,0
7,6330,7903,3,0,163.60599999999999,0
7,6331,7911,3,0,149.66300000000001,0
7,6332,7919,3,0,194.27699999999999,0
7,6333,7927,3,0,205.91,0
7,6334,7935,3,0,174.03399999999999,0
7,6335,7943,3,0,174.351,0
7,6336,7951,3,0,165.93199999999999,0
7,6337,7959,3,0,192.065,0
7,6338,7967,3,0,173.691,0
7,6339,7975,3,0,197.011,0
7,6340,7983,3,0,189.27199999999999,0
7,6341,7991,3,0,204.827,0
7,6342,7999,3,0,169.221,0
7,6343,8007,3,0,157.75800000000001,0
7,6344,8015,3,0,201.49100000000001,0
7,6345,8023,3,0,210.804,0
7,6346,8031,3,0,165.57499999999999,0
7,6347,8039,3,0,200.22900000000001,0
7,6348,8047,3,0,173.167,0
7,6349,8055,3,0,200.72999999999999,0
7,6350,8063,3,0,199.48599999999999,0
7,6351,8071,3,0,183.511,0
7,6352,8079,3,0,202.346,0
7,6353,8087,3,0,190.374,0
7,6354,8095,3,0,157.07499999999999,0
7,6355,8103,3,0,164.553,0
7,6356,8111,3,0,202.95500000000001,0
7,6357,8119,3,0,146.072,0
7,6358,8127,3,0,189.97200000000001,0
7,6359,8135,3,0,181.88399999999999,0
7,6360,8143,3,0,192.43000000000001,0
7,6361,8151,3,0,128.70400000000001,0
7,6362,8159,3,0,190.39599999999999,0
7,6363,8167,3,0,151.65199999999999,0
7,6364,8175,3,0,171.244,0
7,6365,8183,3,0,178.58000000000001,0
7,6366,8191,3,0,161.72800000000001,0
7,6367,8199,3,0,166.74299999999999,0
7,6368,8207,3,0,175.30600000000001,0
7,6369,8215,3,0,200.44200000000001,0
7,6370,8223,3,0,162.786,0
7,6371,8231,3,0,181.547,0
7,6372,8239,3,0,182.31399999999999,0
7,6373,8247,3,0,189.06,0
7,6374,8255,3,0,178.142,0
7,6375,8263,3,0,182.25800000000001,0
7,6376,8271,3,0,184.304,0
7,6377,8279,3,0,172.69200000000001,0
7,6378,8287,3,0,184.06299999999999,0
7,6379,8295,3,0,165.27199999999999,0
7,6380,8303,3,0,183.88800000000001,0
7,6381,8311,3,0,158.92099999999999,0
7,6382,8319,3,0,175.86500000000001,0
7,6383,8327,3,0,155.535,0
7,6384,8335,3,0,162.81,0
7,6385,8343,3,0,183.90600000000001,0
7,6386,8351,3,0,190.62200000000001,0
7,6387,8359,3,0,154.71899999999999,0
7,6388,8367,3,0,162.12,0
7,6389,8375,3,0,166.51599999999999,0
7,6390,8383,3,0,170.80000000000001,0
7,6391,8391,3,0,170.27199999999999,0
7,6392,8399,3,0,212.91499999999999,0
7,6393,8407,3,0,182.76599999999999,0
7,6394,8415,3,0,153.149,0
7,6395,8423,3,0,188.828,0
7,6396,8431,3,0,140.786,0
7,6397,8439,3,0,194.018,0
7,6398,8447,3,0,184.78999999999999,0
7,6399,8455,3,0,200.995,0
7,6400,8463,3,0,178.56800000000001,0
7,6401,8471,3,0,173.41499999999999,0
7,6402,8479,3,0,165.62,0
7,6403,8487,3,0,173.03299999999999,0
7,6404,8495,3,0,189.05600000000001,0
7,6405,8503,3,0,193.965,0
7,6406,8511,3,0,126.81100000000001,0
7,6407,8519,3,0,148.99100000000001,0
7,6408,8527,3,0,176.28100000000001,0
7,6409,8535,3,0,160.43000000000001,0
7,6410,8543,3,0,164.43199999999999,0
7,6411,8551,3,0,161.15899999999999,0
7,6412,8559,3,0,176.58799999999999,0
7,6413,8567,3,0,200.101,0
7,6414,8575,3,0,191.315,0
7,6415,8583,3,0,195.655,0
7,6416,8591,3,0,149.048,0
7,6417,8599,3,0,192.792,0
7,6418,8607,3,0,164.33699999999999,0
7,6419,8615,3,0,135.774,0
7,6420,8623,3,0,181.374,0
7,6421,8631,3,0,159.869,0
7,6422,8639,3,0,181.76499999999999,0
7,6423,8647,3,0,190.62,0
7,6424,8655,3,0,148.267,0
7,6425,8663,3,0,199.55699999999999,0
7,6426,8671,3,0,195.02199999999999,0
7,6427,8679,3,0,178.256,0
7,6428,8687,3,0,179.85599999999999,0
7,6429,8695,3,0,140.74000000000001,0
7,6430,8703,3,0,197.17400000000001,0
7,6431,8711,3,0,164.898,0
7,6432,8719,3,0,189.48099999999999,0
7,6433,8727,3,0,110.605,0
7,6434,8735,3,0,188.18600000000001,0
7,6435,8743,3,0,167.38499999999999,0
7,6436,8751,3,0,162.84100000000001,0
7,6437,8759,3,0,170.096,0
7,6438,8767,3,0,188.54300000000001,0
7,6439,8775,3,0,191.06299999999999,0
7,6440,8783,3,0,197.86199999999999,0
7,6441,8791,3,0,189.78899999999999,0
7,6442,8799,3,0,158.96199999999999,0
7,6443,8807,3,0,150.12,0
7,6444,8815,3,0,170.89400000000001,0
7,6445,8823,3,0,168.41300000000001,0
7,6446,8831,3,0,195.07900000000001,0
7,6447,8839,3,0,188.685,0
7,6448,8847,3,0,182.34299999999999,0
7,6449,8855,3,0,133.601,0
7,6450,8863,3,0,170.983,0
7,6451,8871,3,0,190.00700000000001,0
7,6452,8879,3,0,193.029,0
7,6453,8887,3,0,177.63999999999999,0
7,6454,8895,3,0,188.41300000000001,0
7,6455,8903,3,0,182.49799999999999,0
7,6456,8911,3,0,160.28800000000001,0
7,6457,8919,3,0,163.619,0
7,6458,8927,3,0,184.446,0
7,6459,8935,3,0,163.49199999999999,0
7,6460,8943,3,0,198.34899999999999,0
7,6461,8951,3,0,167.298,0
7,6462,8959,3,0,178.876,0
7,6463,8967,3,0,189.304,0
7,6464,8975,3,0,169.809,0
7,6465,8983,3,0,178.22499999999999,0
7,6466,8991,3,0,200.81899999999999,0
7,6467,8999,3,0,196.08000000000001,0
7,6468,9007,3,0,207.98599999999999,0
7,6469,9015,3,0,176.86600000000001,0
7,6470,9023,3,0,165.66800000000001,0
7,6471,9031,3,0,161.048,0
7,6472,9039,3,0,184.77500000000001,0
7,6473,9047,3,0,157.369,0
7,6474,9055,3,0,192.16300000000001,0
7,6475,9063,3,0,186.34200000000001,0
7,6476,9071,3,0,175.477,0
7,6477,9079,3,0,155.69999999999999,0
7,6478,9087,3,0,173.90799999999999,0
7,6479,9095,3,0,132.53,0
7,6480,9103,3,0,181.01499999999999,0
7,6481,9111,3,0,199.91399999999999,0
7,6482,9119,3,0,126.79900000000001,0
7,6483,9127,3,0,164.99000000000001,0
7,6484,9135,3,0,189.68600000000001,0
7,6485,9143,3,0,196.756,0
7,6486,9151,3,0,151.72499999999999,0
7,6487,9159,3,0,160.839,0
7,6488,9167,3,0,154.67400000000001,0
7,6489,9175,3,0,174.084,0
7,6490,9183,3,0,200.84700000000001,0
7,6491,9191,3,0,166.24100000000001,0
7,6492,9199,3,0,165.40000000000001,0
7,6493,9207,3,0,182.678,0
7,6494,9215,3,0,161.86000000000001,0
7,6495,9223,3,0,184.077,0
7,6496,9231,3,0,155.626,0
7,6497,9239,3,0,182.59800000000001,0
7,6498,9247,3,0,181.70099999999999,0
7,6499,9255,3,0,185.48500000000001,0
7,6500,9263,3,0,130.60599999999999,0
7,6501,9271,3,0,179.63499999999999,0
7,6502,9279,3,0,172.428,0
7,6503,9287,3,0,153.68100000000001,0
7,6504,9295,3,0,189.738,0
7,6505,9303,3,0,181.774,0
7,6506,9311,3,0,130.85599999999999,0
7,6507,9319,3,0,187.964,0
7,6508,9327,3,0,180.99199999999999,0
7,6509,9335,3,0,184.34100000000001,0
7,6510,9343,3,0,178.697,0
7,6511,9351,3,0,191.40100000000001,0
7,6512,9359,3,0,145.88999999999999,0
7,6513,9367,3,0,164.48500000000001,0
7,6514,9375,3,0,234.84100000000001,0
7,6515,9383,3,0,182.43000000000001,0
7,6516,9391,3,0,146.77799999999999,0
7,6517,9399,3,0,161.422,0
7,6518,9407,3,0,143.72800000000001,0
7,6519,9415,3,0,203.30000000000001,0
7,6520,9423,3,0,185.93199999999999,0
7,6521,9431,3,0,163.67099999999999,0
7,6522,9439,3,0,151.40100000000001,0
7,6523,9447,3,0,172.72999999999999,0
7,6524,9455,3,0,189.19900000000001,0
7,6525,9463,3,0,175.309,0
7,6526,9471,3,0,177.10900000000001,0
7,6527,9479,3,0,222.541,0
7,6528,9487,3,0,170.953,0
7,6529,9495,3,0,166.643,0
7,6530,9503,3,0,153.523,0
7,6531,9511,3,0,162.18700000000001,0
7,6532,9519,3,0,154.40700000000001,0
7,6533,9527,3,0,160.87700000000001,0
7,6534,9535,3,0,178.119,0
7,6535,9543,3,0,160.61199999999999,0
7,6536,9551,3,0,154.679,0
7,6537,9559,3,0,178.285,0
7,6538,9567,3,0,211.68700000000001,0
7,6539,9575,3,0,198.34999999999999,0
7,6540,9583,3,0,183.61699999999999,0
7,6541,9591,3,0,173.67099999999999,0
7,6542,9599,3,0,176.19200000000001,0
7,6543,9607,3,0,190.57599999999999,0
7,6544,9615,3,0,174.41200000000001,0
7,6545,9623,3,0,142.464,0
7,6546,9631,3,0,162.435,0
7,6547,9639,3,0,191.113,0
7,6548,9647,3,0,124.157,0
7,6549,9655,3,0,183.71199999999999,0
7,6550,9663,3,0,176.66800000000001,0
7,6551,9671,3,0,181.62700000000001,0
7,6552,9679,3,0,163.566,0
7,6553,9687,3,0,201.78,0
7,6554,9695,3,0,184.66,0
7,6555,9703,3,0,163.518,0
7,6556,9711,3,0,192.511,0
7,6557,9719,3,0,182.55000000000001,0
7,6558,9727,3,0,157.047,0
7,6559,9735,3,0,183.91200000000001,0
7,6560,9743,3,0,163.75399999999999,0
7,6561,9751,3,0,179.30199999999999,0
7,6562,9759,3,0,180.023,0
7,6563,9767,3,0,136.00399999999999,0
7,6564,9775,3,0,170.316,0
7,6565,9783,3,0,196.56399999999999,0
7,6566,9791,3,0,150.172,0
7,6567,9799,3,0,170.79599999999999,0
7,6568,9807,3,0,184.197,0
7,6569,9815,3,0,183.749,0
7,6570,9823,3,0,197.94300000000001,0
7,6571,9831,3,0,191.994,0
7,6572,9839,3,0,153.66399999999999,0
7,6573,9847,3,0,183.53399999999999,0
7,6574,9855,3,0,182.82599999999999,0
7,6575,9863,3,0,165.82599999999999,0
7,6576,9871,3,0,149.011,0
7,6577,9879,3,0,188.00800000000001,0
7,6578,9887,3,0,172.501,0
7,6579,9895,3,0,151.005,0
7,6580,9903,3,0,166.62299999999999,0
7,6581,9911,3,0,162.768,0
7,6582,9919,3,0,170.40199999999999,0
7,6583,9927,3,0,155.89599999999999,0
7,6584,9935,3,0,187.977,0
7,6585,9943,3,0,197.339,0
7,6586,9951,3,0,158.37899999999999,0
7,6587,9959,3,0,196.00299999999999,0
7,6588,9967,3,0,173.965,0
7,6589,9975,3,0,146.38999999999999,0
7,6590,9983,3,0,141.07300000000001,0
7,6591,9991,3,0,189.43700000000001,0
7,6592,9999,3,0,210.77600000000001,0
7,6593,10007,3,0,159.773,0
7,6594,10015,3,0,156.95400000000001,0
7,6595,10023,3,0,179.27199999999999,0
7,6596,10031,3,0,185.44499999999999,0
7,6597,10039,3,0,176.601,0
7,6598,10047,3,0,192.34899999999999,0
7,6599,10055,3,0,177.71199999999999,0
7,6600,10063,3,0,160.05199999999999,0
7,6601,10071,3,0,172.69399999999999,0
7,6602,10079,3,0,198.39599999999999,0
7,6603,10087,3,0,188.85400000000001,0
7,6604,10095,3,0,138.43199999999999,0
7,6605,10103,3,0,157.358,0
7,6606,10111,3,0,204.28399999999999,0
7,6607,10119,3,0,173.529,0
7,6608,10127,3,0,199.78,0
7,6609,10135,3,0,177.97,0
7,6610,10143,3,0,135.30099999999999,0
7,6611,10151,3,0,189.048,0
7,6612,10159,3,0,216.239,0
7,6613,10167,3,0,174.41499999999999,0
7,6614,10175,3,0,163.78700000000001,0
7,6615,10183,3,0,129.66900000000001,0
7,6616,10191,3,0,185.15199999999999,0
7,6617,10199,3,0,197.721,0
7,6618,10207,3,0,170.02500000000001,0
7,6619,10215,3,0,189.27600000000001,0
7,6620,10223,3,0,172.126,0
7,6621,10231,3,0,172.91200000000001,0
7,6622,10239,3,0,156.87299999999999,0
7,6623,10247,3,0,188.566,0
7,6624,10255,3,0,205.08099999999999,0
7,6625,10263,3,0,191.25399999999999,0
7,6626,10271,3,0,191.68000000000001,0
7,6627,10279,3,0,173.79499999999999,0
7,6628,10287,3,0,166.12,0
7,6629,10295,3,0,206.67500000000001,0
7,6630,10303,3,0,168.911,0
7,6631,10311,3,0,194.48699999999999,0
7,6632,10319,3,0,182.774,0
7,6633,10327,3,0,188.654,0
7,6634,10335,3,0,182.524,0
7,6635,10343,3,0,170.886,0
7,6636,10351,3,0,190.142,0
7,6637,10359,3,0,147.62200000000001,0
7,6638,10367,3,0,189.47999999999999,0
7,6639,10375,3,0,178.97,0
7,6640,10383,3,0,155.005,0
7,6641,10391,3,0,136.197,0
7,6642,10399,3,0,139.99299999999999,0
7,6643,10407,3,0,155.36699999999999,0
7,6644,10415,3,0,136.81700000000001,0
7,6645,10423,3,0,193.22999999999999,0
7,6646,10431,3,0,174.785,0
7,6647,10439,3,0,162.547,0
7,6648,10447,3,0,160.607,0
7,6649,10455,3,0,145.43199999999999,0
7,6650,10463,3,0,181.93700000000001,0
7,6651,10471,3,0,166.81200000000001,0
7,6652,10479,3,0,180.273,0
7,6653,10487,3,0,181.358,0
7,6654,10495,3,0,165.46899999999999,0
7,6655,10503,3,0,177.059,0
7,6656,10511,3,0,211.54300000000001,0
7,6657,10519,3,0,182.80600000000001,0
7,6658,10527,3,0,179.38,0
7,6659,10535,3,0,188.17599999999999,0
7,6660,10543,3,0,191.28700000000001,0
7,6661,10551,3,0,183.57499999999999,0
7,6662,10559,3,0,185.40700000000001,0
7,6663,10567,3,0,180.297,0
7,6664,10575,3,0,176.06800000000001,0
7,6665,10583,3,0,208.95099999999999,0
7,6666,10591,3,0,173.80099999999999,0
7,6667,10599,3,0,178.04900000000001,0
7,6668,10607,3,0,192.828,0
7,6669,10615,3,0,152.92599999999999,0
7,6670,10623,3,0,202.93199999999999,0
7,6671,10631,3,0,154.94200000000001,0
7,6672,10639,3,0,196.011,0
7,6673,10647,3,0,173.10499999999999,0
7,6674,10655,3,0,197.28,0
7,6675,10663,3,0,191.83699999999999,0
7,6676,10671,3,0,115.65900000000001,0
7,6677,10679,3,0,176.65700000000001,0
7,6678,10687,3,0,187.25800000000001,0
7,6679,10695,3,0,167.75399999999999,0
7,6680,10703,3,0,181.95699999999999,0
7,6681,10711,3,0,174.19499999999999,0
7,6682,10719,3,0,193.58500000000001,0
7,6683,10727,3,0,185.08099999999999,0
7,6684,10735,3,0,171.58600000000001,0
7,6685,10743,3,0,160.42099999999999,0
7,6686,10751,3,0,184.23599999999999,0
7,6687,10759,3,0,175.59700000000001,0
7,6688,10767,3,0,190.655,0
7,6689,10775,3,0,181.655,0
7,6690,10783,3,0,173.71799999999999,0
7,6691,10791,3,0,173.24100000000001,0
7,6692,10799,3,0,185.91900000000001,0
7,6693,10807,3,0,133.768,0
7,6694,10815,3,0,166.71299999999999,0
7,6695,10823,3,0,178.11000000000001,0
7,6696,10831,3,0,179.41999999999999,0
7,6697,10839,3,0,121.703,0
7,6698,10847,3,0,200.273,0
7,6699,10855,3,0,142.37100000000001,0
7,6700,10863,3,0,195.74299999999999,0
7,6701,10871,3,0,139.858,0
7,6702,10879,3,0,183.46700000000001,0
7,6703,10887,3,0,183.465,0
7,6704,10895,3,0,185.90100000000001,0
7,6705,10903,3,0,142.566,0
7,6706,10911,3,0,184.68600000000001,0
7,6707,10919,3,0,181.63900000000001,0
7,6708,10927,3,0,192.21899999999999,0
7,6709,10935,3,0,175.411,0
7,6710,10943,3,0,149.06200000000001,0
7,6711,10951,3,0,171.14599999999999,0
7,6712,10959,3,0,180.48599999999999,0
7,6713,10967,3,0,145.97499999999999,0
7,6714,10975,3,0,126.242,0
7,6715,10983,3,0,200.36799999999999,0
7,6716,10991,3,0,146.655,0
7,6717,10999,3,0,170.80500000000001,0
7,6718,11007,3,0,165.95699999999999,0
7,6719,11015,3,0,196.673,0
7,6720,11023,3,0,186.76599999999999,0
7,6721,11031,3,0,190.88399999999999,0
7,6722,11039,3,0,179.94399999999999,0
7,6723,11047,3,0,220.72200000000001,0
7,6724,11055,3,0,185.30799999999999,0
7,6725,11063,3,0,150.203,0
7,6726,11071,3,0,174.84,0
7,6727,11079,3,0,188.51599999999999,0
7,6728,11087,3,0,169.72499999999999,0
7,6729,11095,3,0,165.381,0
7,6730,11103,3,0,168.05099999999999,0
7,6731,11111,3,0,180.19300000000001,0
7,6732,11119,3,0,158.24000000000001,0
7,6733,11127,3,0,170.274,0
7,6734,11135,3,0,137.95500000000001,0
7,6735,11143,3,0,136.77699999999999,0
7,6736,11151,3,0,196.90799999999999,0
7,6737,11159,3,0,180.31899999999999,0
7,6738,11167,3,0,183.203,0
7,6739,11175,3,0,168.38999999999999,0
7,6740,11183,3,0,188.584,0
7,6741,11191,3,0,147.38,0
7,6742,11199,3,0,170.25700000000001,0
7,6743,11207,3,0,172.06899999999999,0
7,6744,11215,3,0,187.37700000000001,0
7,6745,11223,3,0,179.173,0
7,6746,11231,3,0,144.89400000000001,0
7,6747,11239,3,0,177.71000000000001,0
7,6748,11247,3,0,183.19200000000001,0
7,6749,11255,3,0,158.892,0
7,6750,11263,3,0,180.91900000000001,0
7,6751,11271,3,0,186.90199999999999,0
7,6752,11279,3,0,159.66499999999999,0
7,6753,11287,3,0,148.10900000000001,0
7,6754,11295,3,0,187.39500000000001,0
7,6755,11303,3,0,180.93899999999999,0
7,6756,11311,3,0,210.655,0
7,6757,11319,3,0,141.38900000000001,0
7,6758,11327,3,0,173.417,0
7,6759,11335,3,0,151.488,0
7,6760,11343,3,0,167.49700000000001,0
7,6761,11351,3,0,165.637,0
7,6762,11359,3,0,182.79599999999999,0
7,6763,11367,3,0,180.542,0
7,6764,11375,3,0,172.792,0
7,6765,11383,3,0,157.52500000000001,0
7,6766,11391,3,0,137.67699999999999,0
7,6767,11399,3,0,166.81700000000001,0
7,6768,11407,3,0,206.779,0
7,6769,11415,3,0,198.697,0
7,6770,11423,3,0,181.74799999999999,0
7,6771,11431,3,0,143.40000000000001,0
7,6772,11439,3,0,147.82300000000001,0
7,6773,11447,3,0,188.90199999999999,0
7,6774,11455,3,0,146.90299999999999,0
7,6775,11463,3,0,178.82400000000001,0
7,6776,11471,3,0,174.61799999999999,0
7,6777,11479,3,0,130.928,0
7,6778,11487,3,0,201.03299999999999,0
7,6779,11495,3,0,115.98,0
7,6780,11503,3,0,192.80799999999999,0
7,6781,11511,3,0,180.52799999999999,0
7,6782,11519,3,0,188.12100000000001,0
7,6783,11527,3,0,146.596,0
7,6784,11535,3,0,140.43899999999999,0
7,6785,11543,3,0,130.959,0
7,6786,11551,3,0,143.68199999999999,0
7,6787,11559,3,0,160.048,0
7,6788,11567,3,0,191.08500000000001,0
7,6789,11575,3,0,174.381,0
7,6790,11583,3,0,177.84800000000001,0
7,6791,11591,3,0,149.495,0
7,6792,11599,3,0,155.30000000000001,0
7,6793,11607,3,0,165.74600000000001,0
7,6794,11615,3,0,175.52500000000001,0
7,6795,11623,3,0,171.261,0
7,6796,11631,3,0,193.93700000000001,0
7,6797,11639,3,0,189.655,0
7,6798,11647,3,0,171.84399999999999,0
7,6799,11655,3,0,174.572,0
7,6800,11663,3,0,176.971,0
7,6801,11671,3,0,202.62299999999999,0
7,6802,11679,3,0,195.137,0
7,6803,11687,3,0,174.00299999999999,0
7,6804,11695,3,0,181.87100000000001,0
7,6805,11703,3,0,149.00299999999999,0
7,6806,11711,3,0,170.80000000000001,0
7,6807,11719,3,0,146.91499999999999,0
7,6808,11727,3,0,164.91200000000001,0
7,6809,11735,3,0,173.62100000000001,0
7,6810,11743,3,0,177.05699999999999,0
7,6811,11751,3,0,191.84800000000001,0
7,6812,11759,3,0,169.43600000000001,0
7,6813,11767,3,0,186.68700000000001,0
7,6814,11775,3,0,199.92099999999999,0
7,6815,11783,3,0,165.304,0
7,6816,11791,3,0,166.148,0
7,6817,11799,3,0,192.51499999999999,0
7,6818,11807,3,0,147.613,0
7,6819,11815,3,0,176.90199999999999,0
7,6820,11823,3,0,182.94999999999999,0
7,6821,11831,3,0,191.482,0
7,6822,11839,3,0,186.63399999999999,0
7,6823,11847,3,0,186.38300000000001,0
7,6824,11855,3,0,171.68600000000001,0
7,6825,11863,3,0,156.58099999999999,0
7,6826,11871,3,0,185.02199999999999,0
7,6827,11879,3,0,174.78800000000001,0
7,6828,11887,3,0,143.63499999999999,0
7,6829,11895,3,0,198.697,0
7,6830,11903,3,0,186.29900000000001,0
7,6831,11911,3,0,159.25800000000001,0
7,6832,11919,3,0,153.25399999999999,0
7,6833,11927,3,0,189.94300000000001,0
7,6834,11935,3,0,180.435,0
7,6835,11943,3,0,179.76900000000001,0
7,6836,11951,3,0,172.42099999999999,0
7,6837,11959,3,0,164.279,0
7,6838,11967,3,0,183.56899999999999,0
7,6839,11975,3,0,201.03800000000001,0
7,6840,11983,3,0,137.36699999999999,0
7,6841,11991,3,0,147.375,0
7,6842,11999,3,0,172.232,0
7,6843,12007,3,0,178.411,0
7,6844,12015,3,0,176.33600000000001,0
7,6845,12023,3,0,166.309,0
7,6846,12031,3,0,154.249,0
7,6847,12039,3,0,181.893,0
7,6848,12047,3,0,191.26599999999999,0
7,6849,12055,3,0,178.27199999999999,0
7,6850,12063,3,0,161.84399999999999,0
7,6851,12071,3,0,197.47499999999999,0
7,6852,12079,3,0,175.84800000000001,0
7,6853,12087,3,0,215.97999999999999,0
7,6854,12095,3,0,197.01499999999999,0
7,6855,12103,3,0,126.64400000000001,0
7,6856,12111,3,0,187.04900000000001,0
7,6857,12119,3,0,185.59800000000001,0
7,6858,12127,3,0,173.73599999999999,0
7,6859,12135,3,0,136.37899999999999,0
7,6860,12143,3,0,188.286,0
7,6861,12151,3,0,176.887,0
7,6862,12159,3,0,195.56299999999999,0
7,6863,12167,3,0,190.78,0
7,6864,12175,3,0,182.267,0
7,6865,12183,3,0,180.38800000000001,0
7,6866,12191,3,0,195.33799999999999,0
7,6867,12199,3,0,180.78700000000001,0
7,6868,12207,3,0,178.81299999999999,0
7,6869,12215,3,0,188.25,0
7,6870,12223,3,0,152.34,0
7,6871,12231,3,0,154.292,0
7,6872,12239,3,0,144.84899999999999,0
7,6873,12247,3,0,179.965,0
7,6874,12255,3,0,203.56100000000001,0
7,6875,12263,3,0,188.035,0
7,6876,12271,3,0,159.97900000000001,0
7,6877,12279,3,0,200.666,0
7,6878,12287,3,0,165.00299999999999,0
7,6879,12295,3,0,155.976,0
7,6880,12303,3,0,187.12,0
7,6881,12311,3,0,172.749,0
7,6882,12319,3,0,178.37700000000001,0
7,6883,12327,3,0,191.58099999999999,0
7,6884,12335,3,0,172.101,0
7,6885,12343,3,0,179.02000000000001,0
7,6886,12351,3,0,181.90600000000001,0
7,6887,12359,3,0,185.90799999999999,0
7,6888,12367,3,0,181.77799999999999,0
7,6889,12375,3,0,191.029,0
7,6890,12383,3,0,175.595,0
7,6891,12391,3,0,162.66999999999999,0
7,6892,12399,3,0,138.46299999999999,0
7,6893,12407,3,0,209.87200000000001,0
7,6894,12415,3,0,184.88900000000001,0
7,6895,12423,3,0,169.91499999999999,0
7,6896,12431,3,0,179.55600000000001,0
7,6897,12439,3,0,177.78399999999999,0
7,6898,12447,3,0,133.536,0
7,6899,12455,3,0,177.89099999999999,0
7,6900,12463,3,0,179.40799999999999,0
7,6901,12471,3,0,176.36799999999999,0
7,6902,12479,3,0,171.98500000000001,0
7,6903,12487,3,0,191.762,0
7,6904,12495,3,0,184.41200000000001,0
7,6905,12503,3,0,149.102,0
7,6906,12511,3,0,162.63900000000001,0
7,6907,12519,3,0,175.745,0
7,6908,12527,3,0,191.298,0
7,6909,12535,3,0,198.53200000000001,0
7,6910,12543,3,0,201.02199999999999,0
7,6911,12551,3,0,149.84899999999999,0
7,6912,12559,3,0,122.848,0
7,6913,12567,3,0,172.27500000000001,0
7,6914,12575,3,0,176.71700000000001,0
7,6915,12583,3,0,187.31899999999999,0
7,6916,12591,3,0,192.27699999999999,0
7,6917,12599,3,0,164.86099999999999,0
7,6918,12607,3,0,187.15100000000001,0
7,6919,12615,3,0,144.46700000000001,0
7,6920,12623,3,0,194.809,0
7,6921,12631,3,0,165.67400000000001,0
7,6922,12639,3,0,184.56899999999999,0
7,6923,12647,3,0,165.86199999999999,0
7,6924,12655,3,0,133.876,0
7,6925,12663,3,0,193.20500000000001,0
7,6926,12671,3,0,195.27199999999999,0
7,6927,12679,3,0,199.31700000000001,0
7,6928,12687,3,0,193.048,0
7,6929,12695,3,0,184.90000000000001,0
7,6930,12703,3,0,192.80500000000001,0
7,6931,12711,3,0,179.84999999999999,0
7,6932,12719,3,0,166.48699999999999,0
7,6933,12727,3,0,145.136,0
7,6934,12735,3,0,178.68299999999999,0
7,6935,12743,3,0,192.12899999999999,0
7,6936,12751,3,0,141.26499999999999,0
7,6937,12759,3,0,165.31399999999999,0
7,6938,12767,3,0,220.90100000000001,0
7,6939,12775,3,0,183.82499999999999,0
7,6940,12783,3,0,174.91,0
7,6941,12791,3,0,156.28999999999999,0
7,6942,12799,3,0,195.58600000000001,0
7,6943,12807,3,0,182.303,0
7,6944,12815,3,0,164.405,0
7,6945,12823,3,0,172.05799999999999,0
7,6946,12831,3,0,176.535,0
7,6947,12839,3,0,177.09200000000001,0
7,6948,12847,3,0,155.626,0
7,6949,12855,3,0,176.36000000000001,0
7,6950,12863,3,0,190.66300000000001,0
7,6951,12871,3,0,147.22900000000001,0
7,6952,12879,3,0,138.619,0
7,6953,12887,3,0,173.286,0
7,6954,12895,3,0,183.65299999999999,0
7,6955,12903,3,0,181.226,0
7,6956,12911,3,0,177.48099999999999,0
7,6957,12919,3,0,156.44200000000001,0
7,6958,12927,3,0,193.523,0
7,6959,12935,3,0,149.15199999999999,0
7,6960,12943,3,0,177.90100000000001,0
7,6961,12951,3,0,169.77000000000001,0
7,6962,12959,3,0,193.01900000000001,0
7,6963,12967,3,0,198.977,0
7,6964,12975,3,0,176.53200000000001,0
7,6965,12983,3,0,159.02600000000001,0
7,6966,12991,3,0,185.81700000000001,0
7,6967,12999,3,0,163.577,0
7,6968,13007,3,0,124.136,0
7,6969,13015,3,0,180.70400000000001,0
7,6970,13023,3,0,176.99600000000001,0
7,6971,13031,3,0,194.68700000000001,0
7,6972,13039,3,0,167.95400000000001,0
7,6973,13047,3,0,143.792,0
7,6974,13055,3,0,155.45500000000001,0
7,6975,13063,3,0,202.41900000000001,0
7,6976,13071,3,0,174.06,0
7,6977,13079,3,0,170.46299999999999,0
7,6978,13087,3,0,159.62100000000001,0
7,6979,13095,3,0,164.65000000000001,0
7,6980,13103,3,0,184.86799999999999,0
7,6981,13111,3,0,134.453,0
7,6982,13119,3,0,182.18100000000001,0
7,6983,13127,3,0,199.22,0
7,6984,13135,3,0,187.40600000000001,0
7,6985,13143,3,0,208.59399999999999,0
7,6986,13151,3,0,168.08600000000001,0
7,6987,13159,3,0,188.67500000000001,0
7,6988,13167,3,0,169.488,0
7,6989,13175,3,0,153.25200000000001,0
7,6990,13183,3,0,167.71299999999999,0
7,6991,13191,3,0,189.31,0
7,6992,13199,3,0,144.39699999999999,0
7,6993,13207,3,0,186.798,0
7,6994,13215,3,0,177.286,0
7,6995,13223,3,0,196.45699999999999,0
7,6996,13231,3,0,184.316,0
7,6997,13239,3,0,186.85599999999999,0
7,6998,13247,3,0,161.999,0
7,6999,13255,3,0,181.90799999999999,0
7,7000,13263,3,0,190.905,0
7,7001,13271,3,0,204.803,0
7,7002,13279,3,0,175.93600000000001,0
7,7003,13287,3,0,174.88999999999999,0
7,7004,13295,3,0,166.828,0
7,7005,13303,3,0,162.828,0
7,7006,13311,3,0,133.20699999999999,0
7,7007,13319,3,0,182.04900000000001,0
7,7008,13327,3,0,168.25800000000001,0
7,7009,13335,3,0,163.399,0
7,7010,13343,3,0,183.59100000000001,0
7,7011,13351,3,0,184.833,0
7,7012,13359,3,0,202.387,0
7,7013,13367,3,0,178.72900000000001,0
7,7014,13375,3,0,170.78899999999999,0
7,7015,13383,3,0,153.899,0
7,7016,13391,3,0,149.238,0
7,7017,13399,3,0,171.316,0
7,7018,13407,3,0,180.74199999999999,0
7,7019,13415,3,0,187.32400000000001,0
7,7020,13423,3,0,199.197,0
7,7021,13431,3,0,141.73699999999999,0
7,7022,13439,3,0,200.64400000000001,0
7,7023,13447,3,0,139.709,0
7,7024,13455,3,0,178.72499999999999,0
7,7025,13463,3,0,173.40600000000001,0
7,7026,13471,3,0,166.24000000000001,0
7,7027,13479,3,0,194.69300000000001,0
7,7028,13487,3,0,164.41300000000001,0
7,7029,13495,3,0,181.95500000000001,0
7,7030,13503,3,0,201.55199999999999,0
7,7031,13511,3,0,164.636,0
7,7032,13519,3,0,196.417,0
7,7033,13527,3,0,177.36500000000001,0
7,7034,13535,3,0,190.28700000000001,0
7,7035,13543,3,0,175.48400000000001,0
7,7036,13551,3,0,161.256,0
7,7037,13559,3,0,195.27500000000001,0
7,7038,13567,3,0,200.19499999999999,0
7,7039,13575,3,0,172.43600000000001,0
7,7040,13583,3,0,174.90600000000001,0
7,7041,13591,3,0,175.53299999999999,0
7,7042,13599,3,0,182.25,0
7,7043,13607,3,0,124.40900000000001,0
7,7044,13615,3,0,159.464,0
7,7045,13623,3,0,165.30500000000001,0
7,7046,13631,3,0,163.69499999999999,0
7,7047,13639,3,0,189.94399999999999,0
7,7048,13647,3,0,157.089,0
7,7049,13655,3,0,170.40199999999999,0
7,7050,13663,3,0,188.08099999999999,0
7,7051,13671,3,0,177.53100000000001,0
7,7052,13679,3,0,171.577,0
7,7053,13687,3,0,179.774,0
7,7054,13695,3,0,179.208,0
7,7055,13703,3,0,182.94200000000001,0
7,7056,13711,3,0,185.59100000000001,0
7,7057,13719,3,0,157.70699999999999,0
7,7058,13727,3,0,168.047,0
7,7059,13735,3,0,212.12100000000001,0
7,7060,13743,3,0,197.37899999999999,0
7,7061,13751,3,0,189.37100000000001,0
7,7062,13759,3,0,165.804,0
7,7063,13767,3,0,173.93700000000001,0
7,7064,13775,3,0,172.607,0
7,7065,13783,3,0,173.08099999999999,0
7,7066,13791,3,0,191.50399999999999,0
7,7067,13799,3,0,181.89099999999999,0
7,7068,13807,3,0,163.26900000000001,0
7,7069,13815,3,0,137.762,0
7,7070,13823,3,0,178.53399999999999,0
7,7071,13831,3,0,180.50800000000001,0
7,7072,13839,3,0,184.096,0
7,7073,13847,3,0,170.59800000000001,0
7,7074,13855,3,0,188.59800000000001,0
7,7075,13863,3,0,157.05699999999999,0
7,7076,13871,3,0,182.87,0
7,7077,13879,3,0,193.32599999999999,0
7,7078,13887,3,0,165.48500000000001,0
7,7079,13895,3,0,201.40000000000001,0
7,7080,13903,3,0,145.49199999999999,0
7,7081,13911,3,0,192.85499999999999,0
7,7082,13919,3,0,166.69800000000001,0
7,7083,13927,3,0,167.05600000000001,0
7,7084,13935,3,0,186.363,0
7,7085,13943,3,0,175.73500000000001,0
7,7086,13951,3,0,187.10900000000001,0
7,7087,13959,3,0,184.78299999999999,0
7,7088,13967,3,0,175.19200000000001,0
7,7089,13975,3,0,191.601,0
7,7090,13983,3,0,179.55199999999999,0
7,7091,13991,3,0,179.54900000000001,0
7,7092,13999,3,0,208.15600000000001,0
7,7093,14007,3,0,159.143,0
7,7094,14015,3,0,177.96199999999999,0
7,7095,14023,3,0,187.55199999999999,0
7,7096,14031,3,0,186.91800000000001,0
7,7097,14039,3,0,184.60499999999999,0
7,7098,14047,3,0,180.029,0
7,7099,14055,3,0,168.20599999999999,0
7,7100,14063,3,0,196.911,0
7,7101,14071,3,0,201.51599999999999,0
7,7102,14079,3,0,128.012,0
7,7103,14087,3,0,189.43600000000001,0
7,7104,14095,3,0,181.00700000000001,0
7,7105,14103,3,0,175.84100000000001,0
7,7106,14111,3,0,188.40700000000001,0
7,7107,14119,3,0,214.58600000000001,0
7,7108,14127,3,0,144.74299999999999,0
7,7109,14135,3,0,177.893,0
7,7110,14143,3,0,171.70400000000001,0
7,7111,14151,3,0,175.208,0
7,7112,14159,3,0,206.41200000000001,0
7,7113,14167,3,0,177.61000000000001,0
7,7114,14175,3,0,191.56100000000001,0
7,7115,14183,3,0,165.94499999999999,0
7,7116,14191,3,0,194.03299999999999,0
7,7117,14199,3,0,137.184,0
7,7118,14207,3,0,160.39400000000001,0
7,7119,14215,3,0,170.506,0
7,7120,14223,3,0,152.71199999999999,0
7,7121,14231,3,0,154.12700000000001,0
7,7122,14239,3,0,150.69,0
7,7123,14247,3,0,171.43600000000001,0
